0.010	9.381	-3.522
0.020	9.614	-3.351
0.030	9.793	-3.156
0.040	9.917	-2.965
0.050	9.986	-2.750
0.060	9.998	-2.550
0.070	9.954	-2.335
0.080	9.854	-2.110
0.090	9.698	-1.895
0.100	9.488	-1.671
0.110	9.225	-1.441
0.120	8.910	-1.212
0.130	8.545	-0.977
0.140	8.132	-0.738
0.150	7.673	-0.518
0.160	7.171	-0.308
0.170	6.628	-0.088
0.180	6.048	0.122
0.190	5.435	0.308
0.200	4.790	0.489
0.210	4.119	0.650
0.220	3.425	0.796
0.230	2.711	0.938
0.240	1.982	1.065
0.250	1.242	1.172
0.260	0.495	1.270
0.270	-0.254	1.329
0.280	-1.003	1.383
0.290	-1.745	1.407
0.300	-2.478	1.422
0.310	-3.197	1.422
0.320	-3.898	1.402
0.330	-4.577	1.368
0.340	-5.231	1.324
0.350	-5.855	1.255
0.360	-6.446	1.172
0.370	-7.000	1.070
0.380	-7.516	0.953
0.390	-7.989	0.826
0.400	-8.417	0.689
0.410	-8.798	0.532
0.420	-9.129	0.371
0.430	-9.410	0.191
0.440	-9.637	0.000
0.450	-9.810	-0.220
0.460	-9.928	-0.425
0.470	-9.990	-0.645
0.480	-9.996	-0.874
0.490	-9.945	-1.099
0.500	-9.839	-1.343
0.510	-9.678	-1.578
0.520	-9.462	-1.812
0.530	-9.192	-2.037
0.540	-8.872	-2.267
0.550	-8.501	-2.491
0.560	-8.082	-2.711
0.570	-7.618	-2.921
0.580	-7.112	-3.136
0.590	-6.565	-3.327
0.600	-5.981	-3.503
0.610	-5.364	-3.693
0.620	-4.716	-3.850
0.630	-4.042	-3.991
0.640	-3.346	-4.138
0.650	-2.630	-4.255
0.660	-1.900	-4.367
0.670	-1.159	-4.460
0.680	-0.411	-4.543
0.690	0.338	-4.587
0.700	1.086	-4.651
0.710	1.828	-4.670
0.720	2.560	-4.670
0.730	3.277	-4.665
0.740	3.975	-4.646
0.750	4.652	-4.592
0.760	5.302	-4.548
0.770	5.922	-4.489
0.780	6.510	-4.416
0.790	7.060	-4.333
0.800	7.571	-4.226
0.810	8.039	-4.099
0.820	8.462	-3.967
0.830	8.838	-3.835
0.840	9.163	-3.674
0.850	9.438	-3.498
0.860	9.659	-3.322
0.870	9.826	-3.141
0.880	9.937	-2.926
0.890	9.993	-2.726
0.900	9.993	-2.516
0.910	9.936	-2.311
0.920	9.824	-2.076
0.930	9.656	-1.856
0.940	9.434	-1.632
0.950	9.159	-1.407
0.960	8.833	-1.172
0.970	8.456	-0.938
0.980	8.033	-0.708
0.990	7.564	-0.484
1.000	7.052	-0.278
1.010	6.501	-0.059
1.020	5.914	0.142
1.030	5.293	0.332
1.040	4.642	0.513
1.050	3.965	0.674
1.060	3.266	0.816
1.070	2.549	0.957
1.080	1.817	1.080
1.090	1.075	1.182
1.100	0.327	1.265
1.110	-0.422	1.329
1.120	-1.170	1.378
1.130	-1.911	1.392
1.140	-2.641	1.402
1.150	-3.356	1.392
1.160	-4.052	1.373
1.170	-4.726	1.334
1.180	-5.373	1.290
1.190	-5.990	1.216
1.200	-6.573	1.128
1.210	-7.119	1.026
1.220	-7.626	0.899
1.230	-8.089	0.782
1.240	-8.507	0.635
1.250	-8.877	0.474
1.260	-9.197	0.298
1.270	-9.465	0.117
1.280	-9.680	-0.078
1.290	-9.841	-0.293
1.300	-9.946	-0.503
1.310	-9.996	-0.718
1.320	-9.989	-0.938
1.330	-9.926	-1.182
1.340	-9.808	-1.412
1.350	-9.634	-1.651
1.360	-9.406	-1.891
1.370	-9.125	-2.106
1.380	-8.793	-2.340
1.390	-8.411	-2.574
1.400	-7.982	-2.775
1.410	-7.508	-3.000
1.420	-6.992	-3.200
1.430	-6.437	-3.390
1.440	-5.846	-3.576
1.450	-5.221	-3.737
1.460	-4.568	-3.903
1.470	-3.888	-4.050
1.480	-3.187	-4.187
1.490	-2.468	-4.304
1.500	-1.735	-4.406
1.510	-0.992	-4.485
1.520	-0.243	-4.558
1.530	0.506	-4.617
1.540	1.253	-4.670
1.550	1.993	-4.675
1.560	2.722	-4.680
1.570	3.435	-4.670
1.580	4.129	-4.646
1.590	4.800	-4.592
1.600	5.444	-4.548
1.610	6.057	-4.480
1.620	6.636	-4.406
1.630	7.178	-4.328
1.640	7.680	-4.216
1.650	8.138	-4.089
1.660	8.551	-3.957
1.670	8.915	-3.806
1.680	9.229	-3.644
1.690	9.492	-3.483
1.700	9.701	-3.293
1.710	9.856	-3.102
1.720	9.955	-2.902
1.730	9.998	-2.697
1.740	9.985	-2.482
1.750	9.916	-2.267
1.760	9.791	-2.047
1.770	9.611	-1.827
1.780	9.377	-1.602
1.790	9.090	-1.368
1.800	8.752	-1.138
1.810	8.365	-0.904
1.820	7.931	-0.679
1.830	7.453	-0.440
1.840	6.932	-0.244
1.850	6.373	-0.024
1.860	5.777	0.176
1.870	5.149	0.352
1.880	4.493	0.537
1.890	3.811	0.689
1.900	3.107	0.830
1.910	2.386	0.972
1.920	1.652	1.099
1.930	0.908	1.197
1.940	0.159	1.275
1.950	-0.590	1.334
1.960	-1.337	1.373
1.970	-2.075	1.392
1.980	-2.803	1.397
1.990	-3.514	1.392
2.000	-4.206	1.358
2.010	-4.874	1.324
2.020	-5.514	1.265
2.030	-6.124	1.192
2.040	-6.699	1.099
2.050	-7.236	0.982
2.060	-7.733	0.865
2.070	-8.187	0.738
2.080	-8.594	0.596
2.090	-8.953	0.430
2.100	-9.261	0.259
2.110	-9.518	0.068
2.120	-9.721	-0.132
2.130	-9.870	-0.352
2.140	-9.962	-0.562
2.150	-9.999	-0.787
2.160	-9.980	-1.011
2.170	-9.905	-1.241
2.180	-9.773	-1.485
2.190	-9.587	-1.715
2.200	-9.347	-1.944
2.210	-9.055	-2.174
2.220	-8.711	-2.404
2.230	-8.319	-2.628
2.240	-7.880	-2.838
2.250	-7.396	-3.058
2.260	-6.871	-3.258
2.270	-6.308	-3.454
2.280	-5.708	-3.625
2.290	-5.077	-3.796
2.300	-4.417	-3.952
2.310	-3.733	-4.099
2.320	-3.027	-4.235
2.330	-2.304	-4.348
2.340	-1.569	-4.450
2.350	-0.824	-4.538
2.360	-0.075	-4.597
2.370	0.674	-4.665
2.380	1.420	-4.685
2.390	2.158	-4.695
2.400	2.883	-4.695
2.410	3.593	-4.685
2.420	4.282	-4.665
2.430	4.947	-4.617
2.440	5.584	-4.558
2.450	6.190	-4.494
2.460	6.761	-4.411
2.470	7.294	-4.333
2.480	7.786	-4.216
2.490	8.235	-4.084
2.500	8.637	-3.952
2.510	8.990	-3.796
2.520	9.293	-3.635
2.530	9.543	-3.473
2.540	9.740	-3.283
2.550	9.883	-3.087
2.560	9.969	-2.887
2.570	10.000	-2.658
2.580	9.974	-2.462
2.590	9.893	-2.237
2.600	9.755	-2.037
2.610	9.563	-1.803
2.620	9.317	-1.568
2.630	9.019	-1.348
2.640	8.670	-1.109
2.650	8.272	-0.889
2.660	7.828	-0.660
2.670	7.340	-0.435
2.680	6.810	-0.230
2.690	6.242	-0.015
2.700	5.639	0.181
2.710	5.005	0.366
2.720	4.342	0.542
2.730	3.655	0.694
2.740	2.947	0.830
2.750	2.222	0.962
2.760	1.486	1.080
2.770	0.741	1.177
2.780	-0.009	1.260
2.790	-0.758	1.319
2.800	-1.503	1.348
2.810	-2.240	1.368
2.820	-2.964	1.363
2.830	-3.671	1.353
2.840	-4.358	1.329
2.850	-5.020	1.285
2.860	-5.654	1.216
2.870	-6.256	1.133
2.880	-6.823	1.041
2.890	-7.351	0.923
2.900	-7.839	0.801
2.910	-8.282	0.664
2.920	-8.679	0.518
2.930	-9.026	0.347
2.940	-9.324	0.176
2.950	-9.568	-0.010
2.960	-9.759	-0.220
2.970	-9.895	-0.425
2.980	-9.976	-0.645
2.990	-10.000	-0.874
3.000	-9.968	-1.094
3.010	-9.880	-1.334
3.020	-9.736	-1.568
3.030	-9.538	-1.798
3.040	-9.286	-2.037
3.050	-8.982	-2.267
3.060	-8.628	-2.487
3.070	-8.225	-2.711
3.080	-7.775	-2.916
3.090	-7.282	-3.136
3.100	-6.748	-3.332
3.110	-6.176	-3.517
3.120	-5.570	-3.703
3.130	-4.932	-3.864
3.140	-4.266	-4.011
3.150	-3.576	-4.157
3.160	-2.866	-4.284
3.170	-2.140	-4.397
3.180	-1.402	-4.489
3.190	-0.657	-4.568
3.200	0.093	-4.646
3.210	0.842	-4.685
3.220	1.586	-4.704
3.230	2.321	-4.714
3.240	3.044	-4.709
3.250	3.749	-4.704
3.260	4.433	-4.675
3.270	5.092	-4.631
3.280	5.723	-4.563
3.290	6.321	-4.499
3.300	6.884	-4.416
3.310	7.408	-4.328
3.320	7.891	-4.216
3.330	8.329	-4.079
3.340	8.720	-3.947
3.350	9.062	-3.791
3.360	9.354	-3.615
3.370	9.592	-3.449
3.380	9.777	-3.268
3.390	9.907	-3.073
3.400	9.981	-2.858
3.410	9.999	-2.653
3.420	9.961	-2.438
3.430	9.867	-2.223
3.440	9.717	-2.008
3.450	9.513	-1.778
3.460	9.255	-1.553
3.470	8.945	-1.319
3.480	8.585	-1.089
3.490	8.176	-0.865
3.500	7.722	-0.635
3.510	7.224	-0.405
3.520	6.686	-0.205
3.530	6.110	0.010
3.540	5.500	0.195
3.550	4.858	0.376
3.560	4.190	0.552
3.570	3.498	0.694
3.580	2.786	0.830
3.590	2.058	0.967
3.600	1.319	1.075
3.610	0.573	1.168
3.620	-0.177	1.251
3.630	-0.926	1.299
3.640	-1.669	1.324
3.650	-2.403	1.334
3.660	-3.124	1.334
3.670	-3.827	1.324
3.680	-4.508	1.290
3.690	-5.164	1.246
3.700	-5.792	1.172
3.710	-6.386	1.085
3.720	-6.945	0.982
3.730	-7.464	0.870
3.740	-7.942	0.757
3.750	-8.375	0.616
3.760	-8.761	0.459
3.770	-9.098	0.288
3.780	-9.383	0.117
3.790	-9.616	-0.088
3.800	-9.794	-0.293
3.810	-9.918	-0.503
3.820	-9.986	-0.718
3.830	-9.998	-0.938
3.840	-9.953	-1.182
3.850	-9.853	-1.412
3.860	-9.697	-1.641
3.870	-9.486	-1.876
3.880	-9.223	-2.106
3.890	-8.907	-2.335
3.900	-8.541	-2.570
3.910	-8.128	-2.775
3.920	-7.668	-3.000
3.930	-7.166	-3.205
3.940	-6.623	-3.395
3.950	-6.043	-3.586
3.960	-5.429	-3.752
3.970	-4.785	-3.923
3.980	-4.113	-4.074
3.990	-3.419	-4.221
4.000	-2.705	-4.338
4.010	-1.976	-4.446
4.020	-1.236	-4.548
4.030	-0.489	-4.617
4.040	0.261	-4.680
4.050	1.009	-4.714
4.060	1.752	-4.729
4.070	2.485	-4.734
4.080	3.204	-4.734
4.090	3.904	-4.714
4.100	4.583	-4.685
4.110	5.236	-4.646
4.120	5.860	-4.568
4.130	6.451	-4.499
4.140	7.005	-4.416
4.150	7.520	-4.323
4.160	7.993	-4.211
4.170	8.421	-4.069
4.180	8.801	-3.928
4.190	9.132	-3.771
4.200	9.412	-3.596
4.210	9.639	-3.415
4.220	9.811	-3.244
4.230	9.928	-3.043
4.240	9.990	-2.833
4.250	9.995	-2.633
4.260	9.945	-2.413
4.270	9.838	-2.193
4.280	9.676	-1.974
4.290	9.459	-1.749
4.300	9.190	-1.524
4.310	8.869	-1.295
4.320	8.497	-1.060
4.330	8.078	-0.835
4.340	7.614	-0.611
4.350	7.107	-0.386
4.360	6.560	-0.181
4.370	5.976	0.034
4.380	5.358	0.220
4.390	4.711	0.401
4.400	4.036	0.567
4.410	3.339	0.703
4.420	2.624	0.840
4.430	1.893	0.962
4.440	1.152	1.070
4.450	0.405	1.158
4.460	-0.345	1.231
4.470	-1.093	1.275
4.480	-1.835	1.299
4.490	-2.566	1.304
4.500	-3.283	1.295
4.510	-3.982	1.270
4.520	-4.658	1.236
4.530	-5.308	1.172
4.540	-5.928	1.099
4.550	-6.515	1.016
4.560	-7.065	0.909
4.570	-7.575	0.801
4.580	-8.043	0.669
4.590	-8.466	0.532
4.600	-8.841	0.366
4.610	-9.166	0.205
4.620	-9.440	0.024
4.630	-9.661	-0.176
4.640	-9.827	-0.381
4.650	-9.938	-0.591
4.660	-9.993	-0.821
4.670	-9.993	-1.041
4.680	-9.935	-1.285
4.690	-9.822	-1.505
4.700	-9.654	-1.739
4.710	-9.432	-1.969
4.720	-9.156	-2.203
4.730	-8.829	-2.423
4.740	-8.453	-2.648
4.750	-8.029	-2.872
4.760	-7.559	-3.083
4.770	-7.048	-3.283
4.780	-6.496	-3.478
4.790	-5.908	-3.659
4.800	-5.287	-3.840
4.810	-4.636	-3.986
4.820	-3.959	-4.148
4.830	-3.260	-4.279
4.840	-2.543	-4.402
4.850	-1.811	-4.499
4.860	-1.069	-4.587
4.870	-0.321	-4.680
4.880	0.429	-4.724
4.890	1.176	-4.748
4.900	1.917	-4.763
4.910	2.647	-4.763
4.920	3.362	-4.758
4.930	4.059	-4.744
4.940	4.732	-4.714
4.950	5.379	-4.675
4.960	5.995	-4.602
4.970	6.578	-4.533
4.980	7.124	-4.441
4.990	7.630	-4.338
5.000	8.093	-4.221
5.010	8.510	-4.079
5.020	8.880	-3.933
5.030	9.199	-3.776
5.040	9.467	-3.596
5.050	9.682	-3.410
5.060	9.842	-3.239
5.070	9.947	-3.029
5.080	9.996	-2.829
5.090	9.989	-2.618
5.100	9.926	-2.404
5.110	9.806	-2.174
5.120	9.632	-1.954
5.130	9.404	-1.734
5.140	9.122	-1.510
5.150	8.790	-1.270
5.160	8.408	-1.045
5.170	7.978	-0.816
5.180	7.504	-0.596
5.190	6.988	-0.376
5.200	6.432	-0.171
5.210	5.840	0.034
5.220	5.216	0.220
5.230	4.562	0.401
5.240	3.882	0.562
5.250	3.181	0.699
5.260	2.461	0.826
5.270	1.728	0.948
5.280	0.985	1.055
5.290	0.237	1.133
5.300	-0.513	1.202
5.310	-1.260	1.255
5.320	-2.000	1.270
5.330	-2.728	1.275
5.340	-3.441	1.260
5.350	-4.135	1.241
5.360	-4.806	1.192
5.370	-5.449	1.133
5.380	-6.062	1.060
5.390	-6.641	0.967
5.400	-7.183	0.865
5.410	-7.684	0.762
5.420	-8.142	0.630
5.430	-8.554	0.489
5.440	-8.918	0.318
5.450	-9.232	0.147
5.460	-9.494	-0.034
5.470	-9.703	-0.234
5.480	-9.857	-0.435
5.490	-9.955	-0.655
5.500	-9.998	-0.874
5.510	-9.985	-1.099
5.520	-9.915	-1.343
5.530	-9.790	-1.573
5.540	-9.609	-1.812
5.550	-9.375	-2.042
5.560	-9.087	-2.272
5.570	-8.749	-2.491
5.580	-8.362	-2.711
5.590	-7.927	-2.926
5.600	-7.448	-3.141
5.610	-6.927	-3.341
5.620	-6.367	-3.532
5.630	-5.772	-3.723
5.640	-5.144	-3.889
5.650	-4.487	-4.045
5.660	-3.804	-4.201
5.670	-3.101	-4.323
5.680	-2.380	-4.436
5.690	-1.645	-4.543
5.700	-0.901	-4.626
5.710	-0.153	-4.695
5.720	0.597	-4.734
5.730	1.343	-4.758
5.740	2.082	-4.783
5.750	2.809	-4.787
5.760	3.520	-4.763
5.770	4.212	-4.748
5.780	4.879	-4.724
5.790	5.520	-4.685
5.800	6.129	-4.612
5.810	6.704	-4.538
5.820	7.241	-4.441
5.830	7.737	-4.338
5.840	8.190	-4.216
5.850	8.597	-4.069
5.860	8.956	-3.928
5.870	9.264	-3.762
5.880	9.520	-3.591
5.890	9.723	-3.405
5.900	9.871	-3.219
5.910	9.963	-3.019
5.920	9.999	-2.809
5.930	9.980	-2.594
5.940	9.904	-2.379
5.950	9.772	-2.159
5.960	9.585	-1.935
5.970	9.345	-1.715
5.980	9.052	-1.485
5.990	8.708	-1.251
6.000	8.315	-1.021
6.010	7.876	-0.796
6.020	7.392	-0.572
6.030	6.866	-0.366
6.040	6.302	-0.127
6.050	5.703	0.044
6.060	5.071	0.239
6.070	4.411	0.410
6.080	3.726	0.576
6.090	3.021	0.713
6.100	2.298	0.835
6.110	1.562	0.948
6.120	0.818	1.050
6.130	0.069	1.133
6.140	-0.681	1.187
6.150	-1.427	1.236
6.160	-2.164	1.251
6.170	-2.890	1.255
6.180	-3.599	1.246
6.190	-4.288	1.212
6.200	-4.953	1.163
6.210	-5.590	1.099
6.220	-6.195	1.026
6.230	-6.766	0.928
6.240	-7.299	0.826
6.250	-7.790	0.708
6.260	-8.238	0.586
6.270	-8.640	0.425
6.280	-8.993	0.274
6.290	-9.295	0.098
6.300	-9.545	-0.103
6.310	-9.742	-0.313
6.320	-9.884	-0.508
6.330	-9.970	-0.723
6.340	-10.000	-0.948
6.350	-9.974	-1.177
6.360	-9.892	-1.412
6.370	-9.754	-1.651
6.380	-9.561	-1.886
6.390	-9.315	-2.106
6.400	-9.016	-2.335
6.410	-8.667	-2.574
6.420	-8.268	-2.775
6.430	-7.824	-3.009
6.440	-7.335	-3.210
6.450	-6.805	-3.415
6.460	-6.237	-3.596
6.470	-5.634	-3.771
6.480	-4.999	-3.947
6.490	-4.336	-4.099
6.500	-3.648	-4.240
6.510	-2.940	-4.372
6.520	-2.216	-4.485
6.530	-1.479	-4.577
6.540	-0.734	-4.680
6.550	0.015	-4.734
6.560	0.765	-4.773
6.570	1.510	-4.822
6.580	2.246	-4.836
6.590	2.970	-4.836
6.600	3.677	-4.822
6.610	4.364	-4.763
6.620	5.026	-4.734
6.630	5.659	-4.695
6.640	6.261	-4.621
6.650	6.828	-4.538
6.660	7.356	-4.441
6.670	7.843	-4.333
6.680	8.286	-4.216
6.690	8.682	-4.064
6.700	9.029	-3.923
6.710	9.326	-3.747
6.720	9.570	-3.576
6.730	9.761	-3.390
6.740	9.896	-3.200
6.750	9.976	-3.004
6.760	10.000	-2.775
6.770	9.967	-2.579
6.780	9.879	-2.350
6.790	9.735	-2.125
6.800	9.536	-1.910
6.810	9.284	-1.695
6.820	8.979	-1.466
6.830	8.624	-1.226
6.840	8.221	-0.997
6.850	7.771	-0.777
6.860	7.278	-0.547
6.870	6.743	-0.342
6.880	6.171	-0.132
6.890	5.564	0.068
6.900	4.926	0.244
6.910	4.260	0.425
6.920	3.570	0.586
6.930	2.860	0.713
6.940	2.134	0.830
6.950	1.396	0.943
6.960	0.650	1.045
6.970	-0.100	1.119
6.980	-0.849	1.172
6.990	-1.593	1.207
7.000	-2.328	1.221
7.010	-3.050	1.221
7.020	-3.755	1.202
7.030	-4.439	1.172
7.040	-5.098	1.119
7.050	-5.728	1.055
7.060	-6.326	0.972
7.070	-6.889	0.879
7.080	-7.413	0.782
7.090	-7.895	0.650
7.100	-8.332	0.513
7.110	-8.723	0.362
7.120	-9.065	0.195
7.130	-9.356	0.020
7.140	-9.594	-0.186
7.150	-9.779	-0.381
7.160	-9.908	-0.591
7.170	-9.981	-0.811
7.180	-9.999	-1.036
7.190	-9.960	-1.265
7.200	-9.866	-1.500
7.210	-9.715	-1.734
7.220	-9.511	-1.964
7.230	-9.252	-2.203
7.240	-8.942	-2.418
7.250	-8.581	-2.638
7.260	-8.173	-2.872
7.270	-7.718	-3.087
7.280	-7.220	-3.288
7.290	-6.681	-3.488
7.300	-6.105	-3.674
7.310	-5.494	-3.850
7.320	-4.852	-4.011
7.330	-4.184	-4.177
7.340	-3.491	-4.319
7.350	-2.779	-4.436
7.360	-2.052	-4.548
7.370	-1.313	-4.656
7.380	-0.566	-4.724
7.390	0.184	-4.763
7.400	0.932	-4.827
7.410	1.676	-4.851
7.420	2.410	-4.861
7.430	3.130	-4.851
7.440	3.833	-4.836
7.450	4.514	-4.797
7.460	5.170	-4.744
7.470	5.797	-4.700
7.480	6.391	-4.621
7.490	6.950	-4.538
7.500	7.469	-4.436
7.510	7.946	-4.328
7.520	8.379	-4.201
7.530	8.764	-4.055
7.540	9.100	-3.903
7.550	9.385	-3.732
7.560	9.618	-3.556
7.570	9.796	-3.385
7.580	9.919	-3.195
7.590	9.986	-2.995
7.600	9.997	-2.770
7.610	9.952	-2.570
7.620	9.851	-2.345
7.630	9.695	-2.115
7.640	9.484	-1.905
7.650	9.220	-1.681
7.660	8.904	-1.451
7.670	8.538	-1.216
7.680	8.124	-0.992
7.690	7.664	-0.762
7.700	7.161	-0.547
7.710	6.618	-0.342
7.720	6.038	-0.132
7.730	5.424	0.064
7.740	4.779	0.244
7.750	4.107	0.430
7.760	3.412	0.572
7.770	2.698	0.699
7.780	1.969	0.816
7.790	1.229	0.918
7.800	0.482	1.016
7.810	-0.268	1.075
7.820	-1.016	1.128
7.830	-1.758	1.158
7.840	-2.491	1.163
7.850	-3.210	1.163
7.860	-3.910	1.138
7.870	-4.589	1.099
7.880	-5.242	1.050
7.890	-5.865	0.977
7.900	-6.456	0.904
7.910	-7.010	0.806
7.920	-7.524	0.699
7.930	-7.997	0.586
7.940	-8.424	0.435
7.950	-8.804	0.278
7.960	-9.135	0.122
7.970	-9.414	-0.073
7.980	-9.640	-0.269
7.990	-9.812	-0.464
8.000	-9.929	-0.684
8.010	-9.990	-0.899
8.020	-9.995	-1.128
8.030	-9.944	-1.353
8.040	-9.837	-1.593
8.050	-9.674	-1.822
8.060	-9.457	-2.047
8.070	-9.187	-2.286
8.080	-8.865	-2.506
8.090	-8.494	-2.731
8.100	-8.075	-2.946
8.110	-7.610	-3.156
8.120	-7.102	-3.366
8.130	-6.555	-3.566
8.140	-5.971	-3.742
8.150	-5.353	-3.923
8.160	-4.705	-4.084
8.170	-4.030	-4.235
8.180	-3.333	-4.372
8.190	-2.617	-4.494
8.200	-1.887	-4.602
8.210	-1.146	-4.700
8.220	-0.398	-4.753
8.230	0.352	-4.831
8.240	1.100	-4.875
8.250	1.841	-4.890
8.260	2.573	-4.895
8.270	3.289	-4.890
8.280	3.988	-4.880
8.290	4.664	-4.846
8.300	5.313	-4.797
8.310	5.933	-4.729
8.320	6.520	-4.670
8.330	7.069	-4.558
8.340	7.580	-4.460
8.350	8.047	-4.343
8.360	8.469	-4.216
8.370	8.844	-4.064
8.380	9.169	-3.913
8.390	9.442	-3.737
8.400	9.662	-3.556
8.410	9.828	-3.371
8.420	9.939	-3.161
8.430	9.994	-2.965
8.440	9.992	-2.750
8.450	9.935	-2.535
8.460	9.821	-2.325
8.470	9.653	-2.096
8.480	9.430	-1.871
8.490	9.154	-1.646
8.500	8.826	-1.417
8.510	8.449	-1.187
8.520	8.025	-0.953
8.530	7.555	-0.723
8.540	7.043	-0.513
8.550	6.491	-0.318
8.560	5.903	-0.103
8.570	5.281	0.093
8.580	4.630	0.269
8.590	3.953	0.430
8.600	3.254	0.591
8.610	2.536	0.713
8.620	1.804	0.821
8.630	1.062	0.928
8.640	0.314	1.016
8.650	-0.436	1.075
8.660	-1.183	1.124
8.670	-1.924	1.143
8.680	-2.654	1.153
8.690	-3.369	1.138
8.700	-4.065	1.124
8.710	-4.738	1.075
8.720	-5.384	1.026
8.730	-6.001	0.933
8.740	-6.583	0.865
8.750	-7.129	0.777
8.760	-7.634	0.660
8.770	-8.097	0.537
8.780	-8.514	0.396
8.790	-8.883	0.234
8.800	-9.202	0.059
8.810	-9.469	-0.161
8.820	-9.684	-0.327
8.830	-9.843	-0.528
8.840	-9.948	-0.738
8.850	-9.996	-0.962
8.860	-9.989	-1.192
8.870	-9.925	-1.422
8.880	-9.805	-1.651
8.890	-9.630	-1.891
8.900	-9.401	-2.110
8.910	-9.119	-2.345
8.920	-8.786	-2.609
8.930	-8.404	-2.785
8.940	-7.974	-3.014
8.950	-7.500	-3.219
8.960	-6.983	-3.410
8.970	-6.427	-3.605
8.980	-5.835	-3.796
8.990	-5.210	-3.967
9.000	-4.556	-4.152
9.010	-3.876	-4.279
9.020	-3.174	-4.416
9.030	-2.455	-4.538
9.040	-1.721	-4.651
9.050	-0.979	-4.729
9.060	-0.230	-4.797
9.070	0.520	-4.851
9.080	1.266	-4.885
9.090	2.006	-4.900
9.100	2.735	-4.900
9.110	3.448	-4.890
9.120	4.141	-4.875
9.130	4.812	-4.836
9.140	5.455	-4.763
9.150	6.068	-4.719
9.160	6.646	-4.651
9.170	7.187	-4.548
9.180	7.688	-4.446
9.190	8.146	-4.314
9.200	8.557	-4.191
9.210	8.921	-4.040
9.220	9.235	-3.879
9.230	9.496	-3.713
9.240	9.704	-3.517
9.250	9.858	-3.332
9.260	9.956	-3.136
9.270	9.998	-2.916
9.280	9.984	-2.716
9.290	9.914	-2.496
9.300	9.788	-2.237
9.310	9.607	-2.047
9.320	9.372	-1.837
9.330	9.085	-1.607
9.340	8.746	-1.373
9.350	8.358	-1.148
9.360	7.923	-0.914
9.370	7.444	-0.694
9.380	6.923	-0.445
9.390	6.362	-0.274
9.400	5.766	-0.073
9.410	5.138	0.127
9.420	4.481	0.293
9.430	3.798	0.454
9.440	3.094	0.606
9.450	2.373	0.728
9.460	1.639	0.830
9.470	0.895	0.933
9.480	0.146	1.021
9.490	-0.604	1.080
9.500	-1.350	1.119
9.510	-2.088	1.138
9.520	-2.815	1.143
9.530	-3.526	1.133
9.540	-4.218	1.099
9.550	-4.885	1.060
9.560	-5.525	0.997
9.570	-6.134	0.914
9.580	-6.709	0.835
9.590	-7.246	0.743
9.600	-7.742	0.630
9.610	-8.194	0.498
9.620	-8.601	0.342
9.630	-8.959	0.181
9.640	-9.266	0.015
9.650	-9.522	-0.181
9.660	-9.724	-0.381
9.670	-9.872	-0.586
9.680	-9.964	-0.835
9.690	-9.999	-1.021
9.700	-9.979	-1.246
9.710	-9.903	-1.490
9.720	-9.771	-1.720
9.730	-9.584	-1.944
9.740	-9.343	-2.179
9.750	-9.049	-2.404
9.760	-8.705	-2.633
9.770	-8.312	-2.848
9.780	-7.872	-3.078
9.790	-7.387	-3.307
9.800	-6.862	-3.483
9.810	-6.297	-3.674
9.820	-5.697	-3.854
9.830	-5.066	-4.011
9.840	-4.405	-4.182
9.850	-3.720	-4.328
9.860	-3.014	-4.450
9.870	-2.291	-4.577
9.880	-1.556	-4.680
9.890	-0.811	-4.744
9.900	-0.062	-4.827
9.910	0.688	-4.880
9.920	1.433	-4.900
9.930	2.171	-4.915
9.940	2.896	-4.915
9.950	3.605	-4.900
9.960	4.294	-4.880
9.970	4.958	-4.836
9.980	5.595	-4.753
9.990	6.200	-4.714
10.000	6.771	-4.641
10.010	7.303	-4.543
10.020	7.795	-4.431
10.030	8.242	-4.309
10.040	8.643	-4.162
10.050	8.996	-4.001
10.060	9.298	-3.840
10.070	9.547	-3.679
10.080	9.743	-3.493
10.090	9.885	-3.298
10.100	9.970	-3.092
10.110	10.000	-2.887
10.120	9.973	-2.672
10.130	9.891	-2.462
10.140	9.752	-2.233
10.150	9.559	-2.027
10.160	9.312	-1.793
10.170	9.013	-1.524
10.180	8.663	-1.334
10.190	8.265	-1.099
10.200	7.819	-0.879
10.210	7.330	-0.655
10.220	6.800	-0.435
10.230	6.232	-0.244
10.240	5.628	-0.044
10.250	4.993	0.176
10.260	4.330	0.313
10.270	3.642	0.474
10.280	2.934	0.620
10.290	2.209	0.738
10.300	1.473	0.845
10.310	0.727	0.938
10.320	-0.022	1.021
10.330	-0.771	1.070
10.340	-1.516	1.104
10.350	-2.253	1.124
10.360	-2.976	1.124
10.370	-3.683	1.109
10.380	-4.370	1.070
10.390	-5.031	1.031
10.400	-5.665	0.962
10.410	-6.266	0.884
10.420	-6.833	0.801
10.430	-7.360	0.694
10.440	-7.847	0.567
10.450	-8.289	0.440
10.460	-8.685	0.293
10.470	-9.032	0.132
10.480	-9.328	-0.054
10.490	-9.572	-0.249
10.500	-9.762	-0.430
10.510	-9.897	-0.650
10.520	-9.976	-0.874
10.530	-10.000	-1.089
10.540	-9.967	-1.329
10.550	-9.878	-1.607
10.560	-9.733	-1.788
10.570	-9.534	-2.027
10.580	-9.281	-2.247
10.590	-8.976	-2.477
10.600	-8.621	-2.702
10.610	-8.217	-2.916
10.620	-7.767	-3.141
10.630	-7.273	-3.371
10.640	-6.738	-3.542
10.650	-6.166	-3.732
10.660	-5.558	-3.908
10.670	-4.920	-4.074
10.680	-4.254	-4.231
10.690	-3.564	-4.367
10.700	-2.854	-4.494
10.710	-2.127	-4.612
10.720	-1.389	-4.709
10.730	-0.643	-4.778
10.740	0.106	-4.861
10.750	0.855	-4.895
10.760	1.599	-4.924
10.770	2.334	-4.924
10.780	3.056	-4.924
10.790	3.761	-4.915
10.800	4.445	-4.885
10.810	5.104	-4.846
10.820	5.734	-4.758
10.830	6.332	-4.714
10.840	6.894	-4.631
10.850	7.417	-4.538
10.860	7.899	-4.416
10.870	8.336	-4.289
10.880	8.727	-4.148
10.890	9.068	-3.981
10.900	9.358	-3.825
10.910	9.596	-3.644
10.920	9.780	-3.464
10.930	9.909	-3.244
10.940	9.982	-3.068
10.950	9.999	-2.848
10.960	9.960	-2.643
10.970	9.864	-2.423
10.980	9.714	-2.208
10.990	9.509	-1.979
11.000	9.250	-1.759
11.010	8.939	-1.529
11.020	8.578	-1.304
11.030	8.169	-1.070
11.040	7.714	-0.826
11.050	7.215	-0.625
11.060	6.676	-0.405
11.070	6.099	-0.210
11.080	5.488	-0.005
11.090	4.847	0.166
11.100	4.178	0.332
11.110	3.485	0.493
11.120	2.773	0.650
11.130	2.045	0.762
11.140	1.306	0.855
11.150	0.559	0.943
11.160	-0.190	1.026
11.170	-0.939	1.070
11.180	-1.682	1.099
11.190	-2.416	1.114
11.200	-3.136	1.104
11.210	-3.839	1.080
11.220	-4.520	1.050
11.230	-5.176	0.992
11.240	-5.802	0.938
11.250	-6.396	0.860
11.260	-6.954	0.777
11.270	-7.473	0.664
11.280	-7.950	0.537
11.290	-8.382	0.401
11.300	-8.767	0.244
11.310	-9.103	0.049
11.320	-9.388	-0.107
11.330	-9.619	-0.308
11.340	-9.797	-0.498
11.350	-9.920	-0.708
11.360	-9.987	-0.928
11.370	-9.997	-1.153
11.380	-9.952	-1.387
11.390	-9.850	-1.622
11.400	-9.693	-1.847
11.410	-9.482	-2.071
11.420	-9.217	-2.340
11.430	-8.901	-2.535
11.440	-8.534	-2.755
11.450	-8.120	-2.985
11.460	-7.660	-3.200
11.470	-7.157	-3.395
11.480	-6.613	-3.596
11.490	-6.032	-3.771
11.500	-5.418	-3.977
11.510	-4.773	-4.118
11.520	-4.101	-4.270
11.530	-3.406	-4.411
11.540	-2.692	-4.538
11.550	-1.963	-4.656
11.560	-1.223	-4.734
11.570	-0.475	-4.817
11.580	0.274	-4.880
11.590	1.023	-4.915
11.600	1.765	-4.924
11.610	2.498	-4.929
11.620	3.216	-4.924
11.630	3.917	-4.915
11.640	4.595	-4.885
11.650	5.248	-4.841
11.660	5.871	-4.753
11.670	6.461	-4.704
11.680	7.015	-4.612
11.690	7.529	-4.489
11.700	8.001	-4.392
11.710	8.428	-4.255
11.720	8.807	-4.113
11.730	9.138	-3.957
11.740	9.416	-3.791
11.750	9.642	-3.600
11.760	9.814	-3.415
11.770	9.930	-3.229
11.780	9.991	-3.029
11.790	9.995	-2.814
11.800	9.943	-2.574
11.810	9.835	-2.379
11.820	9.672	-2.154
11.830	9.455	-1.935
11.840	9.185	-1.710
11.850	8.862	-1.485
11.860	8.490	-1.246
11.870	8.071	-1.016
11.880	7.605	-0.752
11.890	7.098	-0.576
11.900	6.550	-0.366
11.910	5.965	-0.166
11.920	5.347	0.034
11.930	4.699	0.210
11.940	4.024	0.371
11.950	3.327	0.518
11.960	2.611	0.655
11.970	1.880	0.777
11.980	1.139	0.874
11.990	0.391	0.962
12.000	-0.358	1.045
12.010	-1.106	1.080
12.020	-1.848	1.114
12.030	-2.579	1.119
12.040	-3.296	1.114
12.050	-3.994	1.085
12.060	-4.670	1.055
12.070	-5.319	1.001
12.080	-5.939	0.933
12.090	-6.525	0.850
12.100	-7.074	0.738
12.110	-7.584	0.650
12.120	-8.051	0.523
12.130	-8.473	0.386
12.140	-8.847	0.230
12.150	-9.171	0.054
12.160	-9.444	-0.127
12.170	-9.664	-0.332
12.180	-9.829	-0.547
12.190	-9.940	-0.738
12.200	-9.994	-0.972
12.210	-9.992	-1.192
12.220	-9.934	-1.422
12.230	-9.820	-1.656
12.240	-9.651	-1.891
12.250	-9.427	-2.110
12.260	-9.151	-2.340
12.270	-8.823	-2.574
12.280	-8.446	-2.785
12.290	-8.021	-3.039
12.300	-7.551	-3.219
12.310	-7.038	-3.415
12.320	-6.486	-3.610
12.330	-5.898	-3.796
12.340	-5.276	-3.967
12.350	-4.624	-4.138
12.360	-3.947	-4.289
12.370	-3.248	-4.436
12.380	-2.530	-4.548
12.390	-1.798	-4.665
12.400	-1.056	-4.734
12.410	-0.307	-4.817
12.420	0.442	-4.875
12.430	1.190	-4.905
12.440	1.930	-4.919
12.450	2.660	-4.924
12.460	3.375	-4.915
12.470	4.071	-4.890
12.480	4.744	-4.856
12.490	5.390	-4.812
12.500	6.006	-4.744
12.510	6.588	-4.680
12.520	7.133	-4.568
12.530	7.638	-4.470
12.540	8.101	-4.353
12.550	8.517	-4.226
12.560	8.886	-4.050
12.570	9.205	-3.918
12.580	9.472	-3.737
12.590	9.685	-3.566
12.600	9.845	-3.376
12.610	9.948	-3.166
12.620	9.996	-2.970
12.630	9.988	-2.750
12.640	9.924	-2.540
12.650	9.804	-2.325
12.660	9.628	-2.101
12.670	9.399	-1.842
12.680	9.117	-1.651
12.690	8.783	-1.422
12.700	8.400	-1.192
12.710	7.970	-0.957
12.720	7.495	-0.728
12.730	6.978	-0.523
12.740	6.422	-0.322
12.750	5.829	-0.059
12.760	5.204	0.078
12.770	4.550	0.259
12.780	3.870	0.425
12.790	3.168	0.572
12.800	2.448	0.689
12.810	1.715	0.806
12.820	0.972	0.909
12.830	0.223	0.982
12.840	-0.526	1.050
12.850	-1.273	1.094
12.860	-2.013	1.119
12.870	-2.741	1.119
12.880	-3.454	1.114
12.890	-4.147	1.080
12.900	-4.818	1.041
12.910	-5.461	0.977
12.920	-6.073	0.909
12.930	-6.651	0.826
12.940	-7.192	0.718
12.950	-7.692	0.625
12.960	-8.150	0.489
12.970	-8.561	0.332
12.980	-8.924	0.186
12.990	-9.237	0.015
13.000	-9.498	-0.186
13.010	-9.706	-0.381
13.020	-9.859	-0.586
13.030	-9.957	-0.801
13.040	-9.998	-1.021
13.050	-9.984	-1.299
13.060	-9.913	-1.485
13.070	-9.787	-1.715
13.080	-9.605	-1.939
13.090	-9.370	-2.174
13.100	-9.082	-2.408
13.110	-8.743	-2.628
13.120	-8.354	-2.848
13.130	-7.919	-3.087
13.140	-7.439	-3.283
13.150	-6.918	-3.483
13.160	-6.357	-3.674
13.170	-5.761	-3.850
13.180	-5.132	-4.021
13.190	-4.475	-4.187
13.200	-3.792	-4.333
13.210	-3.088	-4.455
13.220	-2.367	-4.573
13.230	-1.632	-4.690
13.240	-0.888	-4.758
13.250	-0.139	-4.841
13.260	0.610	-4.890
13.270	1.356	-4.919
13.280	2.095	-4.924
13.290	2.822	-4.924
13.300	3.533	-4.919
13.310	4.224	-4.895
13.320	4.891	-4.861
13.330	5.531	-4.807
13.340	6.140	-4.734
13.350	6.714	-4.670
13.360	7.250	-4.558
13.370	7.746	-4.455
13.380	8.198	-4.333
13.390	8.604	-4.206
13.400	8.962	-4.045
13.410	9.269	-3.889
13.420	9.524	-3.718
13.430	9.726	-3.483
13.440	9.873	-3.332
13.450	9.964	-3.141
13.460	10.000	-2.921
13.470	9.979	-2.716
13.480	9.902	-2.496
13.490	9.769	-2.286
13.500	9.582	-2.052
13.510	9.340	-1.837
13.520	9.046	-1.612
13.530	8.702	-1.373
13.540	8.308	-1.109
13.550	7.868	-0.914
13.560	7.383	-0.694
13.570	6.857	-0.474
13.580	6.292	-0.283
13.590	5.692	-0.078
13.600	5.060	0.122
13.610	4.399	0.278
13.620	3.714	0.464
13.630	3.008	0.591
13.640	2.285	0.713
13.650	1.549	0.821
13.660	0.804	0.914
13.670	0.055	0.997
13.680	-0.694	1.055
13.690	-1.440	1.089
13.700	-2.177	1.109
13.710	-2.902	1.109
13.720	-3.611	1.089
13.730	-4.300	1.055
13.740	-4.964	1.026
13.750	-5.601	0.957
13.760	-6.206	0.879
13.770	-6.776	0.801
13.780	-7.308	0.694
13.790	-7.799	0.586
13.800	-8.246	0.440
13.810	-8.647	0.278
13.820	-8.999	0.137
13.830	-9.300	-0.044
13.840	-9.549	-0.239
13.850	-9.745	-0.430
13.860	-9.886	-0.640
13.870	-9.971	-0.865
13.880	-10.000	-1.085
13.890	-9.973	-1.319
13.900	-9.890	-1.544
13.910	-9.751	-1.778
13.920	-9.557	-2.037
13.930	-9.310	-2.233
13.940	-9.010	-2.462
13.950	-8.660	-2.697
13.960	-8.261	-2.907
13.970	-7.815	-3.131
13.980	-7.326	-3.337
13.990	-6.795	-3.532
14.000	-6.226	-3.742
14.010	-5.623	-3.903
14.020	-4.987	-4.069
14.030	-4.324	-4.231
14.040	-3.636	-4.367
14.050	-2.928	-4.494
14.060	-2.203	-4.612
14.070	-1.466	-4.709
14.080	-0.721	-4.792
14.090	0.029	-4.861
14.100	0.778	-4.905
14.110	1.523	-4.924
14.120	2.259	-4.929
