0.010	-9.754	0.879
0.020	14.421	0.835
0.030	-2.249	0.782
0.040	-12.550	0.767
0.050	12.694	0.733
0.060	1.985	0.679
0.070	-14.346	0.674
0.080	9.955	0.674
0.090	6.060	0.645
0.100	-14.999	0.664
0.110	6.423	0.694
0.120	9.653	0.689
0.130	-14.457	0.723
0.140	2.380	0.772
0.150	12.476	0.777
0.160	-12.764	0.782
0.170	-1.853	0.821
0.180	14.306	0.806
0.190	-10.054	0.791
0.200	-5.938	0.801
0.210	14.996	0.782
0.220	-6.543	0.733
0.230	-9.551	0.733
0.240	14.492	0.699
0.250	-2.511	0.650
0.260	-12.402	0.650
0.270	12.833	0.635
0.280	1.721	0.601
0.290	-14.266	0.611
0.300	10.152	0.625
0.310	5.816	0.611
0.320	-14.993	0.640
0.330	6.662	0.684
0.340	9.448	0.679
0.350	-14.526	0.703
0.360	2.642	0.772
0.370	12.327	0.782
0.380	-12.901	0.801
0.390	-1.589	0.855
0.400	14.224	0.865
0.410	-10.249	0.870
0.420	-5.694	0.904
0.430	14.988	0.884
0.440	-6.781	0.855
0.450	-9.344	0.865
0.460	14.558	0.830
0.470	-2.772	0.782
0.480	-12.251	0.782
0.490	12.968	0.767
0.500	1.457	0.728
0.510	-14.181	0.733
0.520	10.346	0.743
0.530	5.571	0.733
0.540	-14.982	0.767
0.550	6.899	0.801
0.560	9.240	0.801
0.570	-14.590	0.821
0.580	2.903	0.874
0.590	12.174	0.874
0.600	-13.035	0.884
0.610	-1.325	0.928
0.620	14.138	0.923
0.630	-10.442	0.914
0.640	-5.447	0.933
0.650	14.975	0.909
0.660	-7.017	0.865
0.670	-9.135	0.865
0.680	14.620	0.826
0.690	-3.033	0.777
0.700	-12.096	0.767
0.710	13.100	0.738
0.720	1.193	0.684
0.730	-14.093	0.679
0.740	10.536	0.674
0.750	5.323	0.640
0.760	-14.967	0.655
0.770	7.134	0.684
0.780	9.030	0.669
0.790	-14.649	0.689
0.800	3.163	0.747
0.810	12.017	0.752
0.820	-13.164	0.772
0.830	-1.060	0.806
0.840	14.047	0.801
0.850	-10.631	0.787
0.860	-5.199	0.806
0.870	14.958	0.782
0.880	-7.250	0.738
0.890	-8.923	0.747
0.900	14.677	0.723
0.910	-3.292	0.664
0.920	-11.937	0.660
0.930	13.227	0.645
0.940	0.928	0.606
0.950	-13.999	0.611
0.960	10.724	0.620
0.970	5.074	0.596
0.980	-14.947	0.620
0.990	7.366	0.660
1.000	8.816	0.660
1.010	-14.704	0.694
1.020	3.422	0.767
1.030	11.856	0.772
1.040	-13.289	0.787
1.050	-0.795	0.826
1.060	13.951	0.821
1.070	-10.816	0.821
1.080	-4.949	0.835
1.090	14.935	0.821
1.100	-7.481	0.787
1.110	-8.708	0.791
1.120	14.729	0.762
1.130	-3.551	0.703
1.140	-11.774	0.694
1.150	13.350	0.679
1.160	0.663	0.635
1.170	-13.902	0.635
1.180	10.908	0.645
1.190	4.823	0.611
1.200	-14.922	0.616
1.210	7.596	0.640
1.220	8.600	0.630
1.230	-14.754	0.645
1.240	3.680	0.689
1.250	11.691	0.689
1.260	-13.410	0.703
1.270	-0.530	0.757
1.280	13.852	0.757
1.290	-10.998	0.762
1.300	-4.698	0.796
1.310	14.908	0.787
1.320	-7.710	0.767
1.330	-8.491	0.782
1.340	14.777	0.757
1.350	-3.808	0.708
1.360	-11.608	0.708
1.370	13.469	0.684
1.380	0.397	0.645
1.390	-13.800	0.650
1.400	11.088	0.664
1.410	4.571	0.645
1.420	-14.893	0.669
1.430	7.824	0.713
1.440	8.381	0.703
1.450	-14.800	0.738
1.460	3.936	0.787
1.470	11.523	0.791
1.480	-13.527	0.816
1.490	-0.265	0.860
1.500	13.747	0.865
1.510	-11.177	0.860
1.520	-4.445	0.884
1.530	14.877	0.865
1.540	-7.937	0.830
1.550	-8.271	0.835
1.560	14.821	0.801
1.570	-4.064	0.743
1.580	-11.438	0.738
1.590	13.584	0.713
1.600	0.132	0.660
1.610	-13.694	0.664
1.620	11.265	0.664
1.630	4.318	0.640
1.640	-14.859	0.669
1.650	8.049	0.703
1.660	8.160	0.703
1.670	-14.841	0.747
1.680	4.192	0.806
1.690	11.351	0.816
1.700	-13.640	0.840
1.710	0.001	0.904
1.720	13.639	0.904
1.730	-11.353	0.904
1.740	-4.190	0.957
1.750	14.840	0.948
1.760	-8.161	0.928
1.770	-8.048	0.957
1.780	14.859	0.933
1.790	-4.319	0.879
1.800	-11.264	0.879
1.810	13.695	0.845
1.820	-0.134	0.796
1.830	-13.583	0.791
1.840	11.439	0.787
1.850	4.063	0.738
1.860	-14.820	0.752
1.870	8.272	0.777
1.880	7.935	0.757
1.890	-14.877	0.782
1.900	4.446	0.821
1.910	11.176	0.811
1.920	-13.748	0.821
1.930	0.266	0.865
1.940	13.526	0.855
1.950	-11.524	0.845
1.960	-3.935	0.879
1.970	14.799	0.855
1.980	-8.383	0.830
1.990	-7.822	0.840
2.000	14.893	0.811
2.010	-4.573	0.767
2.020	-11.087	0.762
2.030	13.801	0.733
2.040	-0.399	0.679
2.050	-13.469	0.679
2.060	11.609	0.679
2.070	3.806	0.650
2.080	-14.777	0.674
2.090	8.492	0.699
2.100	7.709	0.689
2.110	-14.908	0.733
2.120	4.699	0.787
2.130	10.997	0.787
2.140	-13.852	0.811
2.150	0.532	0.860
2.160	13.410	0.865
2.170	-11.693	0.865
2.180	-3.678	0.899
2.190	14.754	0.879
2.200	-8.601	0.850
2.210	-7.595	0.855
2.220	14.922	0.821
2.230	-4.825	0.767
2.240	-10.907	0.752
2.250	13.903	0.713
2.260	-0.665	0.645
2.270	-13.350	0.635
2.280	11.775	0.620
2.290	3.549	0.581
2.300	-14.729	0.581
2.310	8.710	0.591
2.320	7.480	0.572
2.330	-14.935	0.586
2.340	4.951	0.620
2.350	10.815	0.611
2.360	-13.952	0.625
2.370	0.797	0.669
2.380	13.288	0.660
2.390	-11.857	0.660
2.400	-3.420	0.694
2.410	14.703	0.679
2.420	-8.818	0.655
2.430	-7.365	0.669
2.440	14.947	0.640
2.450	-5.076	0.596
2.460	-10.723	0.591
2.470	14.000	0.567
2.480	-0.930	0.508
2.490	-13.226	0.508
2.500	11.938	0.498
2.510	3.290	0.464
2.520	-14.677	0.489
2.530	8.925	0.513
2.540	7.249	0.508
2.550	-14.958	0.552
2.560	5.201	0.606
2.570	10.629	0.625
2.580	-14.047	0.660
2.590	1.062	0.728
2.600	13.163	0.752
2.610	-12.018	0.777
2.620	-3.161	0.826
2.630	14.649	0.830
2.640	-9.031	0.830
2.650	-7.132	0.865
2.660	14.967	0.845
2.670	-5.325	0.816
2.680	-10.535	0.821
2.690	14.093	0.811
2.700	-1.195	0.767
2.710	-13.099	0.777
2.720	12.097	0.777
2.730	3.031	0.738
2.740	-14.619	0.767
2.750	9.137	0.787
2.760	7.015	0.777
2.770	-14.975	0.806
2.780	5.449	0.855
2.790	10.440	0.855
2.800	-14.138	0.894
2.810	1.327	0.953
2.820	13.034	0.957
2.830	-12.175	0.957
2.840	-2.901	0.997
2.850	14.589	0.977
2.860	-9.242	0.957
2.870	-6.897	0.967
2.880	14.982	0.933
2.890	-5.572	0.879
2.900	-10.344	0.874
2.910	14.182	0.840
2.920	-1.459	0.791
2.930	-12.968	0.791
2.940	12.252	0.782
2.950	2.770	0.747
2.960	-14.558	0.767
2.970	9.346	0.791
2.980	6.779	0.787
2.990	-14.988	0.821
3.000	5.695	0.879
3.010	10.248	0.894
3.020	-14.225	0.938
3.030	1.591	1.016
3.040	12.900	1.031
3.050	-12.328	1.050
3.060	-2.640	1.104
3.070	14.525	1.104
3.080	-9.449	1.094
3.090	-6.660	1.128
3.100	14.993	1.114
3.110	-5.818	1.080
3.120	-10.151	1.094
3.130	14.266	1.080
3.140	-1.723	1.031
3.150	-12.832	1.041
3.160	12.403	1.045
3.170	2.509	1.016
3.180	-14.491	1.031
3.190	9.552	1.055
3.200	6.541	1.041
3.210	-14.996	1.080
3.220	5.940	1.133
3.230	10.052	1.133
3.240	-14.307	1.172
3.250	1.855	1.231
3.260	12.763	1.231
3.270	-12.477	1.241
3.280	-2.378	1.275
3.290	14.457	1.255
3.300	-9.654	1.236
3.310	-6.422	1.246
3.320	14.999	1.207
3.330	-6.062	1.148
3.340	-9.953	1.138
3.350	14.346	1.094
3.360	-1.987	1.026
3.370	-12.693	1.001
3.380	12.551	0.972
3.390	2.247	0.914
3.400	-14.421	0.904
3.410	9.755	0.909
3.420	6.301	0.870
3.430	-15.000	0.879
3.440	6.183	0.909
3.450	9.854	0.904
3.460	-14.384	0.923
3.470	2.118	0.977
3.480	12.621	0.987
3.490	-12.623	1.021
3.500	-2.115	1.070
3.510	14.383	1.075
3.520	-9.856	1.075
3.530	-6.181	1.114
3.540	15.000	1.099
3.550	-6.304	1.060
3.560	-9.753	1.080
3.570	14.421	1.060
3.580	-2.249	1.016
3.590	-12.549	1.021
3.600	12.694	1.016
3.610	1.984	0.972
3.620	-14.345	0.982
3.630	9.956	1.016
3.640	6.059	0.987
3.650	-14.999	1.026
3.660	6.424	1.065
3.670	9.652	1.070
3.680	-14.457	1.109
3.690	2.381	1.168
3.700	12.476	1.172
3.710	-12.764	1.182
3.720	-1.852	1.221
3.730	14.306	1.207
3.740	-10.054	1.187
3.750	-5.938	1.197
3.760	14.996	1.168
3.770	-6.544	1.109
3.780	-9.550	1.099
3.790	14.492	1.050
3.800	-2.512	0.972
3.810	-12.402	0.957
3.820	12.834	0.918
3.830	1.720	0.860
3.840	-14.265	0.845
3.850	10.153	0.845
3.860	5.815	0.806
3.870	-14.993	0.811
3.880	6.663	0.830
3.890	9.447	0.821
3.900	-14.526	0.835
3.910	2.642	0.879
3.920	12.326	0.879
3.930	-12.902	0.884
3.940	-1.588	0.923
3.950	14.224	0.914
3.960	-10.250	0.904
3.970	-5.693	0.923
3.980	14.988	0.899
3.990	-6.782	0.855
4.000	-9.344	0.855
4.010	14.558	0.826
4.020	-2.773	0.772
4.030	-12.250	0.772
4.040	12.969	0.752
4.050	1.456	0.718
4.060	-14.181	0.723
4.070	10.346	0.733
4.080	5.570	0.723
4.090	-14.982	0.752
4.100	6.900	0.796
4.110	9.240	0.796
4.120	-14.590	0.835
4.130	2.903	0.909
4.140	12.173	0.918
4.150	-13.035	0.953
4.160	-1.324	1.016
4.170	14.137	1.016
4.180	-10.442	1.016
4.190	-5.446	1.050
4.200	14.975	1.045
4.210	-7.017	1.021
4.220	-9.135	1.036
4.230	14.620	1.016
4.240	-3.034	0.962
4.250	-12.095	0.967
4.260	13.100	0.962
4.270	1.192	0.914
4.280	-14.092	0.928
4.290	10.537	0.943
4.300	5.322	0.918
4.310	-14.967	0.957
4.320	7.134	0.992
4.330	9.029	0.987
4.340	-14.649	1.036
4.350	3.163	1.085
4.360	12.016	1.089
4.370	-13.164	1.109
4.380	-1.059	1.153
4.390	14.046	1.143
4.400	-10.631	1.133
4.410	-5.198	1.168
4.420	14.957	1.133
4.430	-7.251	1.085
4.440	-8.923	1.080
4.450	14.677	1.041
4.460	-3.293	0.967
4.470	-11.936	0.953
4.480	13.228	0.909
4.490	0.927	0.845
4.500	-13.999	0.835
4.510	10.724	0.826
4.520	5.073	0.787
4.530	-14.947	0.791
4.540	7.367	0.806
4.550	8.815	0.791
4.560	-14.704	0.801
4.570	3.423	0.845
4.580	11.855	0.845
4.590	-13.290	0.865
4.600	-0.794	0.904
4.610	13.951	0.889
4.620	-10.817	0.879
4.630	-4.948	0.904
4.640	14.935	0.865
4.650	-7.482	0.830
4.660	-8.708	0.835
4.670	14.730	0.806
4.680	-3.552	0.757
4.690	-11.774	0.752
4.700	13.351	0.728
4.710	0.662	0.689
4.720	-13.902	0.689
4.730	10.908	0.699
4.740	4.823	0.679
4.750	-14.922	0.703
4.760	7.597	0.747
4.770	8.599	0.757
4.780	-14.754	0.796
4.790	3.681	0.865
4.800	11.691	0.879
4.810	-13.411	0.923
4.820	-0.529	0.987
4.830	13.851	1.001
4.840	-10.999	1.016
4.850	-4.697	1.060
4.860	14.908	1.055
4.870	-7.711	1.041
4.880	-8.490	1.060
4.890	14.778	1.050
4.900	-3.809	1.001
4.910	-11.607	1.011
4.920	13.470	0.982
4.930	0.396	0.943
4.940	-13.800	0.957
4.950	11.089	0.967
4.960	4.570	0.938
4.970	-14.893	0.967
4.980	7.825	1.011
4.990	8.380	1.001
5.000	-14.800	1.041
5.010	3.937	1.094
5.020	11.523	1.094
5.030	-13.528	1.119
5.040	-0.264	1.168
5.050	13.747	1.168
5.060	-11.178	1.163
5.070	-4.444	1.182
5.080	14.876	1.163
5.090	-7.938	1.124
5.100	-8.270	1.128
5.110	14.821	1.080
5.120	-4.065	1.026
5.130	-11.437	1.011
5.140	13.584	0.967
5.150	0.131	0.909
5.160	-13.693	0.899
5.170	11.266	0.879
5.180	4.317	0.840
5.190	-14.859	0.845
5.200	8.050	0.865
5.210	8.159	0.845
5.220	-14.841	0.865
5.230	4.193	0.909
5.240	11.351	0.894
5.250	-13.640	0.904
5.260	0.002	0.948
5.270	13.639	0.943
5.280	-11.353	0.938
5.290	-4.189	0.972
5.300	14.840	0.957
5.310	-8.162	0.923
5.320	-8.047	0.933
5.330	14.859	0.904
5.340	-4.320	0.850
5.350	-11.264	0.845
5.360	13.695	0.821
5.370	-0.135	0.777
5.380	-13.583	0.777
5.390	11.440	0.777
5.400	4.062	0.747
5.410	-14.820	0.777
5.420	8.273	0.801
5.430	7.935	0.801
5.440	-14.877	0.835
5.450	4.447	0.899
5.460	11.175	0.909
5.470	-13.749	0.943
5.480	0.267	1.011
5.490	13.526	1.021
5.500	-11.525	1.031
5.510	-3.934	1.070
5.520	14.799	1.060
5.530	-8.383	1.050
5.540	-7.822	1.080
5.550	14.893	1.060
5.560	-4.574	1.031
5.570	-11.086	1.045
5.580	13.801	1.036
5.590	-0.400	0.982
5.600	-13.468	0.987
5.610	11.610	0.997
5.620	3.806	0.962
5.630	-14.777	0.982
5.640	8.493	1.021
5.650	7.708	1.011
5.660	-14.909	1.036
5.670	4.700	1.080
5.680	10.997	1.085
5.690	-13.853	1.114
5.700	0.533	1.168
5.710	13.409	1.168
5.720	-11.693	1.168
5.730	-3.677	1.197
5.740	14.753	1.172
5.750	-8.602	1.138
5.760	-7.594	1.148
5.770	14.923	1.109
5.780	-4.826	1.041
5.790	-10.906	1.036
5.800	13.903	0.987
5.810	-0.665	0.923
5.820	-13.349	0.909
5.830	11.776	0.899
5.840	3.548	0.845
5.850	-14.729	0.850
5.860	8.711	0.865
5.870	7.479	0.835
5.880	-14.935	0.855
5.890	4.952	0.904
5.900	10.814	0.884
5.910	-13.952	0.904
5.920	0.798	0.957
5.930	13.288	0.948
5.940	-11.858	0.953
5.950	-3.419	0.982
5.960	14.703	0.962
5.970	-8.818	0.938
5.980	-7.364	0.957
5.990	14.947	0.914
6.000	-5.077	0.865
6.010	-10.722	0.860
6.020	14.000	0.830
6.030	-0.931	0.787
6.040	-13.226	0.782
6.050	11.938	0.782
6.060	3.290	0.743
6.070	-14.676	0.772
6.080	8.925	0.796
6.090	7.248	0.787
6.100	-14.958	0.821
6.110	5.201	0.879
6.120	10.629	0.894
6.130	-14.048	0.938
6.140	1.063	1.011
6.150	13.163	1.021
6.160	-12.018	1.036
6.170	-3.160	1.085
6.180	14.648	1.080
6.190	-9.032	1.075
6.200	-7.131	1.104
6.210	14.967	1.085
6.220	-5.326	1.045
6.230	-10.535	1.055
6.240	14.094	1.041
6.250	-1.195	0.987
6.260	-13.099	0.997
6.270	12.097	0.987
6.280	3.030	0.957
6.290	-14.619	0.977
6.300	9.137	1.001
6.310	7.014	0.977
6.320	-14.975	1.026
6.330	5.450	1.070
6.340	10.440	1.075
