0.010	3.921	-2.814
0.020	3.904	-2.731
0.030	3.886	-2.648
0.040	3.866	-2.579
0.050	3.845	-2.491
0.060	3.822	-2.408
0.070	3.798	-2.330
0.080	3.772	-2.242
0.090	3.745	-2.169
0.100	3.716	-2.091
0.110	3.686	-2.032
0.120	3.654	-1.935
0.130	3.621	-1.856
0.140	3.586	-1.778
0.150	3.550	-1.710
0.160	3.512	-1.627
0.170	3.473	-1.553
0.180	3.433	-1.480
0.190	3.391	-1.402
0.200	3.348	-1.334
0.210	3.303	-1.255
0.220	3.258	-1.197
0.230	3.211	-1.119
0.240	3.162	-1.045
0.250	3.113	-0.987
0.260	3.062	-0.904
0.270	3.010	-0.860
0.280	2.956	-0.782
0.290	2.902	-0.718
0.300	2.846	-0.655
0.310	2.789	-0.601
0.320	2.732	-0.542
0.330	2.673	-0.469
0.340	2.613	-0.415
0.350	2.551	-0.371
0.360	2.489	-0.327
0.370	2.426	-0.274
0.380	2.362	-0.225
0.390	2.297	-0.171
0.400	2.231	-0.122
0.410	2.164	-0.078
0.420	2.097	-0.034
0.430	2.028	0.020
0.440	1.959	0.049
0.450	1.889	0.098
0.460	1.818	0.137
0.470	1.746	0.156
0.480	1.674	0.200
0.490	1.601	0.230
0.500	1.527	0.254
0.510	1.453	0.274
0.520	1.378	0.298
0.530	1.303	0.322
0.540	1.227	0.347
0.550	1.150	0.366
0.560	1.074	0.391
0.570	0.996	0.405
0.580	0.919	0.420
0.590	0.841	0.430
0.600	0.762	0.435
0.610	0.683	0.440
0.620	0.605	0.449
0.630	0.525	0.449
0.640	0.446	0.449
0.650	0.366	0.449
0.660	0.287	0.454
0.670	0.207	0.454
0.680	0.127	0.449
0.690	0.047	0.454
0.700	-0.033	0.454
0.710	-0.113	0.454
0.720	-0.193	0.454
0.730	-0.273	0.449
0.740	-0.353	0.449
0.750	-0.432	0.449
0.760	-0.512	0.454
0.770	-0.591	0.449
0.780	-0.670	0.449
0.790	-0.749	0.449
0.800	-0.827	0.440
0.810	-0.905	0.435
0.820	-0.983	0.435
0.830	-1.060	0.425
0.840	-1.137	0.415
0.850	-1.214	0.405
0.860	-1.290	0.401
0.870	-1.365	0.386
0.880	-1.440	0.376
0.890	-1.514	0.357
0.900	-1.588	0.337
0.910	-1.661	0.322
0.920	-1.734	0.308
0.930	-1.805	0.288
0.940	-1.876	0.269
0.950	-1.947	0.244
0.960	-2.016	0.220
0.970	-2.085	0.191
0.980	-2.153	0.156
0.990	-2.220	0.137
1.000	-2.286	0.103
1.010	-2.351	0.064
1.020	-2.415	0.034
1.030	-2.479	-0.005
1.040	-2.541	-0.049
1.050	-2.602	-0.093
1.060	-2.662	-0.132
1.070	-2.722	-0.171
1.080	-2.780	-0.215
1.090	-2.837	-0.269
1.100	-2.892	-0.327
1.110	-2.947	-0.371
1.120	-3.001	-0.420
1.130	-3.053	-0.469
1.140	-3.104	-0.537
1.150	-3.154	-0.596
1.160	-3.202	-0.650
1.170	-3.250	-0.703
1.180	-3.296	-0.767
1.190	-3.340	-0.840
1.200	-3.384	-0.894
1.210	-3.426	-0.953
1.220	-3.466	-1.021
1.230	-3.506	-1.089
1.240	-3.543	-1.158
1.250	-3.580	-1.231
1.260	-3.615	-1.304
1.270	-3.648	-1.368
1.280	-3.680	-1.446
1.290	-3.711	-1.519
1.300	-3.740	-1.593
1.310	-3.768	-1.666
1.320	-3.794	-1.734
1.330	-3.818	-1.808
1.340	-3.841	-1.895
1.350	-3.863	-1.969
1.360	-3.883	-2.047
1.370	-3.901	-2.115
1.380	-3.918	-2.213
1.390	-3.934	-2.286
1.400	-3.947	-2.360
1.410	-3.959	-2.438
1.420	-3.970	-2.516
1.430	-3.979	-2.604
1.440	-3.986	-2.682
1.450	-3.992	-2.755
1.460	-3.996	-2.838
1.470	-3.999	-2.916
1.480	-4.000	-3.009
1.490	-3.999	-3.083
1.500	-3.997	-3.156
1.510	-3.993	-3.249
1.520	-3.988	-3.327
1.530	-3.981	-3.405
1.540	-3.972	-3.493
1.550	-3.962	-3.576
1.560	-3.950	-3.639
1.570	-3.937	-3.727
1.580	-3.922	-3.796
1.590	-3.906	-3.889
1.600	-3.888	-3.962
1.610	-3.868	-4.045
1.620	-3.847	-4.104
1.630	-3.824	-4.201
1.640	-3.800	-4.260
1.650	-3.774	-4.348
1.660	-3.747	-4.431
1.670	-3.718	-4.504
1.680	-3.688	-4.573
1.690	-3.656	-4.670
1.700	-3.623	-4.734
1.710	-3.589	-4.807
1.720	-3.553	-4.885
1.730	-3.515	-4.939
1.740	-3.476	-5.017
1.750	-3.436	-5.095
1.760	-3.394	-5.159
1.770	-3.351	-5.242
1.780	-3.307	-5.291
1.790	-3.261	-5.354
1.800	-3.214	-5.427
1.810	-3.166	-5.476
1.820	-3.117	-5.550
1.830	-3.066	-5.623
1.840	-3.014	-5.691
1.850	-2.961	-5.745
1.860	-2.906	-5.809
1.870	-2.851	-5.862
1.880	-2.794	-5.921
1.890	-2.736	-5.979
1.900	-2.677	-6.028
1.910	-2.617	-6.077
1.920	-2.556	-6.146
1.930	-2.494	-6.185
1.940	-2.431	-6.238
1.950	-2.367	-6.292
1.960	-2.302	-6.331
1.970	-2.236	-6.370
1.980	-2.170	-6.429
1.990	-2.102	-6.458
2.000	-2.034	-6.507
2.010	-1.964	-6.536
2.020	-1.894	-6.575
2.030	-1.823	-6.610
2.040	-1.752	-6.649
2.050	-1.679	-6.683
2.060	-1.607	-6.702
2.070	-1.533	-6.742
2.080	-1.459	-6.766
2.090	-1.384	-6.781
2.100	-1.309	-6.810
2.110	-1.233	-6.825
2.120	-1.156	-6.844
2.130	-1.080	-6.859
2.140	-1.002	-6.888
2.150	-0.925	-6.903
2.160	-0.847	-6.913
2.170	-0.768	-6.927
2.180	-0.690	-6.937
2.190	-0.611	-6.952
2.200	-0.532	-6.952
2.210	-0.452	-6.952
2.220	-0.373	-6.952
2.230	-0.293	-6.952
2.240	-0.213	-6.952
2.250	-0.133	-6.952
2.260	-0.053	-6.952
2.270	0.027	-6.952
2.280	0.107	-6.952
2.290	0.187	-6.952
2.300	0.267	-6.952
2.310	0.346	-6.952
2.320	0.426	-6.952
2.330	0.505	-6.952
2.340	0.585	-6.952
2.350	0.664	-6.952
2.360	0.742	-6.952
2.370	0.821	-6.947
2.380	0.899	-6.942
2.390	0.977	-6.932
2.400	1.054	-6.927
2.410	1.131	-6.917
2.420	1.208	-6.913
2.430	1.284	-6.903
2.440	1.359	-6.888
2.450	1.434	-6.873
2.460	1.509	-6.854
2.470	1.582	-6.844
2.480	1.655	-6.820
2.490	1.728	-6.805
2.500	1.800	-6.781
2.510	1.871	-6.766
2.520	1.941	-6.742
2.530	2.011	-6.712
2.540	2.079	-6.698
2.550	2.147	-6.673
2.560	2.214	-6.634
2.570	2.281	-6.605
2.580	2.346	-6.571
2.590	2.410	-6.536
2.600	2.474	-6.512
2.610	2.536	-6.478
2.620	2.597	-6.439
2.630	2.658	-6.400
2.640	2.717	-6.346
2.650	2.775	-6.317
2.660	2.832	-6.273
2.670	2.888	-6.219
2.680	2.943	-6.170
2.690	2.996	-6.131
2.700	3.049	-6.063
2.710	3.100	-6.019
2.720	3.150	-5.970
2.730	3.199	-5.916
2.740	3.246	-5.852
2.750	3.292	-5.804
2.760	3.337	-5.725
2.770	3.380	-5.686
2.780	3.422	-5.608
2.790	3.463	-5.545
2.800	3.502	-5.476
2.810	3.540	-5.432
2.820	3.577	-5.354
2.830	3.612	-5.286
2.840	3.646	-5.237
2.850	3.678	-5.159
2.860	3.709	-5.085
2.870	3.738	-5.007
2.880	3.766	-4.934
2.890	3.792	-4.880
2.900	3.816	-4.807
2.910	3.840	-4.729
2.920	3.861	-4.670
2.930	3.881	-4.573
2.940	3.900	-4.499
2.950	3.917	-4.431
2.960	3.932	-4.343
2.970	3.946	-4.255
2.980	3.959	-4.206
2.990	3.969	-4.104
3.000	3.978	-4.045
3.010	3.986	-3.962
3.020	3.992	-3.889
3.030	3.996	-3.796
3.040	3.999	-3.727
3.050	4.000	-3.635
3.060	3.999	-3.571
3.070	3.997	-3.488
3.080	3.994	-3.400
3.090	3.988	-3.327
3.100	3.982	-3.249
3.110	3.973	-3.161
3.120	3.963	-3.083
3.130	3.951	-3.009
3.140	3.938	-2.912
3.150	3.923	-2.833
3.160	3.907	-2.750
3.170	3.889	-2.677
3.180	3.870	-2.599
3.190	3.849	-2.496
3.200	3.826	-2.428
3.210	3.802	-2.350
3.220	3.776	-2.277
3.230	3.749	-2.198
3.240	3.721	-2.110
3.250	3.691	-2.047
3.260	3.659	-1.959
3.270	3.626	-1.871
3.280	3.591	-1.798
3.290	3.556	-1.724
3.300	3.518	-1.656
3.310	3.479	-1.578
3.320	3.439	-1.505
3.330	3.398	-1.426
3.340	3.355	-1.348
3.350	3.311	-1.290
3.360	3.265	-1.216
3.370	3.218	-1.143
3.380	3.170	-1.075
3.390	3.121	-1.001
3.400	3.070	-0.933
3.410	3.018	-0.865
3.420	2.965	-0.801
3.430	2.911	-0.728
3.440	2.855	-0.684
3.450	2.799	-0.620
3.460	2.741	-0.552
3.470	2.682	-0.498
3.480	2.622	-0.435
3.490	2.561	-0.386
3.500	2.499	-0.342
3.510	2.436	-0.293
3.520	2.372	-0.239
3.530	2.307	-0.191
3.540	2.242	-0.137
3.550	2.175	-0.103
3.560	2.107	-0.054
3.570	2.039	0.000
3.580	1.970	0.034
3.590	1.900	0.073
3.600	1.829	0.117
3.610	1.757	0.151
3.620	1.685	0.181
3.630	1.612	0.220
3.640	1.539	0.239
3.650	1.465	0.269
3.660	1.390	0.283
3.670	1.315	0.308
3.680	1.239	0.332
3.690	1.163	0.352
3.700	1.086	0.371
3.710	1.009	0.396
3.720	0.931	0.405
3.730	0.853	0.415
3.740	0.775	0.430
3.750	0.696	0.435
3.760	0.617	0.435
3.770	0.538	0.440
3.780	0.459	0.440
3.790	0.379	0.440
3.800	0.299	0.440
3.810	0.219	0.440
3.820	0.140	0.440
3.830	0.060	0.440
3.840	-0.020	0.440
3.850	-0.100	0.440
3.860	-0.180	0.440
3.870	-0.260	0.440
3.880	-0.340	0.440
3.890	-0.420	0.440
3.900	-0.499	0.440
3.910	-0.578	0.440
3.920	-0.657	0.440
3.930	-0.736	0.435
3.940	-0.815	0.435
3.950	-0.893	0.430
3.960	-0.971	0.420
3.970	-1.048	0.420
3.980	-1.125	0.410
3.990	-1.202	0.401
4.000	-1.278	0.401
4.010	-1.353	0.381
4.020	-1.428	0.371
4.030	-1.503	0.352
4.040	-1.576	0.337
4.050	-1.650	0.322
4.060	-1.722	0.308
4.070	-1.794	0.278
4.080	-1.865	0.269
4.090	-1.936	0.244
4.100	-2.005	0.225
4.110	-2.074	0.195
4.120	-2.142	0.166
4.130	-2.209	0.137
4.140	-2.275	0.107
4.150	-2.341	0.073
4.160	-2.405	0.039
4.170	-2.469	0.005
4.180	-2.531	-0.044
4.190	-2.592	-0.088
4.200	-2.653	-0.122
4.210	-2.712	-0.176
4.220	-2.770	-0.210
4.230	-2.828	-0.259
4.240	-2.884	-0.318
4.250	-2.938	-0.357
4.260	-2.992	-0.405
4.270	-3.045	-0.459
4.280	-3.096	-0.528
4.290	-3.146	-0.586
4.300	-3.195	-0.640
4.310	-3.242	-0.699
4.320	-3.288	-0.777
4.330	-3.333	-0.816
4.340	-3.377	-0.879
4.350	-3.419	-0.938
4.360	-3.460	-1.011
4.370	-3.499	-1.085
4.380	-3.537	-1.148
4.390	-3.574	-1.216
4.400	-3.609	-1.295
4.410	-3.643	-1.358
4.420	-3.675	-1.426
4.430	-3.706	-1.519
4.440	-3.736	-1.578
4.450	-3.763	-1.651
4.460	-3.790	-1.720
4.470	-3.815	-1.798
4.480	-3.838	-1.876
4.490	-3.860	-1.949
4.500	-3.880	-2.037
4.510	-3.899	-2.110
4.520	-3.916	-2.189
4.530	-3.931	-2.267
4.540	-3.945	-2.364
4.550	-3.958	-2.418
4.560	-3.968	-2.501
4.570	-3.978	-2.589
4.580	-3.985	-2.658
4.590	-3.991	-2.741
4.600	-3.996	-2.824
4.610	-3.999	-2.902
4.620	-4.000	-2.990
4.630	-4.000	-3.073
4.640	-3.998	-3.146
4.650	-3.994	-3.229
4.660	-3.989	-3.312
4.670	-3.982	-3.390
4.680	-3.974	-3.493
4.690	-3.964	-3.556
4.700	-3.952	-3.625
4.710	-3.939	-3.718
4.720	-3.925	-3.786
4.730	-3.908	-3.869
4.740	-3.891	-3.947
4.750	-3.871	-4.016
4.760	-3.850	-4.099
4.770	-3.828	-4.177
4.780	-3.804	-4.250
4.790	-3.779	-4.353
4.800	-3.752	-4.411
4.810	-3.723	-4.485
4.820	-3.693	-4.563
4.830	-3.662	-4.651
4.840	-3.629	-4.719
4.850	-3.594	-4.783
4.860	-3.558	-4.871
4.870	-3.521	-4.929
4.880	-3.483	-5.002
4.890	-3.442	-5.081
4.900	-3.401	-5.164
4.910	-3.358	-5.217
4.920	-3.314	-5.281
4.930	-3.269	-5.330
4.940	-3.222	-5.418
4.950	-3.174	-5.467
4.960	-3.125	-5.540
4.970	-3.074	-5.603
4.980	-3.022	-5.681
4.990	-2.969	-5.721
5.000	-2.915	-5.799
5.010	-2.860	-5.862
5.020	-2.803	-5.906
5.030	-2.745	-5.960
5.040	-2.687	-6.014
5.050	-2.627	-6.063
5.060	-2.566	-6.131
5.070	-2.504	-6.170
5.080	-2.441	-6.219
5.090	-2.377	-6.282
5.100	-2.313	-6.321
5.110	-2.247	-6.365
5.120	-2.180	-6.429
5.130	-2.113	-6.444
5.140	-2.044	-6.502
5.150	-1.975	-6.527
5.160	-1.905	-6.561
5.170	-1.835	-6.605
5.180	-1.763	-6.634
5.190	-1.691	-6.673
5.200	-1.618	-6.702
5.210	-1.545	-6.732
5.220	-1.471	-6.761
5.230	-1.396	-6.776
5.240	-1.321	-6.800
5.250	-1.245	-6.820
5.260	-1.169	-6.844
5.270	-1.092	-6.854
5.280	-1.015	-6.878
5.290	-0.937	-6.898
5.300	-0.859	-6.908
5.310	-0.781	-6.922
5.320	-0.702	-6.932
5.330	-0.623	-6.942
5.340	-0.544	-6.952
5.350	-0.465	-6.952
5.360	-0.385	-6.952
5.370	-0.306	-6.952
5.380	-0.226	-6.952
5.390	-0.146	-6.952
5.400	-0.066	-6.952
5.410	0.014	-6.952
5.420	0.094	-6.952
5.430	0.174	-6.952
5.440	0.254	-6.952
5.450	0.334	-6.952
5.460	0.413	-6.952
5.470	0.493	-6.952
5.480	0.572	-6.952
5.490	0.651	-6.952
5.500	0.730	-6.952
5.510	0.808	-6.947
5.520	0.887	-6.937
5.530	0.964	-6.932
5.540	1.042	-6.927
5.550	1.119	-6.922
5.560	1.196	-6.913
5.570	1.272	-6.903
5.580	1.347	-6.893
5.590	1.422	-6.873
5.600	1.497	-6.859
5.610	1.571	-6.844
5.620	1.644	-6.830
5.630	1.716	-6.810
5.640	1.788	-6.786
5.650	1.860	-6.771
5.660	1.930	-6.746
5.670	2.000	-6.722
5.680	2.069	-6.698
5.690	2.137	-6.678
5.700	2.204	-6.634
5.710	2.270	-6.610
5.720	2.336	-6.590
5.730	2.400	-6.541
5.740	2.464	-6.517
5.750	2.526	-6.492
5.760	2.588	-6.444
5.770	2.648	-6.409
5.780	2.708	-6.365
5.790	2.766	-6.326
5.800	2.823	-6.287
5.810	2.879	-6.238
5.820	2.934	-6.190
5.830	2.988	-6.146
5.840	3.041	-6.063
5.850	3.092	-6.033
5.860	3.142	-5.984
5.870	3.191	-5.926
5.880	3.239	-5.867
5.890	3.285	-5.813
5.900	3.330	-5.745
5.910	3.373	-5.696
5.920	3.416	-5.623
5.930	3.457	-5.559
5.940	3.496	-5.506
5.950	3.534	-5.427
5.960	3.571	-5.374
5.970	3.607	-5.300
5.980	3.640	-5.252
5.990	3.673	-5.169
6.000	3.704	-5.105
6.010	3.733	-5.022
6.020	3.761	-4.958
6.030	3.788	-4.890
6.040	3.813	-4.827
6.050	3.836	-4.744
6.060	3.858	-4.670
6.070	3.878	-4.597
6.080	3.897	-4.529
6.090	3.914	-4.446
6.100	3.930	-4.358
6.110	3.944	-4.284
6.120	3.957	-4.216
6.130	3.968	-4.133
6.140	3.977	-4.060
6.150	3.985	-3.972
6.160	3.991	-3.908
6.170	3.996	-3.796
6.180	3.999	-3.732
6.190	4.000	-3.659
6.200	4.000	-3.581
6.210	3.998	-3.503
6.220	3.994	-3.410
6.230	3.989	-3.341
6.240	3.983	-3.263
6.250	3.975	-3.185
6.260	3.965	-3.097
6.270	3.953	-3.024
6.280	3.940	-2.907
6.290	3.926	-2.858
6.300	3.910	-2.770
6.310	3.892	-2.702
6.320	3.873	-2.618
6.330	3.852	-2.535
6.340	3.830	-2.457
6.350	3.806	-2.379
6.360	3.781	-2.306
6.370	3.754	-2.223
6.380	3.725	-2.130
6.390	3.695	-2.052
6.400	3.664	-1.979
6.410	3.631	-1.905
6.420	3.597	-1.798
6.430	3.561	-1.744
6.440	3.524	-1.676
6.450	3.486	-1.597
6.460	3.446	-1.519
6.470	3.404	-1.446
6.480	3.362	-1.363
6.490	3.318	-1.304
6.500	3.272	-1.231
6.510	3.226	-1.158
6.520	3.178	-1.089
6.530	3.129	-1.006
6.540	3.078	-0.948
6.550	3.026	-0.884
6.560	2.973	-0.821
6.570	2.919	-0.747
6.580	2.864	-0.699
6.590	2.808	-0.635
6.600	2.750	-0.576
6.610	2.691	-0.513
6.620	2.632	-0.445
6.630	2.571	-0.401
6.640	2.509	-0.342
6.650	2.446	-0.313
6.660	2.383	-0.254
6.670	2.318	-0.205
6.680	2.252	-0.151
6.690	2.186	-0.107
6.700	2.118	-0.068
6.710	2.050	-0.015
6.720	1.981	0.029
6.730	1.911	0.059
6.740	1.840	0.103
6.750	1.769	0.142
6.760	1.697	0.166
6.770	1.624	0.205
6.780	1.551	0.234
6.790	1.477	0.254
6.800	1.402	0.274
6.810	1.327	0.298
6.820	1.251	0.322
6.830	1.175	0.337
6.840	1.098	0.357
6.850	1.021	0.381
6.860	0.943	0.396
6.870	0.865	0.410
6.880	0.787	0.415
6.890	0.709	0.425
6.900	0.630	0.430
6.910	0.551	0.435
6.920	0.471	0.435
6.930	0.392	0.435
6.940	0.312	0.435
6.950	0.232	0.435
6.960	0.152	0.435
6.970	0.072	0.435
6.980	-0.008	0.435
6.990	-0.088	0.435
7.000	-0.168	0.435
7.010	-0.248	0.435
7.020	-0.327	0.435
7.030	-0.407	0.435
7.040	-0.486	0.435
7.050	-0.566	0.435
7.060	-0.645	0.435
7.070	-0.724	0.435
7.080	-0.802	0.430
7.090	-0.880	0.430
7.100	-0.958	0.425
7.110	-1.036	0.410
7.120	-1.113	0.405
7.130	-1.189	0.405
7.140	-1.266	0.396
7.150	-1.341	0.381
7.160	-1.416	0.371
7.170	-1.491	0.352
7.180	-1.565	0.332
7.190	-1.638	0.318
7.200	-1.711	0.298
7.210	-1.783	0.283
7.220	-1.854	0.264
7.230	-1.924	0.244
7.240	-1.994	0.225
7.250	-2.063	0.200
7.260	-2.131	0.161
7.270	-2.199	0.142
7.280	-2.265	0.112
7.290	-2.330	0.073
7.300	-2.395	0.039
7.310	-2.459	0.005
7.320	-2.521	-0.039
7.330	-2.583	-0.093
7.340	-2.643	-0.117
7.350	-2.703	-0.161
7.360	-2.761	-0.205
7.370	-2.819	-0.254
7.380	-2.875	-0.308
7.390	-2.930	-0.352
7.400	-2.984	-0.401
7.410	-3.036	-0.449
7.420	-3.088	-0.518
7.430	-3.138	-0.576
7.440	-3.187	-0.630
7.450	-3.235	-0.694
7.460	-3.281	-0.743
7.470	-3.326	-0.835
7.480	-3.370	-0.874
7.490	-3.412	-0.933
7.500	-3.454	-1.001
7.510	-3.493	-1.070
7.520	-3.531	-1.138
7.530	-3.568	-1.212
7.540	-3.604	-1.285
7.550	-3.638	-1.348
7.560	-3.670	-1.422
7.570	-3.701	-1.495
7.580	-3.731	-1.583
7.590	-3.759	-1.637
7.600	-3.786	-1.715
7.610	-3.811	-1.788
7.620	-3.834	-1.866
7.630	-3.856	-1.939
7.640	-3.877	-2.032
7.650	-3.896	-2.101
7.660	-3.913	-2.174
7.670	-3.929	-2.252
7.680	-3.943	-2.335
7.690	-3.956	-2.428
7.700	-3.967	-2.496
7.710	-3.976	-2.574
7.720	-3.984	-2.648
7.730	-3.991	-2.736
7.740	-3.995	-2.814
7.750	-3.998	-2.897
7.760	-4.000	-2.980
7.770	-4.000	-3.058
7.780	-3.998	-3.141
7.790	-3.995	-3.219
7.800	-3.990	-3.327
7.810	-3.983	-3.381
7.820	-3.975	-3.473
7.830	-3.966	-3.547
7.840	-3.954	-3.605
7.850	-3.942	-3.703
7.860	-3.927	-3.776
7.870	-3.911	-3.884
7.880	-3.894	-3.937
7.890	-3.875	-4.001
7.900	-3.854	-4.084
7.910	-3.832	-4.162
7.920	-3.808	-4.255
7.930	-3.783	-4.333
7.940	-3.756	-4.397
7.950	-3.728	-4.475
7.960	-3.698	-4.553
7.970	-3.667	-4.670
7.980	-3.634	-4.709
7.990	-3.600	-4.758
8.000	-3.564	-4.861
8.010	-3.527	-4.924
8.020	-3.489	-4.993
8.030	-3.449	-5.066
8.040	-3.408	-5.139
8.050	-3.365	-5.203
8.060	-3.321	-5.276
8.070	-3.276	-5.330
8.080	-3.229	-5.408
8.090	-3.182	-5.457
8.100	-3.132	-5.530
8.110	-3.082	-5.594
8.120	-3.031	-5.672
8.130	-2.978	-5.716
8.140	-2.924	-5.794
8.150	-2.869	-5.843
8.160	-2.812	-5.921
8.170	-2.755	-5.955
8.180	-2.696	-6.014
8.190	-2.637	-6.058
8.200	-2.576	-6.126
8.210	-2.514	-6.165
8.220	-2.451	-6.214
8.230	-2.388	-6.277
8.240	-2.323	-6.321
8.250	-2.257	-6.365
8.260	-2.191	-6.409
8.270	-2.124	-6.448
8.280	-2.055	-6.502
8.290	-1.986	-6.522
8.300	-1.917	-6.561
8.310	-1.846	-6.605
8.320	-1.775	-6.634
8.330	-1.703	-6.673
8.340	-1.630	-6.698
8.350	-1.556	-6.727
8.360	-1.482	-6.756
8.370	-1.408	-6.776
8.380	-1.333	-6.800
8.390	-1.257	-6.820
8.400	-1.181	-6.844
8.410	-1.104	-6.854
8.420	-1.027	-6.878
8.430	-0.950	-6.898
8.440	-0.872	-6.913
8.450	-0.793	-6.922
8.460	-0.715	-6.932
8.470	-0.636	-6.947
8.480	-0.557	-6.952
8.490	-0.478	-6.952
8.500	-0.398	-6.952
8.510	-0.318	-6.952
8.520	-0.239	-6.952
8.530	-0.159	-6.952
8.540	-0.079	-6.952
8.550	0.001	-6.952
8.560	0.081	-6.952
8.570	0.161	-6.952
8.580	0.241	-6.952
8.590	0.321	-6.952
8.600	0.401	-6.952
8.610	0.480	-6.957
8.620	0.559	-6.952
8.630	0.639	-6.952
8.640	0.717	-6.952
8.650	0.796	-6.952
8.660	0.874	-6.947
8.670	0.952	-6.942
8.680	1.030	-6.932
8.690	1.107	-6.927
8.700	1.183	-6.917
8.710	1.260	-6.908
8.720	1.335	-6.898
8.730	1.410	-6.883
8.740	1.485	-6.869
8.750	1.559	-6.849
8.760	1.632	-6.834
8.770	1.705	-6.815
8.780	1.777	-6.795
8.790	1.848	-6.781
8.800	1.919	-6.756
8.810	1.989	-6.732
8.820	2.058	-6.702
8.830	2.126	-6.688
8.840	2.193	-6.659
8.850	2.260	-6.619
8.860	2.325	-6.600
8.870	2.390	-6.546
8.880	2.454	-6.517
8.890	2.516	-6.502
8.900	2.578	-6.444
8.910	2.639	-6.419
8.920	2.698	-6.370
8.930	2.757	-6.331
8.940	2.814	-6.297
8.950	2.870	-6.243
8.960	2.925	-6.190
8.970	2.979	-6.150
8.980	3.032	-6.097
8.990	3.084	-6.038
9.000	3.134	-5.989
9.010	3.183	-5.936
9.020	3.231	-5.872
9.030	3.278	-5.823
9.040	3.323	-5.760
9.050	3.367	-5.701
9.060	3.409	-5.647
9.070	3.450	-5.569
9.080	3.490	-5.515
9.090	3.528	-5.447
9.100	3.565	-5.388
9.110	3.601	-5.315
9.120	3.635	-5.256
9.130	3.668	-5.178
9.140	3.699	-5.115
9.150	3.729	-5.037
9.160	3.757	-4.978
9.170	3.784	-4.905
9.180	3.809	-4.836
9.190	3.832	-4.748
9.200	3.855	-4.695
9.210	3.875	-4.612
9.220	3.894	-4.543
9.230	3.912	-4.450
9.240	3.928	-4.367
9.250	3.942	-4.304
9.260	3.955	-4.226
9.270	3.966	-4.148
9.280	3.976	-4.064
9.290	3.984	-3.981
9.300	3.990	-3.918
9.310	3.995	-3.835
9.320	3.998	-3.742
9.330	4.000	-3.674
9.340	4.000	-3.591
9.350	3.998	-3.512
9.360	3.995	-3.429
9.370	3.990	-3.356
9.380	3.984	-3.278
9.390	3.976	-3.205
9.400	3.966	-3.117
9.410	3.955	-3.019
9.420	3.943	-2.951
9.430	3.928	-2.853
9.440	3.913	-2.785
9.450	3.895	-2.716
9.460	3.876	-2.628
9.470	3.856	-2.545
9.480	3.834	-2.462
9.490	3.810	-2.389
9.500	3.785	-2.311
9.510	3.758	-2.223
9.520	3.730	-2.145
9.530	3.700	-2.062
9.540	3.669	-1.988
9.550	3.637	-1.910
9.560	3.603	-1.837
9.570	3.567	-1.759
9.580	3.530	-1.690
9.590	3.492	-1.607
9.600	3.452	-1.534
9.610	3.411	-1.456
9.620	3.369	-1.383
9.630	3.325	-1.309
9.640	3.280	-1.241
9.650	3.233	-1.168
9.660	3.185	-1.094
9.670	3.136	-1.021
9.680	3.086	-0.943
9.690	3.035	-0.899
9.700	2.982	-0.806
9.710	2.928	-0.762
9.720	2.873	-0.699
9.730	2.817	-0.640
9.740	2.759	-0.586
9.750	2.701	-0.528
9.760	2.641	-0.454
9.770	2.581	-0.401
9.780	2.519	-0.357
9.790	2.456	-0.303
9.800	2.393	-0.264
9.810	2.328	-0.200
9.820	2.263	-0.156
9.830	2.196	-0.117
9.840	2.129	-0.073
9.850	2.061	-0.024
9.860	1.992	0.029
9.870	1.922	0.054
9.880	1.852	0.112
9.890	1.780	0.137
9.900	1.708	0.176
9.910	1.636	0.205
9.920	1.562	0.234
9.930	1.488	0.254
9.940	1.414	0.278
9.950	1.339	0.298
9.960	1.263	0.322
9.970	1.187	0.337
9.980	1.110	0.366
9.990	1.033	0.391
10.000	0.956	0.401
10.010	0.878	0.415
10.020	0.800	0.425
10.030	0.721	0.430
10.040	0.642	0.435
10.050	0.563	0.435
10.060	0.484	0.440
10.070	0.404	0.440
10.080	0.325	0.440
10.090	0.245	0.440
10.100	0.165	0.440
10.110	0.085	0.440
10.120	0.005	0.440
10.130	-0.075	0.440
10.140	-0.155	0.440
10.150	-0.235	0.440
10.160	-0.315	0.440
10.170	-0.394	0.440
10.180	-0.474	0.440
10.190	-0.553	0.440
10.200	-0.632	0.435
10.210	-0.711	0.435
10.220	-0.790	0.435
10.230	-0.868	0.430
10.240	-0.946	0.425
10.250	-1.023	0.420
10.260	-1.101	0.410
10.270	-1.177	0.405
10.280	-1.253	0.396
10.290	-1.329	0.391
10.300	-1.404	0.376
10.310	-1.479	0.357
10.320	-1.553	0.337
10.330	-1.626	0.327
10.340	-1.699	0.308
10.350	-1.771	0.288
10.360	-1.843	0.274
10.370	-1.913	0.254
10.380	-1.983	0.234
10.390	-2.052	0.200
10.400	-2.120	0.176
10.410	-2.188	0.142
10.420	-2.254	0.127
10.430	-2.320	0.083
10.440	-2.385	0.049
10.450	-2.448	0.024
10.460	-2.511	-0.020
10.470	-2.573	-0.068
10.480	-2.634	-0.112
10.490	-2.693	-0.142
10.500	-2.752	-0.191
10.510	-2.810	-0.234
10.520	-2.866	-0.293
10.530	-2.921	-0.337
10.540	-2.975	-0.386
10.550	-3.028	-0.435
10.560	-3.080	-0.503
10.570	-3.130	-0.552
10.580	-3.179	-0.620
10.590	-3.227	-0.684
10.600	-3.274	-0.723
10.610	-3.319	-0.796
10.620	-3.363	-0.865
10.630	-3.406	-0.914
10.640	-3.447	-0.987
10.650	-3.487	-1.050
10.660	-3.525	-1.124
10.670	-3.563	-1.192
10.680	-3.598	-1.255
10.690	-3.632	-1.334
10.700	-3.665	-1.402
10.710	-3.696	-1.475
10.720	-3.726	-1.544
10.730	-3.755	-1.622
10.740	-3.781	-1.700
10.750	-3.807	-1.773
10.760	-3.831	-1.842
10.770	-3.853	-1.925
10.780	-3.874	-2.008
10.790	-3.893	-2.081
10.800	-3.910	-2.159
10.810	-3.926	-2.228
10.820	-3.941	-2.320
10.830	-3.954	-2.399
10.840	-3.965	-2.472
10.850	-3.975	-2.560
10.860	-3.983	-2.638
10.870	-3.990	-2.716
10.880	-3.995	-2.794
10.890	-3.998	-2.877
10.900	-4.000	-2.956
10.910	-4.000	-3.034
10.920	-3.998	-3.122
10.930	-3.995	-3.205
10.940	-3.991	-3.278
10.950	-3.985	-3.361
10.960	-3.977	-3.439
10.970	-3.967	-3.517
10.980	-3.956	-3.596
10.990	-3.944	-3.683
11.000	-3.930	-3.747
11.010	-3.914	-3.845
11.020	-3.897	-3.923
11.030	-3.878	-3.986
11.040	-3.857	-4.074
11.050	-3.835	-4.148
11.060	-3.812	-4.231
11.070	-3.787	-4.314
11.080	-3.760	-4.377
11.090	-3.732	-4.460
11.100	-3.703	-4.543
11.110	-3.672	-4.612
11.120	-3.639	-4.695
11.130	-3.605	-4.748
11.140	-3.570	-4.836
11.150	-3.533	-4.915
11.160	-3.495	-4.983
11.170	-3.455	-5.051
11.180	-3.414	-5.120
11.190	-3.372	-5.183
11.200	-3.328	-5.261
11.210	-3.283	-5.315
11.220	-3.237	-5.388
11.230	-3.189	-5.442
11.240	-3.140	-5.515
11.250	-3.090	-5.574
11.260	-3.039	-5.657
11.270	-2.986	-5.706
11.280	-2.932	-5.774
11.290	-2.877	-5.828
11.300	-2.821	-5.877
11.310	-2.764	-5.940
11.320	-2.706	-5.994
11.330	-2.646	-6.043
11.340	-2.586	-6.102
11.350	-2.524	-6.155
11.360	-2.461	-6.199
11.370	-2.398	-6.258
11.380	-2.333	-6.312
11.390	-2.268	-6.346
11.400	-2.202	-6.390
11.410	-2.134	-6.439
11.420	-2.066	-6.483
11.430	-1.997	-6.517
11.440	-1.928	-6.541
11.450	-1.857	-6.595
11.460	-1.786	-6.619
11.470	-1.714	-6.663
11.480	-1.641	-6.688
11.490	-1.568	-6.712
11.500	-1.494	-6.742
11.510	-1.420	-6.766
11.520	-1.345	-6.781
11.530	-1.269	-6.815
11.540	-1.193	-6.830
11.550	-1.116	-6.849
11.560	-1.039	-6.859
11.570	-0.962	-6.883
11.580	-0.884	-6.903
11.590	-0.806	-6.913
11.600	-0.727	-6.922
11.610	-0.649	-6.927
11.620	-0.569	-6.942
11.630	-0.490	-6.947
11.640	-0.411	-6.952
11.650	-0.331	-6.947
11.660	-0.251	-6.952
11.670	-0.171	-6.947
11.680	-0.091	-6.947
11.690	-0.011	-6.952
11.700	0.069	-6.952
11.710	0.149	-6.952
11.720	0.228	-6.952
11.730	0.308	-6.952
11.740	0.388	-6.952
11.750	0.468	-6.952
11.760	0.547	-6.952
11.770	0.626	-6.947
11.780	0.705	-6.947
11.790	0.783	-6.942
11.800	0.862	-6.937
11.810	0.940	-6.932
11.820	1.017	-6.932
11.830	1.094	-6.922
11.840	1.171	-6.913
11.850	1.247	-6.903
11.860	1.323	-6.893
11.870	1.398	-6.878
11.880	1.473	-6.859
11.890	1.547	-6.849
11.900	1.621	-6.834
11.910	1.693	-6.815
11.920	1.766	-6.790
11.930	1.837	-6.776
11.940	1.908	-6.756
11.950	1.978	-6.732
11.960	2.047	-6.702
11.970	2.115	-6.688
11.980	2.183	-6.654
11.990	2.249	-6.619
12.000	2.315	-6.600
12.010	2.380	-6.556
12.020	2.443	-6.517
12.030	2.506	-6.502
12.040	2.568	-6.444
12.050	2.629	-6.424
12.060	2.689	-6.370
12.070	2.747	-6.331
12.080	2.805	-6.297
12.090	2.861	-6.253
12.100	2.917	-6.194
12.110	2.971	-6.155
12.120	3.024	-6.097
12.130	3.076	-6.048
12.140	3.126	-5.999
12.150	3.175	-5.945
12.160	3.223	-5.882
12.170	3.270	-5.828
12.180	3.316	-5.774
12.190	3.360	-5.706
12.200	3.402	-5.662
12.210	3.444	-5.579
12.220	3.484	-5.525
12.230	3.522	-5.452
12.240	3.560	-5.403
12.250	3.595	-5.325
12.260	3.630	-5.261
12.270	3.663	-5.188
12.280	3.694	-5.120
12.290	3.724	-5.056
12.300	3.752	-4.983
12.310	3.779	-4.915
12.320	3.805	-4.846
12.330	3.829	-4.753
12.340	3.851	-4.704
12.350	3.872	-4.621
12.360	3.891	-4.553
12.370	3.909	-4.460
12.380	3.925	-4.392
12.390	3.940	-4.319
12.400	3.953	-4.240
12.410	3.964	-4.157
12.420	3.974	-4.084
12.430	3.982	-3.996
12.440	3.989	-3.928
12.450	3.994	-3.850
12.460	3.998	-3.762
12.470	4.000	-3.693
12.480	4.000	-3.596
12.490	3.999	-3.522
12.500	3.996	-3.444
12.510	3.991	-3.371
12.520	3.985	-3.283
12.530	3.977	-3.214
12.540	3.968	-3.136
12.550	3.957	-3.043
12.560	3.945	-2.970
12.570	3.931	-2.887
12.580	3.915	-2.799
12.590	3.898	-2.721
12.600	3.879	-2.638
12.610	3.859	-2.574
12.620	3.837	-2.477
12.630	3.814	-2.404
12.640	3.789	-2.325
12.650	3.762	-2.233
12.660	3.735	-2.159
12.670	3.705	-2.086
12.680	3.674	-2.018
12.690	3.642	-1.925
12.700	3.608	-1.847
12.710	3.573	-1.778
12.720	3.536	-1.700
12.730	3.498	-1.622
12.740	3.459	-1.544
12.750	3.418	-1.470
12.760	3.375	-1.402
12.770	3.332	-1.324
12.780	3.287	-1.246
12.790	3.241	-1.187
12.800	3.193	-1.109
12.810	3.144	-1.041
12.820	3.094	-0.977
12.830	3.043	-0.904
12.840	2.990	-0.850
12.850	2.937	-0.777
12.860	2.882	-0.718
12.870	2.826	-0.655
12.880	2.769	-0.596
12.890	2.710	-0.537
12.900	2.651	-0.469
12.910	2.590	-0.415
12.920	2.529	-0.366
12.930	2.467	-0.327
12.940	2.403	-0.274
12.950	2.339	-0.220
12.960	2.273	-0.171
12.970	2.207	-0.122
12.980	2.140	-0.078
12.990	2.072	-0.034
13.000	2.003	0.020
13.010	1.933	0.049
13.020	1.863	0.093
13.030	1.792	0.132
13.040	1.720	0.151
13.050	1.647	0.191
13.060	1.574	0.225
13.070	1.500	0.244
13.080	1.426	0.274
13.090	1.351	0.293
13.100	1.275	0.313
13.110	1.199	0.332
13.120	1.123	0.352
13.130	1.046	0.376
13.140	0.968	0.396
13.150	0.890	0.405
13.160	0.812	0.415
13.170	0.734	0.425
13.180	0.655	0.435
13.190	0.576	0.435
13.200	0.497	0.440
13.210	0.417	0.435
13.220	0.337	0.435
13.230	0.258	0.435
13.240	0.178	0.440
13.250	0.098	0.435
13.260	0.018	0.440
13.270	-0.062	0.435
13.280	-0.142	0.435
13.290	-0.222	0.435
13.300	-0.302	0.435
13.310	-0.382	0.440
13.320	-0.461	0.435
13.330	-0.541	0.440
13.340	-0.620	0.435
13.350	-0.699	0.435
13.360	-0.777	0.435
13.370	-0.856	0.430
13.380	-0.934	0.425
13.390	-1.011	0.420
13.400	-1.088	0.410
13.410	-1.165	0.405
13.420	-1.241	0.401
13.430	-1.317	0.386
13.440	-1.392	0.376
13.450	-1.467	0.357
13.460	-1.541	0.337
13.470	-1.615	0.322
13.480	-1.688	0.308
13.490	-1.760	0.288
13.500	-1.831	0.274
13.510	-1.902	0.254
13.520	-1.972	0.230
13.530	-2.041	0.205
13.540	-2.110	0.176
13.550	-2.177	0.142
13.560	-2.244	0.112
13.570	-2.310	0.083
13.580	-2.374	0.044
13.590	-2.438	0.015
13.600	-2.501	-0.029
13.610	-2.563	-0.073
13.620	-2.624	-0.112
13.630	-2.684	-0.147
13.640	-2.743	-0.195
13.650	-2.800	-0.239
13.660	-2.857	-0.293
13.670	-2.912	-0.342
13.680	-2.967	-0.386
13.690	-3.020	-0.435
13.700	-3.072	-0.498
13.710	-3.122	-0.552
13.720	-3.172	-0.620
13.730	-3.220	-0.674
13.740	-3.267	-0.723
13.750	-3.312	-0.796
13.760	-3.356	-0.865
13.770	-3.399	-0.914
13.780	-3.441	-0.987
13.790	-3.481	-1.050
13.800	-3.519	-1.124
13.810	-3.557	-1.192
13.820	-3.593	-1.255
13.830	-3.627	-1.334
13.840	-3.660	-1.402
13.850	-3.692	-1.470
13.860	-3.722	-1.544
13.870	-3.750	-1.617
13.880	-3.777	-1.700
13.890	-3.803	-1.773
13.900	-3.827	-1.842
13.910	-3.849	-1.920
13.920	-3.870	-1.998
13.930	-3.890	-2.071
13.940	-3.908	-2.154
13.950	-3.924	-2.228
13.960	-3.939	-2.316
13.970	-3.952	-2.394
13.980	-3.963	-2.472
13.990	-3.973	-2.560
14.000	-3.982	-2.633
14.010	-3.989	-2.716
14.020	-3.994	-2.789
14.030	-3.998	-2.872
14.040	-4.000	-2.956
14.050	-4.000	-3.034
14.060	-3.999	-3.117
14.070	-3.996	-3.200
14.080	-3.992	-3.278
14.090	-3.986	-3.361
14.100	-3.978	-3.434
14.110	-3.969	-3.512
14.120	-3.958	-3.591
14.130	-3.946	-3.679
14.140	-3.932	-3.742
14.150	-3.916	-3.840
14.160	-3.899	-3.918
14.170	-3.881	-3.981
14.180	-3.861	-4.064
14.190	-3.839	-4.148
14.200	-3.816	-4.226
14.210	-3.791	-4.304
14.220	-3.765	-4.372
14.230	-3.737	-4.450
14.240	-3.708	-4.538
14.250	-3.677	-4.612
14.260	-3.645	-4.690
14.270	-3.611	-4.748
14.280	-3.576	-4.836
14.290	-3.539	-4.910
14.300	-3.501	-4.983
14.310	-3.462	-5.046
14.320	-3.421	-5.120
14.330	-3.379	-5.183
14.340	-3.335	-5.261
14.350	-3.291	-5.310
14.360	-3.244	-5.388
14.370	-3.197	-5.447
14.380	-3.148	-5.515
14.390	-3.098	-5.574
14.400	-3.047	-5.657
14.410	-2.995	-5.701
14.420	-2.941	-5.779
14.430	-2.886	-5.828
14.440	-2.830	-5.877
14.450	-2.773	-5.940
14.460	-2.715	-5.994
14.470	-2.656	-6.043
14.480	-2.595	-6.102
14.490	-2.534	-6.155
14.500	-2.472	-6.199
14.510	-2.408	-6.258
14.520	-2.344	-6.312
14.530	-2.278	-6.346
14.540	-2.212	-6.390
14.550	-2.145	-6.439
14.560	-2.077	-6.488
14.570	-2.008	-6.517
14.580	-1.939	-6.546
14.590	-1.869	-6.600
14.600	-1.797	-6.619
14.610	-1.726	-6.668
14.620	-1.653	-6.693
14.630	-1.580	-6.717
14.640	-1.506	-6.751
14.650	-1.432	-6.776
14.660	-1.357	-6.795
14.670	-1.281	-6.815
14.680	-1.205	-6.839
14.690	-1.129	-6.854
14.700	-1.052	-6.873
14.710	-0.974	-6.893
14.720	-0.896	-6.908
14.730	-0.818	-6.917
14.740	-0.740	-6.932
14.750	-0.661	-6.947
14.760	-0.582	-6.952
14.770	-0.503	-6.952
14.780	-0.423	-6.952
14.790	-0.344	-6.952
14.800	-0.264	-6.952
14.810	-0.184	-6.952
14.820	-0.104	-6.952
14.830	-0.024	-6.952
14.840	0.056	-6.952
14.850	0.136	-6.952
14.860	0.216	-6.952
14.870	0.296	-6.952
14.880	0.375	-6.957
14.890	0.455	-6.952
14.900	0.534	-6.957
14.910	0.613	-6.957
14.920	0.692	-6.957
14.930	0.771	-6.957
14.940	0.849	-6.952
14.950	0.927	-6.947
14.960	1.005	-6.937
14.970	1.082	-6.932
14.980	1.159	-6.922
14.990	1.235	-6.913
15.000	1.311	-6.903
15.010	1.386	-6.893
15.020	1.461	-6.873
15.030	1.535	-6.854
15.040	1.609	-6.844
15.050	1.682	-6.820
15.060	1.754	-6.800
15.070	1.826	-6.781
15.080	1.896	-6.766
15.090	1.967	-6.742
15.100	2.036	-6.707
15.110	2.104	-6.693
15.120	2.172	-6.668
15.130	2.239	-6.629
15.140	2.304	-6.600
15.150	2.369	-6.561
15.160	2.433	-6.527
15.170	2.496	-6.507
15.180	2.558	-6.458
15.190	2.619	-6.429
15.200	2.679	-6.385
15.210	2.738	-6.341
15.220	2.796	-6.307
15.230	2.853	-6.263
15.240	2.908	-6.209
15.250	2.962	-6.165
15.260	3.016	-6.111
15.270	3.068	-6.053
15.280	3.118	-6.009
15.290	3.168	-5.960
15.300	3.216	-5.896
15.310	3.263	-5.843
15.320	3.308	-5.789
15.330	3.353	-5.711
15.340	3.396	-5.667
15.350	3.437	-5.589
15.360	3.478	-5.530
15.370	3.516	-5.467
15.380	3.554	-5.413
15.390	3.590	-5.335
15.400	3.624	-5.276
15.410	3.657	-5.203
15.420	3.689	-5.139
15.430	3.719	-5.066
15.440	3.748	-4.993
15.450	3.775	-4.924
15.460	3.801	-4.861
15.470	3.825	-4.773
15.480	3.848	-4.714
15.490	3.869	-4.646
15.500	3.888	-4.553
15.510	3.906	-4.480
15.520	3.923	-4.402
15.530	3.938	-4.333
15.540	3.951	-4.245
15.550	3.963	-4.172
15.560	3.973	-4.094
15.570	3.981	-4.016
15.580	3.988	-3.947
15.590	3.994	-3.864
15.600	3.997	-3.776
15.610	3.999	-3.708
15.620	4.000	-3.610
15.630	3.999	-3.547
15.640	3.996	-3.464
15.650	3.992	-3.385
15.660	3.986	-3.302
15.670	3.979	-3.224
15.680	3.970	-3.146
15.690	3.959	-3.063
15.700	3.947	-2.980
15.710	3.933	-2.897
15.720	3.918	-2.819
15.730	3.901	-2.736
15.740	3.882	-2.653
15.750	3.862	-2.579
15.760	3.841	-2.496
15.770	3.818	-2.413
15.780	3.793	-2.335
15.790	3.767	-2.247
15.800	3.739	-2.169
15.810	3.710	-2.096
15.820	3.679	-2.032
15.830	3.647	-1.935
15.840	3.614	-1.861
15.850	3.579	-1.788
15.860	3.542	-1.710
15.870	3.504	-1.627
15.880	3.465	-1.558
15.890	3.424	-1.485
15.900	3.382	-1.412
15.910	3.339	-1.334
15.920	3.294	-1.255
15.930	3.248	-1.202
15.940	3.201	-1.128
15.950	3.152	-1.050
15.960	3.102	-0.992
15.970	3.051	-0.914
15.980	2.999	-0.860
15.990	2.945	-0.787
16.000	2.891	-0.723
16.010	2.835	-0.664
16.020	2.778	-0.611
16.030	2.720	-0.547
16.040	2.660	-0.479
16.050	2.600	-0.425
16.060	2.539	-0.381
16.070	2.477	-0.332
16.080	2.413	-0.288
16.090	2.349	-0.234
16.100	2.284	-0.186
16.110	2.218	-0.137
16.120	2.151	-0.093
16.130	2.083	-0.049
16.140	2.014	0.010
16.150	1.944	0.039
16.160	1.874	0.083
16.170	1.803	0.122
16.180	1.731	0.147
16.190	1.659	0.186
16.200	1.586	0.220
16.210	1.512	0.239
16.220	1.438	0.269
16.230	1.363	0.288
16.240	1.287	0.313
16.250	1.211	0.332
16.260	1.135	0.347
16.270	1.058	0.366
16.280	0.980	0.391
16.290	0.903	0.401
16.300	0.825	0.410
16.310	0.746	0.425
16.320	0.667	0.425
16.330	0.588	0.435
16.340	0.509	0.435
16.350	0.430	0.435
16.360	0.350	0.435
16.370	0.270	0.435
16.380	0.190	0.435
16.390	0.111	0.435
16.400	0.031	0.435
16.410	-0.049	0.435
16.420	-0.129	0.435
16.430	-0.209	0.435
16.440	-0.289	0.435
16.450	-0.369	0.435
16.460	-0.449	0.435
16.470	-0.528	0.435
16.480	-0.607	0.435
16.490	-0.686	0.435
16.500	-0.765	0.435
16.510	-0.843	0.430
16.520	-0.921	0.425
16.530	-0.999	0.420
16.540	-1.076	0.410
16.550	-1.153	0.405
16.560	-1.229	0.401
16.570	-1.305	0.391
16.580	-1.380	0.371
16.590	-1.455	0.362
16.600	-1.530	0.342
16.610	-1.603	0.327
16.620	-1.676	0.313
16.630	-1.748	0.293
16.640	-1.820	0.274
16.650	-1.891	0.259
16.660	-1.961	0.234
16.670	-2.030	0.215
16.680	-2.099	0.181
16.690	-2.166	0.147
16.700	-2.233	0.127
16.710	-2.299	0.093
16.720	-2.364	0.054
16.730	-2.428	0.024
16.740	-2.491	-0.015
16.750	-2.553	-0.059
16.760	-2.615	-0.103
16.770	-2.675	-0.137
16.780	-2.733	-0.186
16.790	-2.791	-0.230
16.800	-2.848	-0.278
16.810	-2.904	-0.332
16.820	-2.958	-0.381
16.830	-3.011	-0.430
16.840	-3.063	-0.484
16.850	-3.114	-0.547
16.860	-3.164	-0.606
16.870	-3.212	-0.664
16.880	-3.259	-0.718
16.890	-3.305	-0.782
16.900	-3.349	-0.850
16.910	-3.392	-0.904
16.920	-3.434	-0.972
16.930	-3.474	-1.036
16.940	-3.513	-1.094
16.950	-3.551	-1.172
16.960	-3.587	-1.241
16.970	-3.622	-1.319
16.980	-3.655	-1.387
16.990	-3.687	-1.461
17.000	-3.717	-1.529
17.010	-3.746	-1.607
17.020	-3.773	-1.681
17.030	-3.799	-1.749
17.040	-3.823	-1.832
17.050	-3.846	-1.905
17.060	-3.867	-1.979
17.070	-3.887	-2.052
17.080	-3.905	-2.130
17.090	-3.922	-2.223
17.100	-3.936	-2.306
17.110	-3.950	-2.379
17.120	-3.962	-2.457
17.130	-3.972	-2.535
17.140	-3.981	-2.614
17.150	-3.988	-2.697
17.160	-3.993	-2.765
17.170	-3.997	-2.848
17.180	-3.999	-2.931
17.190	-4.000	-3.024
17.200	-3.999	-3.092
17.210	-3.997	-3.175
17.220	-3.992	-3.258
17.230	-3.987	-3.337
17.240	-3.979	-3.410
17.250	-3.970	-3.498
17.260	-3.960	-3.581
17.270	-3.948	-3.659
17.280	-3.934	-3.732
17.290	-3.919	-3.810
17.300	-3.902	-3.903
17.310	-3.884	-3.972
17.320	-3.864	-4.055
17.330	-3.842	-4.123
17.340	-3.819	-4.216
17.350	-3.795	-4.279
17.360	-3.769	-4.358
17.370	-3.741	-4.441
17.380	-3.712	-4.519
17.390	-3.682	-4.577
17.400	-3.650	-4.675
17.410	-3.616	-4.734
17.420	-3.581	-4.817
17.430	-3.545	-4.890
17.440	-3.507	-4.954
17.450	-3.468	-5.022
17.460	-3.428	-5.105
17.470	-3.386	-5.169
17.480	-3.342	-5.252
17.490	-3.298	-5.296
17.500	-3.252	-5.369
17.510	-3.205	-5.432
17.520	-3.156	-5.491
17.530	-3.106	-5.559
17.540	-3.055	-5.652
17.550	-3.003	-5.696
17.560	-2.950	-5.765
17.570	-2.895	-5.813
17.580	-2.839	-5.867
17.590	-2.782	-5.931
17.600	-2.724	-5.979
17.610	-2.665	-6.038
17.620	-2.605	-6.082
17.630	-2.544	-6.160
17.640	-2.482	-6.190
17.650	-2.418	-6.248
17.660	-2.354	-6.297
17.670	-2.289	-6.336
17.680	-2.223	-6.375
17.690	-2.156	-6.434
17.700	-2.088	-6.463
17.710	-2.019	-6.507
17.720	-1.950	-6.536
17.730	-1.880	-6.580
17.740	-1.809	-6.610
17.750	-1.737	-6.649
17.760	-1.665	-6.683
17.770	-1.592	-6.702
17.780	-1.518	-6.742
17.790	-1.444	-6.766
17.800	-1.369	-6.781
17.810	-1.293	-6.810
17.820	-1.217	-6.830
17.830	-1.141	-6.849
17.840	-1.064	-6.864
17.850	-0.987	-6.888
17.860	-0.909	-6.903
17.870	-0.831	-6.913
17.880	-0.752	-6.927
17.890	-0.674	-6.932
17.900	-0.595	-6.947
17.910	-0.515	-6.952
17.920	-0.436	-6.952
17.930	-0.356	-6.952
17.940	-0.277	-6.952
17.950	-0.197	-6.952
17.960	-0.117	-6.952
17.970	-0.037	-6.952
17.980	0.043	-6.952
17.990	0.123	-6.952
18.000	0.203	-6.952
18.010	0.283	-6.952
18.020	0.363	-6.952
18.030	0.442	-6.952
18.040	0.522	-6.952
18.050	0.601	-6.952
18.060	0.680	-6.952
18.070	0.758	-6.952
18.080	0.837	-6.947
18.090	0.915	-6.932
18.100	0.993	-6.932
18.110	1.070	-6.922
18.120	1.147	-6.917
18.130	1.223	-6.908
18.140	1.299	-6.898
18.150	1.374	-6.883
18.160	1.449	-6.869
18.170	1.524	-6.854
18.180	1.597	-6.839
18.190	1.670	-6.820
18.200	1.743	-6.800
18.210	1.814	-6.781
18.220	1.885	-6.766
18.230	1.955	-6.742
18.240	2.025	-6.707
18.250	2.093	-6.693
18.260	2.161	-6.673
18.270	2.228	-6.624
18.280	2.294	-6.605
18.290	2.359	-6.571
18.300	2.423	-6.532
18.310	2.486	-6.512
18.320	2.549	-6.468
18.330	2.610	-6.434
18.340	2.670	-6.390
18.350	2.729	-6.346
18.360	2.787	-6.312
18.370	2.844	-6.273
18.380	2.899	-6.214
18.390	2.954	-6.170
18.400	3.007	-6.131
18.410	3.059	-6.063
18.420	3.110	-6.019
18.430	3.160	-5.965
18.440	3.208	-5.911
18.450	3.255	-5.848
18.460	3.301	-5.799
18.470	3.346	-5.721
18.480	3.389	-5.677
18.490	3.431	-5.594
18.500	3.471	-5.540
18.510	3.510	-5.471
18.520	3.548	-5.427
18.530	3.584	-5.349
18.540	3.619	-5.281
18.550	3.652	-5.227
18.560	3.684	-5.149
18.570	3.715	-5.081
18.580	3.744	-5.002
18.590	3.771	-4.929
18.600	3.797	-4.875
18.610	3.821	-4.797
18.620	3.844	-4.729
18.630	3.866	-4.651
18.640	3.885	-4.568
18.650	3.904	-4.494
18.660	3.920	-4.416
18.670	3.935	-4.338
18.680	3.949	-4.250
18.690	3.961	-4.187
18.700	3.971	-4.099
18.710	3.980	-4.035
18.720	3.987	-3.952
18.730	3.993	-3.874
18.740	3.997	-3.786
18.750	3.999	-3.723
18.760	4.000	-3.630
18.770	3.999	-3.556
18.780	3.997	-3.483
18.790	3.993	-3.395
18.800	3.987	-3.317
18.810	3.980	-3.244
18.820	3.971	-3.151
18.830	3.961	-3.078
18.840	3.949	-3.000
18.850	3.935	-2.897
18.860	3.920	-2.829
18.870	3.904	-2.745
18.880	3.885	-2.667
18.890	3.866	-2.594
18.900	3.844	-2.506
18.910	3.821	-2.428
18.920	3.797	-2.345
18.930	3.771	-2.267
18.940	3.744	-2.189
18.950	3.715	-2.110
18.960	3.684	-2.037
18.970	3.652	-1.954
18.980	3.619	-1.881
18.990	3.584	-1.798
19.000	3.548	-1.724
19.010	3.510	-1.646
19.020	3.471	-1.573
19.030	3.431	-1.500
19.040	3.389	-1.422
19.050	3.346	-1.348
19.060	3.301	-1.285
19.070	3.256	-1.207
19.080	3.208	-1.138
19.090	3.160	-1.070
19.100	3.110	-1.001
19.110	3.059	-0.928
19.120	3.007	-0.870
19.130	2.954	-0.801
19.140	2.899	-0.728
19.150	2.844	-0.684
19.160	2.787	-0.620
19.170	2.729	-0.557
19.180	2.670	-0.498
19.190	2.610	-0.435
19.200	2.549	-0.386
19.210	2.487	-0.337
19.220	2.423	-0.293
19.230	2.359	-0.244
19.240	2.294	-0.195
19.250	2.228	-0.142
19.260	2.161	-0.103
19.270	2.094	-0.059
19.280	2.025	-0.005
19.290	1.956	0.034
19.300	1.885	0.073
19.310	1.814	0.107
19.320	1.743	0.142
19.330	1.670	0.176
19.340	1.597	0.210
19.350	1.524	0.234
19.360	1.450	0.259
19.370	1.375	0.278
19.380	1.299	0.303
19.390	1.223	0.318
19.400	1.147	0.337
19.410	1.070	0.357
19.420	0.993	0.376
19.430	0.915	0.401
19.440	0.837	0.405
19.450	0.759	0.410
19.460	0.680	0.420
19.470	0.601	0.430
19.480	0.522	0.430
19.490	0.442	0.435
19.500	0.363	0.435
19.510	0.283	0.435
19.520	0.203	0.430
19.530	0.123	0.435
19.540	0.043	0.435
19.550	-0.037	0.430
19.560	-0.117	0.435
19.570	-0.197	0.430
19.580	-0.277	0.435
19.590	-0.356	0.435
19.600	-0.436	0.435
19.610	-0.515	0.435
19.620	-0.595	0.435
19.630	-0.673	0.435
19.640	-0.752	0.430
19.650	-0.831	0.430
19.660	-0.909	0.425
19.670	-0.986	0.420
19.680	-1.064	0.410
19.690	-1.141	0.405
19.700	-1.217	0.401
19.710	-1.293	0.391
19.720	-1.369	0.376
19.730	-1.443	0.357
19.740	-1.518	0.342
19.750	-1.591	0.327
19.760	-1.665	0.313
19.770	-1.737	0.293
19.780	-1.809	0.274
19.790	-1.880	0.254
19.800	-1.950	0.234
19.810	-2.019	0.215
19.820	-2.088	0.181
19.830	-2.156	0.147
19.840	-2.223	0.132
19.850	-2.289	0.098
19.860	-2.354	0.049
19.870	-2.418	0.024
19.880	-2.481	-0.020
19.890	-2.544	-0.059
19.900	-2.605	-0.103
19.910	-2.665	-0.137
19.920	-2.724	-0.186
19.930	-2.782	-0.230
19.940	-2.839	-0.278
19.950	-2.895	-0.332
19.960	-2.950	-0.376
19.970	-3.003	-0.430
19.980	-3.055	-0.484
19.990	-3.106	-0.547
20.000	-3.156	-0.606
20.010	-3.205	-0.664
20.020	-3.252	-0.718
20.030	-3.298	-0.777
20.040	-3.342	-0.845
20.050	-3.386	-0.899
20.060	-3.428	-0.967
20.070	-3.468	-1.031
20.080	-3.507	-1.094
20.090	-3.545	-1.168
20.100	-3.581	-1.236
20.110	-3.616	-1.309
20.120	-3.650	-1.387
20.130	-3.682	-1.451
20.140	-3.712	-1.524
20.150	-3.741	-1.597
20.160	-3.769	-1.671
20.170	-3.795	-1.739
20.180	-3.819	-1.822
20.190	-3.842	-1.900
20.200	-3.864	-1.974
20.210	-3.884	-2.047
20.220	-3.902	-2.125
20.230	-3.919	-2.218
20.240	-3.934	-2.301
20.250	-3.948	-2.364
20.260	-3.960	-2.457
20.270	-3.970	-2.526
20.280	-3.979	-2.609
20.290	-3.987	-2.687
20.300	-3.992	-2.755
20.310	-3.997	-2.843
20.320	-3.999	-2.926
20.330	-4.000	-3.014
20.340	-3.999	-3.087
20.350	-3.997	-3.161
20.360	-3.993	-3.254
20.370	-3.988	-3.341
20.380	-3.981	-3.405
20.390	-3.972	-3.493
20.400	-3.962	-3.576
20.410	-3.950	-3.654
20.420	-3.937	-3.732
20.430	-3.922	-3.806
20.440	-3.905	-3.898
20.450	-3.887	-3.967
20.460	-3.867	-4.050
20.470	-3.846	-4.113
20.480	-3.823	-4.211
20.490	-3.799	-4.265
20.500	-3.773	-4.353
20.510	-3.746	-4.436
20.520	-3.717	-4.509
20.530	-3.687	-4.577
20.540	-3.655	-4.670
20.550	-3.622	-4.734
20.560	-3.587	-4.812
20.570	-3.551	-4.890
20.580	-3.513	-4.944
20.590	-3.474	-5.022
20.600	-3.434	-5.100
20.610	-3.392	-5.164
20.620	-3.349	-5.252
20.630	-3.305	-5.291
20.640	-3.259	-5.354
20.650	-3.212	-5.427
20.660	-3.164	-5.481
20.670	-3.114	-5.550
20.680	-3.064	-5.623
20.690	-3.011	-5.691
20.700	-2.958	-5.765
20.710	-2.904	-5.809
20.720	-2.848	-5.862
20.730	-2.791	-5.926
20.740	-2.734	-5.984
20.750	-2.675	-6.028
20.760	-2.615	-6.077
20.770	-2.554	-6.150
20.780	-2.491	-6.190
20.790	-2.428	-6.238
20.800	-2.364	-6.297
20.810	-2.299	-6.336
20.820	-2.233	-6.370
20.830	-2.167	-6.429
20.840	-2.099	-6.468
20.850	-2.030	-6.507
20.860	-1.961	-6.532
20.870	-1.891	-6.580
20.880	-1.820	-6.610
20.890	-1.749	-6.649
20.900	-1.676	-6.683
20.910	-1.603	-6.702
20.920	-1.530	-6.742
20.930	-1.455	-6.766
20.940	-1.381	-6.786
20.950	-1.305	-6.815
20.960	-1.229	-6.830
20.970	-1.153	-6.849
20.980	-1.076	-6.869
20.990	-0.999	-6.893
21.000	-0.921	-6.903
21.010	-0.843	-6.917
21.020	-0.765	-6.932
21.030	-0.686	-6.942
21.040	-0.607	-6.952
21.050	-0.528	-6.952
21.060	-0.449	-6.952
21.070	-0.369	-6.952
21.080	-0.289	-6.957
21.090	-0.210	-6.957
21.100	-0.130	-6.957
21.110	-0.050	-6.952
21.120	0.030	-6.957
21.130	0.110	-6.957
21.140	0.190	-6.957
21.150	0.270	-6.952
21.160	0.350	-6.957
21.170	0.430	-6.952
21.180	0.509	-6.957
21.190	0.588	-6.957
21.200	0.667	-6.957
21.210	0.746	-6.957
21.220	0.824	-6.952
21.230	0.903	-6.947
21.240	0.980	-6.947
21.250	1.058	-6.932
21.260	1.135	-6.927
21.270	1.211	-6.917
21.280	1.287	-6.903
21.290	1.363	-6.893
21.300	1.437	-6.878
21.310	1.512	-6.864
21.320	1.586	-6.844
21.330	1.659	-6.830
21.340	1.731	-6.815
21.350	1.803	-6.790
21.360	1.874	-6.771
21.370	1.944	-6.746
21.380	2.014	-6.722
21.390	2.083	-6.698
21.400	2.150	-6.678
21.410	2.217	-6.639
21.420	2.284	-6.605
21.430	2.349	-6.580
21.440	2.413	-6.541
21.450	2.476	-6.512
21.460	2.539	-6.488
21.470	2.600	-6.439
21.480	2.660	-6.404
21.490	2.719	-6.356
21.500	2.778	-6.317
21.510	2.835	-6.282
21.520	2.890	-6.229
21.530	2.945	-6.170
21.540	2.999	-6.141
21.550	3.051	-6.067
21.560	3.102	-6.023
21.570	3.152	-5.975
21.580	3.201	-5.921
21.590	3.248	-5.857
21.600	3.294	-5.809
21.610	3.339	-5.735
21.620	3.382	-5.686
21.630	3.424	-5.618
21.640	3.465	-5.545
21.650	3.504	-5.486
21.660	3.542	-5.432
21.670	3.578	-5.369
21.680	3.614	-5.291
21.690	3.647	-5.247
21.700	3.679	-5.159
21.710	3.710	-5.095
21.720	3.739	-5.012
21.730	3.767	-4.939
21.740	3.793	-4.880
21.750	3.818	-4.802
21.760	3.841	-4.734
21.770	3.862	-4.670
21.780	3.882	-4.577
21.790	3.901	-4.499
21.800	3.918	-4.436
21.810	3.933	-4.343
21.820	3.947	-4.260
21.830	3.959	-4.206
21.840	3.970	-4.108
21.850	3.979	-4.045
21.860	3.986	-3.962
21.870	3.992	-3.894
21.880	3.996	-3.801
21.890	3.999	-3.723
21.900	4.000	-3.639
21.910	3.999	-3.571
21.920	3.997	-3.488
21.930	3.994	-3.400
21.940	3.988	-3.327
21.950	3.981	-3.254
21.960	3.973	-3.161
21.970	3.963	-3.087
21.980	3.951	-3.009
21.990	3.938	-2.916
22.000	3.923	-2.829
22.010	3.906	-2.755
22.020	3.888	-2.677
22.030	3.869	-2.599
22.040	3.848	-2.516
22.050	3.825	-2.433
22.060	3.801	-2.355
22.070	3.775	-2.277
22.080	3.748	-2.203
22.090	3.719	-2.115
22.100	3.689	-2.047
22.110	3.658	-1.954
22.120	3.624	-1.895
22.130	3.590	-1.803
22.140	3.554	-1.729
22.150	3.516	-1.661
22.160	3.478	-1.583
22.170	3.437	-1.505
22.180	3.396	-1.426
22.190	3.353	-1.353
22.200	3.309	-1.290
22.210	3.263	-1.216
22.220	3.216	-1.138
22.230	3.168	-1.080
22.240	3.118	-1.006
22.250	3.068	-0.938
22.260	3.016	-0.874
22.270	2.963	-0.801
22.280	2.908	-0.733
22.290	2.853	-0.689
22.300	2.796	-0.625
22.310	2.738	-0.562
22.320	2.679	-0.503
22.330	2.619	-0.430
22.340	2.558	-0.386
22.350	2.496	-0.342
22.360	2.433	-0.303
22.370	2.370	-0.249
22.380	2.305	-0.195
22.390	2.239	-0.147
22.400	2.172	-0.103
22.410	2.104	-0.059
22.420	2.036	-0.005
22.430	1.967	0.029
22.440	1.897	0.064
22.450	1.826	0.107
22.460	1.754	0.137
22.470	1.682	0.181
22.480	1.609	0.210
22.490	1.536	0.234
22.500	1.461	0.259
22.510	1.387	0.278
22.520	1.311	0.308
22.530	1.235	0.327
22.540	1.159	0.342
22.550	1.082	0.362
22.560	1.005	0.386
22.570	0.928	0.401
22.580	0.850	0.410
22.590	0.771	0.420
22.600	0.693	0.430
22.610	0.614	0.435
22.620	0.534	0.435
22.630	0.455	0.435
22.640	0.375	0.435
22.650	0.296	0.435
22.660	0.216	0.435
22.670	0.136	0.435
22.680	0.056	0.435
22.690	-0.024	0.435
22.700	-0.104	0.435
22.710	-0.184	0.440
22.720	-0.264	0.435
22.730	-0.344	0.435
22.740	-0.423	0.435
22.750	-0.503	0.435
22.760	-0.582	0.435
22.770	-0.661	0.435
22.780	-0.740	0.435
22.790	-0.818	0.430
22.800	-0.896	0.425
22.810	-0.974	0.420
22.820	-1.051	0.415
22.830	-1.128	0.410
22.840	-1.205	0.405
22.850	-1.281	0.396
22.860	-1.357	0.376
22.870	-1.432	0.366
22.880	-1.506	0.352
22.890	-1.580	0.332
22.900	-1.653	0.318
22.910	-1.725	0.298
22.920	-1.797	0.283
22.930	-1.868	0.269
22.940	-1.939	0.239
22.950	-2.008	0.225
22.960	-2.077	0.195
22.970	-2.145	0.156
22.980	-2.212	0.137
22.990	-2.278	0.107
23.000	-2.344	0.068
23.010	-2.408	0.029
23.020	-2.471	0.000
23.030	-2.534	-0.049
23.040	-2.595	-0.093
23.050	-2.656	-0.127
23.060	-2.715	-0.176
23.070	-2.773	-0.210
23.080	-2.830	-0.264
23.090	-2.886	-0.322
23.100	-2.941	-0.366
23.110	-2.995	-0.420
23.120	-3.047	-0.464
23.130	-3.098	-0.528
23.140	-3.148	-0.586
23.150	-3.197	-0.640
23.160	-3.244	-0.708
23.170	-3.290	-0.757
23.180	-3.335	-0.821
23.190	-3.379	-0.884
23.200	-3.421	-0.943
23.210	-3.462	-1.011
23.220	-3.501	-1.085
23.230	-3.539	-1.153
23.240	-3.576	-1.221
23.250	-3.611	-1.295
23.260	-3.644	-1.358
23.270	-3.677	-1.431
23.280	-3.707	-1.500
23.290	-3.737	-1.578
23.300	-3.765	-1.651
23.310	-3.791	-1.724
23.320	-3.816	-1.798
23.330	-3.839	-1.881
23.340	-3.861	-1.954
23.350	-3.881	-2.042
23.360	-3.899	-2.110
23.370	-3.916	-2.193
23.380	-3.932	-2.291
23.390	-3.946	-2.345
23.400	-3.958	-2.423
23.410	-3.969	-2.506
23.420	-3.978	-2.589
23.430	-3.986	-2.662
23.440	-3.992	-2.741
23.450	-3.996	-2.829
23.460	-3.999	-2.907
23.470	-4.000	-2.990
23.480	-4.000	-3.078
23.490	-3.998	-3.151
23.500	-3.994	-3.234
23.510	-3.989	-3.317
23.520	-3.982	-3.395
23.530	-3.973	-3.483
23.540	-3.963	-3.556
23.550	-3.952	-3.630
23.560	-3.939	-3.718
23.570	-3.924	-3.786
23.580	-3.908	-3.869
23.590	-3.890	-3.952
23.600	-3.870	-4.021
23.610	-3.849	-4.099
23.620	-3.827	-4.182
23.630	-3.803	-4.250
23.640	-3.777	-4.338
23.650	-3.750	-4.411
23.660	-3.722	-4.489
23.670	-3.692	-4.558
23.680	-3.660	-4.656
23.690	-3.627	-4.719
23.700	-3.593	-4.783
23.710	-3.557	-4.875
23.720	-3.519	-4.929
23.730	-3.481	-5.002
23.740	-3.441	-5.076
23.750	-3.399	-5.149
23.760	-3.356	-5.217
23.770	-3.312	-5.281
23.780	-3.267	-5.330
23.790	-3.220	-5.418
23.800	-3.172	-5.471
23.810	-3.122	-5.540
23.820	-3.072	-5.613
23.830	-3.020	-5.681
23.840	-2.967	-5.730
23.850	-2.913	-5.804
23.860	-2.857	-5.852
23.870	-2.801	-5.911
23.880	-2.743	-5.960
23.890	-2.684	-6.023
23.900	-2.624	-6.063
23.910	-2.563	-6.136
23.920	-2.501	-6.170
23.930	-2.439	-6.219
23.940	-2.375	-6.292
23.950	-2.310	-6.326
23.960	-2.244	-6.370
23.970	-2.177	-6.414
23.980	-2.110	-6.444
23.990	-2.041	-6.507
24.000	-1.972	-6.522
24.010	-1.902	-6.561
24.020	-1.831	-6.605
24.030	-1.760	-6.634
24.040	-1.688	-6.673
24.050	-1.615	-6.702
24.060	-1.541	-6.727
24.070	-1.467	-6.756
24.080	-1.393	-6.776
24.090	-1.317	-6.795
24.100	-1.242	-6.820
24.110	-1.165	-6.844
24.120	-1.088	-6.854
24.130	-1.011	-6.878
24.140	-0.934	-6.898
24.150	-0.856	-6.908
24.160	-0.777	-6.922
24.170	-0.699	-6.932
24.180	-0.620	-6.937
24.190	-0.541	-6.947
24.200	-0.461	-6.952
24.210	-0.382	-6.952
24.220	-0.302	-6.952
24.230	-0.222	-6.952
24.240	-0.142	-6.952
24.250	-0.062	-6.952
24.260	0.018	-6.952
24.270	0.098	-6.952
24.280	0.178	-6.952
24.290	0.257	-6.952
24.300	0.337	-6.952
24.310	0.417	-6.952
24.320	0.496	-6.952
24.330	0.576	-6.952
24.340	0.655	-6.952
24.350	0.733	-6.947
24.360	0.812	-6.942
24.370	0.890	-6.932
24.380	0.968	-6.932
24.390	1.045	-6.927
24.400	1.122	-6.917
24.410	1.199	-6.908
24.420	1.275	-6.903
24.430	1.351	-6.888
24.440	1.426	-6.873
24.450	1.500	-6.854
24.460	1.574	-6.844
24.470	1.647	-6.825
24.480	1.720	-6.805
24.490	1.792	-6.786
24.500	1.863	-6.771
24.510	1.933	-6.746
24.520	2.003	-6.717
24.530	2.072	-6.698
24.540	2.140	-6.673
24.550	2.207	-6.639
24.560	2.273	-6.610
24.570	2.338	-6.585
24.580	2.403	-6.541
24.590	2.466	-6.517
24.600	2.529	-6.488
24.610	2.590	-6.439
24.620	2.651	-6.404
24.630	2.710	-6.365
24.640	2.768	-6.321
24.650	2.826	-6.287
24.660	2.882	-6.234
24.670	2.937	-6.185
24.680	2.990	-6.141
24.690	3.043	-6.077
24.700	3.094	-6.028
24.710	3.144	-5.984
24.720	3.193	-5.926
24.730	3.241	-5.862
24.740	3.287	-5.813
24.750	3.332	-5.745
24.760	3.375	-5.696
24.770	3.418	-5.623
24.780	3.458	-5.559
24.790	3.498	-5.481
24.800	3.536	-5.437
24.810	3.573	-5.374
24.820	3.608	-5.300
24.830	3.642	-5.252
24.840	3.674	-5.169
24.850	3.705	-5.110
24.860	3.735	-5.027
24.870	3.762	-4.963
24.880	3.789	-4.895
24.890	3.814	-4.827
24.900	3.837	-4.739
24.910	3.859	-4.690
24.920	3.879	-4.597
24.930	3.898	-4.538
24.940	3.915	-4.446
24.950	3.931	-4.362
24.960	3.945	-4.294
24.970	3.957	-4.221
24.980	3.968	-4.138
24.990	3.977	-4.064
25.000	3.985	-3.977
25.010	3.991	-3.903
25.020	3.996	-3.825
25.030	3.999	-3.737
25.040	4.000	-3.664
25.050	4.000	-3.581
25.060	3.998	-3.508
25.070	3.994	-3.415
25.080	3.989	-3.346
25.090	3.982	-3.268
25.100	3.974	-3.190
25.110	3.964	-3.102
25.120	3.953	-3.019
25.130	3.940	-2.936
25.140	3.925	-2.858
25.150	3.909	-2.775
25.160	3.891	-2.706
25.170	3.872	-2.623
25.180	3.851	-2.535
25.190	3.829	-2.457
25.200	3.805	-2.379
25.210	3.779	-2.306
25.220	3.753	-2.223
25.230	3.724	-2.135
25.240	3.694	-2.052
25.250	3.663	-1.983
25.260	3.630	-1.900
25.270	3.595	-1.837
25.280	3.560	-1.749
25.290	3.523	-1.681
25.300	3.484	-1.597
25.310	3.444	-1.524
25.320	3.403	-1.451
25.330	3.360	-1.368
25.340	3.316	-1.304
25.350	3.270	-1.231
25.360	3.224	-1.163
25.370	3.176	-1.085
25.380	3.126	-1.021
25.390	3.076	-0.953
25.400	3.024	-0.894
25.410	2.971	-0.826
25.420	2.917	-0.757
25.430	2.862	-0.699
25.440	2.805	-0.640
25.450	2.748	-0.581
25.460	2.689	-0.523
25.470	2.629	-0.449
25.480	2.568	-0.396
25.490	2.506	-0.357
25.500	2.444	-0.318
25.510	2.380	-0.264
25.520	2.315	-0.210
25.530	2.249	-0.156
25.540	2.183	-0.117
25.550	2.115	-0.073
25.560	2.047	-0.020
25.570	1.978	0.024
25.580	1.908	0.049
25.590	1.837	0.103
25.600	1.766	0.132
25.610	1.694	0.156
25.620	1.621	0.200
25.630	1.547	0.230
25.640	1.473	0.244
25.650	1.399	0.269
25.660	1.323	0.298
25.670	1.248	0.318
25.680	1.171	0.332
25.690	1.095	0.357
25.700	1.017	0.376
25.710	0.940	0.396
25.720	0.862	0.405
25.730	0.784	0.415
25.740	0.705	0.425
25.750	0.626	0.430
25.760	0.547	0.430
25.770	0.468	0.435
25.780	0.388	0.435
25.790	0.308	0.435
25.800	0.229	0.435
25.810	0.149	0.435
25.820	0.069	0.435
25.830	-0.011	0.435
25.840	-0.091	0.435
25.850	-0.171	0.435
25.860	-0.251	0.435
25.870	-0.331	0.435
25.880	-0.411	0.435
25.890	-0.490	0.430
25.900	-0.569	0.435
25.910	-0.648	0.435
25.920	-0.727	0.430
25.930	-0.806	0.430
25.940	-0.884	0.425
25.950	-0.962	0.420
25.960	-1.039	0.410
25.970	-1.116	0.405
25.980	-1.193	0.401
25.990	-1.269	0.396
26.000	-1.345	0.376
26.010	-1.420	0.366
26.020	-1.494	0.347
26.030	-1.568	0.332
26.040	-1.641	0.318
26.050	-1.714	0.298
26.060	-1.786	0.278
26.070	-1.857	0.264
26.080	-1.928	0.239
26.090	-1.997	0.220
26.100	-2.066	0.191
26.110	-2.134	0.156
26.120	-2.201	0.137
26.130	-2.268	0.103
26.140	-2.333	0.068
26.150	-2.398	0.034
26.160	-2.461	0.000
26.170	-2.524	-0.054
26.180	-2.585	-0.088
26.190	-2.646	-0.122
26.200	-2.705	-0.166
26.210	-2.764	-0.215
26.220	-2.821	-0.264
26.230	-2.877	-0.318
26.240	-2.932	-0.357
26.250	-2.986	-0.405
26.260	-3.039	-0.459
26.270	-3.090	-0.523
26.280	-3.140	-0.591
26.290	-3.189	-0.640
26.300	-3.237	-0.699
26.310	-3.283	-0.747
26.320	-3.328	-0.816
26.330	-3.372	-0.879
26.340	-3.414	-0.938
26.350	-3.455	-1.006
26.360	-3.495	-1.080
26.370	-3.533	-1.148
26.380	-3.570	-1.216
26.390	-3.605	-1.290
26.400	-3.639	-1.353
26.410	-3.672	-1.426
26.420	-3.703	-1.514
26.430	-3.732	-1.568
26.440	-3.760	-1.646
26.450	-3.787	-1.724
26.460	-3.812	-1.793
26.470	-3.835	-1.876
26.480	-3.857	-1.944
26.490	-3.878	-2.037
26.500	-3.896	-2.106
26.510	-3.914	-2.184
26.520	-3.930	-2.262
26.530	-3.944	-2.345
26.540	-3.956	-2.413
26.550	-3.967	-2.496
26.560	-3.977	-2.584
26.570	-3.985	-2.653
26.580	-3.991	-2.741
26.590	-3.995	-2.824
26.600	-3.998	-2.902
26.610	-4.000	-2.990
26.620	-4.000	-3.068
26.630	-3.998	-3.146
26.640	-3.995	-3.244
26.650	-3.990	-3.307
26.660	-3.983	-3.385
26.670	-3.975	-3.473
26.680	-3.965	-3.556
26.690	-3.954	-3.620
26.700	-3.941	-3.713
26.710	-3.926	-3.781
26.720	-3.910	-3.864
26.730	-3.893	-3.947
26.740	-3.874	-4.011
26.750	-3.853	-4.099
26.760	-3.831	-4.177
26.770	-3.807	-4.245
26.780	-3.782	-4.338
26.790	-3.755	-4.411
26.800	-3.726	-4.485
26.810	-3.697	-4.558
26.820	-3.665	-4.651
26.830	-3.632	-4.719
26.840	-3.598	-4.778
26.850	-3.563	-4.871
26.860	-3.526	-4.924
26.870	-3.487	-4.998
26.880	-3.447	-5.076
26.890	-3.406	-5.154
26.900	-3.363	-5.217
26.910	-3.319	-5.276
26.920	-3.274	-5.330
26.930	-3.227	-5.418
26.940	-3.179	-5.467
26.950	-3.130	-5.540
26.960	-3.080	-5.603
26.970	-3.028	-5.681
26.980	-2.975	-5.721
26.990	-2.921	-5.799
27.000	-2.866	-5.857
27.010	-2.810	-5.911
27.020	-2.752	-5.965
27.030	-2.694	-6.014
27.040	-2.634	-6.063
27.050	-2.573	-6.136
27.060	-2.511	-6.170
27.070	-2.449	-6.224
27.080	-2.385	-6.282
27.090	-2.320	-6.326
27.100	-2.255	-6.370
27.110	-2.188	-6.424
27.120	-2.121	-6.448
27.130	-2.052	-6.507
27.140	-1.983	-6.532
27.150	-1.913	-6.566
27.160	-1.843	-6.605
27.170	-1.771	-6.639
27.180	-1.699	-6.683
27.190	-1.627	-6.702
27.200	-1.553	-6.737
27.210	-1.479	-6.761
27.220	-1.405	-6.786
27.230	-1.329	-6.805
27.240	-1.254	-6.830
27.250	-1.177	-6.849
27.260	-1.101	-6.864
27.270	-1.024	-6.893
27.280	-0.946	-6.903
27.290	-0.868	-6.917
27.300	-0.790	-6.932
27.310	-0.711	-6.942
27.320	-0.632	-6.952
27.330	-0.553	-6.957
27.340	-0.474	-6.957
27.350	-0.394	-6.957
27.360	-0.315	-6.961
27.370	-0.235	-6.957
27.380	-0.155	-6.961
27.390	-0.075	-6.957
27.400	0.005	-6.961
27.410	0.085	-6.961
27.420	0.165	-6.961
27.430	0.245	-6.961
27.440	0.325	-6.961
27.450	0.404	-6.961
27.460	0.484	-6.961
27.470	0.563	-6.961
27.480	0.642	-6.961
