0.010	0.060	-1.006
0.020	0.090	-1.026
0.030	0.120	-1.026
0.040	0.150	-1.031
0.050	0.180	-1.031
0.060	0.210	-1.031
0.070	0.240	-1.031
0.080	0.270	-1.031
0.090	0.300	-1.031
0.100	0.329	-1.026
0.110	0.359	-1.026
0.120	0.389	-1.031
0.130	0.419	-1.026
0.140	0.448	-1.031
0.150	0.478	-1.026
0.160	0.508	-1.026
0.170	0.537	-1.021
0.180	0.567	-1.021
0.190	0.596	-1.021
0.200	0.625	-1.021
0.210	0.655	-1.021
0.220	0.684	-1.016
0.230	0.713	-1.016
0.240	0.742	-1.016
0.250	0.771	-1.016
0.260	0.800	-1.016
0.270	0.829	-1.011
0.280	0.858	-1.011
0.290	0.887	-1.011
0.300	0.915	-1.006
0.310	0.944	-1.006
0.320	0.972	-1.001
0.330	1.000	-0.997
0.340	1.029	-0.997
0.350	1.057	-0.992
0.360	1.085	-0.987
0.370	1.113	-0.977
0.380	1.141	-0.957
0.390	1.168	-0.948
0.400	1.196	-0.938
0.410	1.223	-0.933
0.420	1.251	-0.918
0.430	1.278	-0.909
0.440	1.305	-0.904
0.450	1.332	-0.894
0.460	1.359	-0.884
0.470	1.385	-0.874
0.480	1.412	-0.860
0.490	1.438	-0.855
0.500	1.465	-0.835
0.510	1.491	-0.816
0.520	1.517	-0.801
0.530	1.542	-0.787
0.540	1.568	-0.772
0.550	1.594	-0.747
0.560	1.619	-0.738
0.570	1.644	-0.718
0.580	1.669	-0.703
0.590	1.694	-0.694
0.600	1.719	-0.664
0.610	1.743	-0.645
0.620	1.767	-0.630
0.630	1.792	-0.606
0.640	1.816	-0.581
0.650	1.839	-0.552
0.660	1.863	-0.532
0.670	1.886	-0.503
0.680	1.910	-0.469
0.690	1.933	-0.440
0.700	1.956	-0.410
0.710	1.978	-0.386
0.720	2.001	-0.352
0.730	2.023	-0.327
0.740	2.045	-0.293
0.750	2.067	-0.264
0.760	2.088	-0.225
0.770	2.110	-0.195
0.780	2.131	-0.156
0.790	2.152	-0.127
0.800	2.173	-0.093
0.810	2.193	-0.059
0.820	2.214	-0.024
0.830	2.234	0.020
0.840	2.254	0.039
0.850	2.274	0.083
0.860	2.293	0.127
0.870	2.312	0.156
0.880	2.331	0.210
0.890	2.350	0.244
0.900	2.369	0.283
0.910	2.387	0.322
0.920	2.405	0.362
0.930	2.423	0.405
0.940	2.440	0.440
0.950	2.458	0.493
0.960	2.475	0.532
0.970	2.491	0.586
0.980	2.508	0.625
0.990	2.524	0.664
1.000	2.540	0.718
1.010	2.556	0.767
1.020	2.572	0.801
1.030	2.587	0.850
1.040	2.602	0.904
1.050	2.617	0.943
1.060	2.632	0.987
1.070	2.646	1.041
1.080	2.660	1.089
1.090	2.674	1.138
1.100	2.687	1.192
1.110	2.700	1.255
1.120	2.713	1.304
1.130	2.726	1.348
1.140	2.738	1.412
1.150	2.750	1.466
1.160	2.762	1.510
1.170	2.774	1.568
1.180	2.785	1.617
1.190	2.796	1.671
1.200	2.807	1.729
1.210	2.817	1.778
1.220	2.827	1.832
1.230	2.837	1.881
1.240	2.847	1.939
1.250	2.856	1.993
1.260	2.865	2.047
1.270	2.874	2.101
1.280	2.883	2.159
1.290	2.891	2.213
1.300	2.899	2.262
1.310	2.906	2.330
1.320	2.913	2.374
1.330	2.920	2.433
1.340	2.927	2.491
1.350	2.934	2.545
1.360	2.940	2.614
1.370	2.946	2.667
1.380	2.951	2.716
1.390	2.956	2.780
1.400	2.961	2.843
1.410	2.966	2.892
1.420	2.970	2.956
1.430	2.974	3.004
1.440	2.978	3.058
1.450	2.982	3.136
1.460	2.985	3.190
1.470	2.988	3.239
1.480	2.990	3.312
1.490	2.992	3.361
1.500	2.994	3.420
1.510	2.996	3.478
1.520	2.998	3.537
1.530	2.999	3.615
1.540	2.999	3.649
1.550	3.000	3.718
1.560	3.000	3.771
1.570	3.000	3.825
1.580	2.999	3.874
1.590	2.999	3.937
1.600	2.998	3.996
1.610	2.996	4.050
1.620	2.995	4.123
1.630	2.993	4.167
1.640	2.991	4.231
1.650	2.988	4.284
1.660	2.985	4.343
1.670	2.982	4.406
1.680	2.979	4.465
1.690	2.975	4.524
1.700	2.971	4.587
1.710	2.967	4.641
1.720	2.962	4.704
1.730	2.957	4.763
1.740	2.952	4.817
1.750	2.946	4.871
1.760	2.941	4.929
1.770	2.935	4.993
1.780	2.928	5.051
1.790	2.922	5.110
1.800	2.915	5.183
1.810	2.907	5.213
1.820	2.900	5.286
1.830	2.892	5.344
1.840	2.884	5.403
1.850	2.875	5.457
1.860	2.867	5.515
1.870	2.858	5.584
1.880	2.848	5.638
1.890	2.839	5.672
1.900	2.829	5.740
1.910	2.819	5.789
1.920	2.809	5.848
1.930	2.798	5.906
1.940	2.787	5.955
1.950	2.776	6.014
1.960	2.764	6.077
1.970	2.752	6.136
1.980	2.740	6.190
1.990	2.728	6.238
2.000	2.715	6.287
2.010	2.702	6.331
2.020	2.689	6.390
2.030	2.676	6.448
2.040	2.662	6.507
2.050	2.648	6.566
2.060	2.634	6.610
2.070	2.619	6.673
2.080	2.605	6.727
2.090	2.590	6.771
2.100	2.574	6.830
2.110	2.559	6.869
2.120	2.543	6.922
2.130	2.527	6.961
2.140	2.511	7.030
2.150	2.494	7.069
2.160	2.477	7.108
2.170	2.460	7.147
2.180	2.443	7.206
2.190	2.425	7.255
2.200	2.408	7.303
2.210	2.390	7.333
2.220	2.371	7.386
2.230	2.353	7.440
2.240	2.334	7.469
2.250	2.315	7.509
2.260	2.296	7.557
2.270	2.277	7.601
2.280	2.257	7.655
2.290	2.237	7.694
2.300	2.217	7.714
2.310	2.197	7.753
2.320	2.176	7.797
2.330	2.155	7.855
2.340	2.134	7.885
2.350	2.113	7.914
2.360	2.092	7.953
2.370	2.070	7.992
2.380	2.048	8.036
2.390	2.026	8.065
2.400	2.004	8.095
2.410	1.982	8.139
2.420	1.959	8.173
2.430	1.936	8.212
2.440	1.913	8.251
2.450	1.890	8.276
2.460	1.867	8.334
2.470	1.843	8.349
2.480	1.819	8.373
2.490	1.795	8.393
2.500	1.771	8.427
2.510	1.747	8.461
2.520	1.723	8.486
2.530	1.698	8.510
2.540	1.673	8.539
2.550	1.648	8.564
2.560	1.623	8.603
2.570	1.598	8.627
2.580	1.572	8.647
2.590	1.547	8.666
2.600	1.521	8.686
2.610	1.495	8.705
2.620	1.469	8.740
2.630	1.442	8.759
2.640	1.416	8.779
2.650	1.390	8.803
2.660	1.363	8.828
2.670	1.336	8.832
2.680	1.309	8.847
2.690	1.282	8.876
2.700	1.255	8.886
2.710	1.228	8.911
2.720	1.200	8.930
2.730	1.173	8.945
2.740	1.145	8.974
2.750	1.117	8.984
2.760	1.089	8.999
2.770	1.061	9.013
2.780	1.033	9.028
2.790	1.005	9.038
2.800	0.977	9.052
2.810	0.948	9.062
2.820	0.920	9.067
2.830	0.891	9.067
2.840	0.862	9.072
2.850	0.834	9.072
2.860	0.805	9.077
2.870	0.776	9.086
2.880	0.747	9.086
2.890	0.718	9.082
2.900	0.689	9.086
2.910	0.659	9.086
2.920	0.630	9.086
2.930	0.601	9.086
2.940	0.571	9.086
2.950	0.542	9.086
2.960	0.512	9.086
2.970	0.483	9.086
2.980	0.453	9.086
2.990	0.423	9.086
3.000	0.394	9.086
3.010	0.364	9.086
3.020	0.334	9.091
3.030	0.304	9.086
3.040	0.274	9.091
3.050	0.245	9.086
3.060	0.215	9.086
3.070	0.185	9.086
3.080	0.155	9.086
3.090	0.125	9.086
3.100	0.095	9.086
3.110	0.065	9.086
3.120	0.035	9.086
3.130	0.005	9.086
3.140	-0.025	9.086
3.150	-0.055	9.091
3.160	-0.085	9.091
3.170	-0.115	9.091
3.180	-0.145	9.086
3.190	-0.175	9.086
3.200	-0.205	9.086
3.210	-0.235	9.091
3.220	-0.265	9.086
3.230	-0.295	9.091
3.240	-0.325	9.086
3.250	-0.354	9.086
3.260	-0.384	9.086
3.270	-0.414	9.086
3.280	-0.444	9.086
3.290	-0.473	9.086
3.300	-0.503	9.086
3.310	-0.532	9.091
3.320	-0.562	9.086
3.330	-0.591	9.091
3.340	-0.621	9.086
3.350	-0.650	9.086
3.360	-0.679	9.086
3.370	-0.708	9.091
3.380	-0.738	9.086
3.390	-0.767	9.086
3.400	-0.796	9.086
3.410	-0.824	9.086
3.420	-0.853	9.077
3.430	-0.882	9.077
3.440	-0.911	9.077
3.450	-0.939	9.077
3.460	-0.968	9.067
3.470	-0.996	9.067
3.480	-1.024	9.067
3.490	-1.052	9.062
3.500	-1.080	9.057
3.510	-1.108	9.052
3.520	-1.136	9.033
3.530	-1.164	9.023
3.540	-1.191	9.013
3.550	-1.219	9.003
3.560	-1.246	8.989
3.570	-1.273	8.974
3.580	-1.301	8.964
3.590	-1.328	8.945
3.600	-1.354	8.930
3.610	-1.381	8.915
3.620	-1.408	8.891
3.630	-1.434	8.881
3.640	-1.460	8.857
3.650	-1.486	8.842
3.660	-1.512	8.832
3.670	-1.538	8.818
3.680	-1.564	8.793
3.690	-1.590	8.769
3.700	-1.615	8.754
3.710	-1.640	8.740
3.720	-1.665	8.701
3.730	-1.690	8.681
3.740	-1.715	8.657
3.750	-1.739	8.637
3.760	-1.764	8.622
3.770	-1.788	8.588
3.780	-1.812	8.559
3.790	-1.836	8.525
3.800	-1.859	8.500
3.810	-1.883	8.486
3.820	-1.906	8.456
3.830	-1.929	8.427
3.840	-1.952	8.388
3.850	-1.975	8.363
3.860	-1.997	8.354
3.870	-2.019	8.329
3.880	-2.041	8.285
3.890	-2.063	8.227
3.900	-2.085	8.188
3.910	-2.106	8.153
3.920	-2.128	8.114
3.930	-2.149	8.080
3.940	-2.170	8.056
3.950	-2.190	8.012
3.960	-2.211	7.978
3.970	-2.231	7.934
3.980	-2.251	7.894
3.990	-2.270	7.855
4.000	-2.290	7.811
4.010	-2.309	7.763
4.020	-2.328	7.733
4.030	-2.347	7.699
4.040	-2.366	7.665
4.050	-2.384	7.626
4.060	-2.402	7.567
4.070	-2.420	7.538
4.080	-2.437	7.489
4.090	-2.455	7.455
4.100	-2.472	7.421
4.110	-2.489	7.362
4.120	-2.505	7.313
4.130	-2.522	7.294
4.140	-2.538	7.230
4.150	-2.554	7.191
4.160	-2.569	7.137
4.170	-2.585	7.084
4.180	-2.600	7.049
4.190	-2.615	7.000
4.200	-2.629	6.952
4.210	-2.644	6.893
4.220	-2.658	6.849
4.230	-2.671	6.805
4.240	-2.685	6.751
4.250	-2.698	6.698
4.260	-2.711	6.654
4.270	-2.724	6.585
4.280	-2.736	6.541
4.290	-2.748	6.483
4.300	-2.760	6.429
4.310	-2.772	6.370
4.320	-2.783	6.317
4.330	-2.794	6.287
4.340	-2.805	6.219
4.350	-2.816	6.165
4.360	-2.826	6.106
4.370	-2.836	6.048
4.380	-2.845	5.999
4.390	-2.855	5.940
4.400	-2.864	5.882
4.410	-2.873	5.828
4.420	-2.881	5.774
4.430	-2.889	5.725
4.440	-2.897	5.662
4.450	-2.905	5.608
4.460	-2.912	5.564
4.470	-2.919	5.491
4.480	-2.926	5.432
4.490	-2.933	5.374
4.500	-2.939	5.315
4.510	-2.945	5.256
4.520	-2.950	5.198
4.530	-2.956	5.164
4.540	-2.961	5.090
4.550	-2.965	5.037
4.560	-2.970	4.978
4.570	-2.974	4.919
4.580	-2.978	4.856
4.590	-2.981	4.797
4.600	-2.984	4.734
4.610	-2.987	4.675
4.620	-2.990	4.621
4.630	-2.992	4.568
4.640	-2.994	4.504
4.650	-2.996	4.446
4.660	-2.997	4.382
4.670	-2.998	4.323
4.680	-2.999	4.265
4.690	-3.000	4.201
4.700	-3.000	4.148
4.710	-3.000	4.089
4.720	-3.000	4.030
4.730	-2.999	3.972
4.740	-2.998	3.908
4.750	-2.997	3.854
4.760	-2.995	3.791
4.770	-2.993	3.727
4.780	-2.991	3.674
4.790	-2.988	3.620
4.800	-2.986	3.561
4.810	-2.983	3.503
4.820	-2.979	3.444
4.830	-2.976	3.390
4.840	-2.972	3.317
4.850	-2.967	3.268
4.860	-2.963	3.205
4.870	-2.958	3.146
4.880	-2.953	3.083
4.890	-2.947	3.029
4.900	-2.942	2.970
4.910	-2.936	2.912
4.920	-2.929	2.858
4.930	-2.923	2.799
4.940	-2.916	2.741
4.950	-2.909	2.687
4.960	-2.901	2.628
4.970	-2.893	2.565
4.980	-2.885	2.506
4.990	-2.877	2.447
5.000	-2.868	2.384
5.010	-2.859	2.340
5.020	-2.850	2.272
5.030	-2.840	2.213
5.040	-2.831	2.159
5.050	-2.821	2.106
5.060	-2.810	2.057
5.070	-2.800	1.998
5.080	-2.789	1.939
5.090	-2.777	1.881
5.100	-2.766	1.832
5.110	-2.754	1.778
5.120	-2.742	1.720
5.130	-2.730	1.661
5.140	-2.717	1.612
5.150	-2.704	1.563
5.160	-2.691	1.505
5.170	-2.678	1.451
5.180	-2.664	1.392
5.190	-2.650	1.334
5.200	-2.636	1.290
5.210	-2.622	1.231
5.220	-2.607	1.172
5.230	-2.592	1.124
5.240	-2.577	1.070
5.250	-2.561	1.026
5.260	-2.546	0.967
5.270	-2.530	0.918
5.280	-2.513	0.870
5.290	-2.497	0.816
5.300	-2.480	0.777
5.310	-2.463	0.728
5.320	-2.446	0.674
5.330	-2.428	0.630
5.340	-2.411	0.591
5.350	-2.393	0.537
5.360	-2.374	0.498
5.370	-2.356	0.454
5.380	-2.337	0.410
5.390	-2.318	0.357
5.400	-2.299	0.318
5.410	-2.280	0.278
5.420	-2.260	0.230
5.430	-2.240	0.186
5.440	-2.220	0.142
5.450	-2.200	0.103
5.460	-2.179	0.054
5.470	-2.159	0.020
5.480	-2.138	-0.024
5.490	-2.117	-0.064
5.500	-2.095	-0.103
5.510	-2.074	-0.137
5.520	-2.052	-0.176
5.530	-2.030	-0.215
5.540	-2.008	-0.254
5.550	-1.985	-0.293
5.560	-1.963	-0.327
5.570	-1.940	-0.362
5.580	-1.917	-0.386
5.590	-1.894	-0.420
5.600	-1.870	-0.449
5.610	-1.847	-0.493
5.620	-1.823	-0.532
5.630	-1.799	-0.557
5.640	-1.775	-0.591
5.650	-1.751	-0.625
5.660	-1.726	-0.650
5.670	-1.702	-0.679
5.680	-1.677	-0.703
5.690	-1.652	-0.728
5.700	-1.627	-0.747
5.710	-1.602	-0.777
5.720	-1.576	-0.801
5.730	-1.551	-0.840
5.740	-1.525	-0.860
5.750	-1.499	-0.879
5.760	-1.473	-0.904
5.770	-1.447	-0.918
5.780	-1.420	-0.943
5.790	-1.394	-0.972
5.800	-1.367	-0.992
5.810	-1.340	-1.011
5.820	-1.313	-1.031
5.830	-1.286	-1.050
5.840	-1.259	-1.075
5.850	-1.232	-1.085
5.860	-1.205	-1.094
5.870	-1.177	-1.124
5.880	-1.149	-1.133
5.890	-1.122	-1.148
5.900	-1.094	-1.158
5.910	-1.066	-1.172
5.920	-1.038	-1.187
5.930	-1.009	-1.202
5.940	-0.981	-1.212
5.950	-0.953	-1.221
5.960	-0.924	-1.226
5.970	-0.896	-1.236
5.980	-0.867	-1.246
5.990	-0.838	-1.251
6.000	-0.809	-1.265
6.010	-0.780	-1.275
6.020	-0.751	-1.280
6.030	-0.722	-1.290
6.040	-0.693	-1.295
6.050	-0.664	-1.299
6.060	-0.635	-1.304
6.070	-0.605	-1.304
6.080	-0.576	-1.309
6.090	-0.546	-1.309
6.100	-0.517	-1.309
6.110	-0.487	-1.309
6.120	-0.458	-1.309
6.130	-0.428	-1.314
6.140	-0.398	-1.309
6.150	-0.369	-1.309
6.160	-0.339	-1.309
6.170	-0.309	-1.309
6.180	-0.279	-1.309
6.190	-0.249	-1.309
6.200	-0.219	-1.309
6.210	-0.189	-1.309
6.220	-0.159	-1.309
6.230	-0.130	-1.314
6.240	-0.100	-1.309
6.250	-0.070	-1.309
6.260	-0.040	-1.309
6.270	-0.010	-1.309
6.280	0.020	-1.309
6.290	0.050	-1.309
6.300	0.080	-1.309
6.310	0.110	-1.309
6.320	0.140	-1.314
6.330	0.170	-1.309
6.340	0.200	-1.309
6.350	0.230	-1.309
6.360	0.260	-1.309
6.370	0.290	-1.309
6.380	0.320	-1.309
6.390	0.350	-1.309
6.400	0.379	-1.309
6.410	0.409	-1.309
6.420	0.439	-1.314
6.430	0.469	-1.309
6.440	0.498	-1.309
6.450	0.528	-1.309
6.460	0.557	-1.314
6.470	0.587	-1.309
6.480	0.616	-1.309
6.490	0.645	-1.309
6.500	0.675	-1.309
6.510	0.704	-1.309
6.520	0.733	-1.309
6.530	0.762	-1.309
6.540	0.791	-1.304
6.550	0.820	-1.304
6.560	0.849	-1.304
6.570	0.877	-1.304
6.580	0.906	-1.299
6.590	0.935	-1.299
6.600	0.963	-1.299
6.610	0.991	-1.295
6.620	1.020	-1.295
6.630	1.048	-1.290
6.640	1.076	-1.280
6.650	1.104	-1.265
6.660	1.132	-1.255
6.670	1.159	-1.246
6.680	1.187	-1.231
6.690	1.215	-1.221
6.700	1.242	-1.212
6.710	1.269	-1.207
6.720	1.296	-1.192
6.730	1.323	-1.172
6.740	1.350	-1.158
6.750	1.377	-1.143
6.760	1.403	-1.128
6.770	1.430	-1.099
6.780	1.456	-1.089
6.790	1.482	-1.075
6.800	1.508	-1.050
6.810	1.534	-1.031
6.820	1.560	-1.011
6.830	1.585	-0.997
6.840	1.611	-0.972
6.850	1.636	-0.948
6.860	1.661	-0.928
6.870	1.686	-0.904
6.880	1.711	-0.889
6.890	1.735	-0.874
6.900	1.760	-0.855
6.910	1.784	-0.826
6.920	1.808	-0.796
6.930	1.832	-0.777
6.940	1.855	-0.743
6.950	1.879	-0.723
6.960	1.902	-0.699
6.970	1.925	-0.684
6.980	1.948	-0.650
6.990	1.971	-0.625
7.000	1.993	-0.601
7.010	2.016	-0.567
7.020	2.038	-0.542
7.030	2.060	-0.508
7.040	2.082	-0.469
7.050	2.103	-0.430
7.060	2.124	-0.396
7.070	2.145	-0.371
7.080	2.166	-0.337
7.090	2.187	-0.303
7.100	2.207	-0.264
7.110	2.228	-0.220
7.120	2.248	-0.181
7.130	2.267	-0.142
7.140	2.287	-0.112
7.150	2.306	-0.073
7.160	2.325	-0.029
7.170	2.344	0.015
7.180	2.363	0.044
7.190	2.381	0.088
7.200	2.399	0.132
7.210	2.417	0.171
7.220	2.435	0.220
7.230	2.452	0.269
7.240	2.469	0.298
7.250	2.486	0.337
7.260	2.503	0.391
7.270	2.519	0.435
7.280	2.535	0.484
7.290	2.551	0.518
7.300	2.567	0.581
7.310	2.582	0.625
7.320	2.598	0.664
7.330	2.612	0.713
7.340	2.627	0.767
7.350	2.641	0.806
7.360	2.655	0.855
7.370	2.669	0.904
7.380	2.683	0.957
7.390	2.696	1.016
7.400	2.709	1.055
7.410	2.722	1.109
7.420	2.734	1.163
7.430	2.747	1.216
7.440	2.759	1.270
7.450	2.770	1.329
7.460	2.782	1.387
7.470	2.793	1.451
7.480	2.803	1.495
7.490	2.814	1.549
7.500	2.824	1.602
7.510	2.834	1.641
7.520	2.844	1.705
7.530	2.853	1.754
7.540	2.862	1.817
7.550	2.871	1.866
7.560	2.880	1.925
7.570	2.888	1.983
7.580	2.896	2.042
7.590	2.904	2.096
7.600	2.911	2.149
7.610	2.918	2.203
7.620	2.925	2.262
7.630	2.932	2.325
7.640	2.938	2.369
7.650	2.944	2.428
7.660	2.949	2.487
7.670	2.955	2.545
7.680	2.960	2.609
7.690	2.965	2.672
7.700	2.969	2.716
7.710	2.973	2.780
7.720	2.977	2.838
7.730	2.981	2.892
7.740	2.984	2.956
7.750	2.987	3.014
7.760	2.989	3.058
7.770	2.992	3.131
7.780	2.994	3.185
7.790	2.996	3.244
7.800	2.997	3.302
7.810	2.998	3.361
7.820	2.999	3.420
7.830	3.000	3.478
7.840	3.000	3.537
7.850	3.000	3.600
7.860	3.000	3.654
7.870	2.999	3.718
7.880	2.998	3.776
7.890	2.997	3.830
7.900	2.995	3.884
7.910	2.993	3.947
7.920	2.991	4.006
7.930	2.989	4.064
7.940	2.986	4.118
7.950	2.983	4.177
7.960	2.980	4.231
7.970	2.976	4.294
7.980	2.972	4.353
7.990	2.968	4.411
8.000	2.964	4.465
8.010	2.959	4.533
8.020	2.954	4.592
8.030	2.948	4.646
8.040	2.943	4.709
8.050	2.937	4.763
8.060	2.930	4.822
8.070	2.924	4.871
8.080	2.917	4.929
8.090	2.910	4.993
8.100	2.902	5.051
8.110	2.894	5.105
8.120	2.886	5.178
8.130	2.878	5.213
8.140	2.870	5.281
8.150	2.861	5.340
8.160	2.851	5.403
8.170	2.842	5.457
8.180	2.832	5.506
8.190	2.822	5.574
8.200	2.812	5.613
8.210	2.801	5.667
8.220	2.790	5.725
8.230	2.779	5.779
8.240	2.768	5.833
8.250	2.756	5.896
8.260	2.744	5.940
8.270	2.732	6.004
8.280	2.719	6.053
8.290	2.707	6.106
8.300	2.693	6.170
8.310	2.680	6.219
8.320	2.666	6.277
8.330	2.653	6.312
8.340	2.638	6.361
8.350	2.624	6.414
8.360	2.609	6.473
8.370	2.594	6.536
8.380	2.579	6.575
8.390	2.564	6.644
8.400	2.548	6.688
8.410	2.532	6.737
8.420	2.516	6.790
8.430	2.499	6.839
8.440	2.483	6.883
8.450	2.466	6.937
8.460	2.449	6.976
8.470	2.431	7.035
8.480	2.413	7.069
8.490	2.395	7.113
8.500	2.377	7.147
8.510	2.359	7.211
8.520	2.340	7.240
8.530	2.321	7.298
8.540	2.302	7.318
8.550	2.283	7.367
8.560	2.263	7.430
8.570	2.243	7.465
8.580	2.223	7.494
8.590	2.203	7.543
8.600	2.183	7.577
8.610	2.162	7.631
8.620	2.141	7.670
8.630	2.120	7.699
8.640	2.099	7.723
8.650	2.077	7.758
8.660	2.055	7.797
8.670	2.033	7.851
8.680	2.011	7.875
8.690	1.989	7.909
8.700	1.966	7.943
8.710	1.944	7.987
8.720	1.921	8.012
8.730	1.898	8.056
8.740	1.874	8.075
8.750	1.851	8.100
8.760	1.827	8.139
8.770	1.803	8.168
8.780	1.779	8.207
8.790	1.755	8.251
8.800	1.730	8.261
8.810	1.706	8.305
8.820	1.681	8.334
8.830	1.656	8.359
8.840	1.631	8.373
8.850	1.606	8.388
8.860	1.580	8.407
8.870	1.555	8.437
8.880	1.529	8.466
8.890	1.503	8.490
8.900	1.477	8.500
8.910	1.451	8.525
8.920	1.425	8.539
8.930	1.398	8.564
8.940	1.371	8.593
8.950	1.345	8.617
8.960	1.318	8.632
8.970	1.291	8.642
8.980	1.264	8.657
8.990	1.236	8.681
9.000	1.209	8.686
9.010	1.181	8.705
9.020	1.154	8.720
9.030	1.126	8.740
9.040	1.098	8.749
9.050	1.070	8.759
9.060	1.042	8.764
9.070	1.014	8.779
9.080	0.986	8.793
9.090	0.957	8.813
9.100	0.929	8.828
9.110	0.900	8.832
9.120	0.872	8.832
9.130	0.843	8.832
9.140	0.814	8.832
9.150	0.785	8.837
9.160	0.756	8.837
9.170	0.727	8.837
9.180	0.698	8.847
9.190	0.669	8.852
9.200	0.639	8.852
9.210	0.610	8.857
9.220	0.581	8.857
9.230	0.551	8.867
9.240	0.522	8.867
9.250	0.492	8.867
9.260	0.462	8.862
9.270	0.433	8.867
9.280	0.403	8.872
9.290	0.373	8.872
9.300	0.344	8.867
9.310	0.314	8.867
9.320	0.284	8.867
9.330	0.254	8.872
9.340	0.224	8.867
9.350	0.194	8.872
9.360	0.164	8.867
9.370	0.134	8.867
9.380	0.104	8.867
9.390	0.074	8.872
9.400	0.044	8.872
9.410	0.014	8.867
9.420	-0.016	8.867
9.430	-0.046	8.872
9.440	-0.076	8.872
9.450	-0.106	8.867
9.460	-0.136	8.867
9.470	-0.166	8.867
9.480	-0.196	8.872
9.490	-0.225	8.867
9.500	-0.255	8.867
9.510	-0.285	8.867
9.520	-0.315	8.867
9.530	-0.345	8.867
9.540	-0.375	8.867
9.550	-0.404	8.867
9.560	-0.434	8.867
9.570	-0.464	8.872
9.580	-0.493	8.867
9.590	-0.523	8.872
9.600	-0.552	8.872
9.610	-0.582	8.867
9.620	-0.611	8.872
9.630	-0.641	8.872
9.640	-0.670	8.872
9.650	-0.699	8.872
9.660	-0.728	8.867
9.670	-0.757	8.867
9.680	-0.786	8.872
9.690	-0.815	8.867
9.700	-0.844	8.867
9.710	-0.873	8.867
9.720	-0.902	8.857
9.730	-0.930	8.852
9.740	-0.959	8.847
9.750	-0.987	8.837
9.760	-1.015	8.832
9.770	-1.043	8.828
9.780	-1.071	8.828
9.790	-1.099	8.818
9.800	-1.127	8.803
9.810	-1.155	8.788
9.820	-1.183	8.774
9.830	-1.210	8.764
9.840	-1.238	8.759
9.850	-1.265	8.745
9.860	-1.292	8.735
9.870	-1.319	8.696
9.880	-1.346	8.696
9.890	-1.373	8.681
9.900	-1.399	8.666
9.910	-1.426	8.647
9.920	-1.452	8.637
9.930	-1.478	8.627
9.940	-1.504	8.603
9.950	-1.530	8.583
9.960	-1.556	8.559
9.970	-1.581	8.539
9.980	-1.607	8.520
9.990	-1.632	8.495
10.000	-1.657	8.486
10.010	-1.682	8.466
10.020	-1.707	8.442
10.030	-1.731	8.407
10.040	-1.756	8.383
10.050	-1.780	8.378
10.060	-1.804	8.359
10.070	-1.828	8.344
10.080	-1.852	8.324
10.090	-1.875	8.276
10.100	-1.899	8.251
10.110	-1.922	8.241
10.120	-1.945	8.192
10.130	-1.967	8.168
10.140	-1.990	8.134
10.150	-2.012	8.100
10.160	-2.034	8.080
10.170	-2.056	8.056
10.180	-2.078	8.012
10.190	-2.100	7.987
10.200	-2.121	7.938
10.210	-2.142	7.904
10.220	-2.163	7.860
10.230	-2.184	7.851
10.240	-2.204	7.792
10.250	-2.224	7.748
10.260	-2.244	7.704
10.270	-2.264	7.694
10.280	-2.284	7.655
10.290	-2.303	7.616
10.300	-2.322	7.572
10.310	-2.341	7.533
10.320	-2.360	7.479
10.330	-2.378	7.460
10.340	-2.396	7.426
10.350	-2.414	7.367
10.360	-2.432	7.318
10.370	-2.449	7.303
10.380	-2.467	7.230
10.390	-2.483	7.206
10.400	-2.500	7.142
10.410	-2.517	7.108
10.420	-2.533	7.064
10.430	-2.549	7.020
10.440	-2.564	6.966
10.450	-2.580	6.913
10.460	-2.595	6.878
10.470	-2.610	6.825
10.480	-2.625	6.781
10.490	-2.639	6.727
10.500	-2.653	6.683
10.510	-2.667	6.629
10.520	-2.681	6.571
10.530	-2.694	6.532
10.540	-2.707	6.453
10.550	-2.720	6.419
10.560	-2.732	6.356
10.570	-2.745	6.312
10.580	-2.757	6.277
10.590	-2.768	6.214
10.600	-2.780	6.160
10.610	-2.791	6.102
10.620	-2.802	6.043
10.630	-2.812	5.999
10.640	-2.823	5.940
10.650	-2.833	5.896
10.660	-2.842	5.818
10.670	-2.852	5.779
10.680	-2.861	5.725
10.690	-2.870	5.667
10.700	-2.879	5.613
10.710	-2.887	5.554
10.720	-2.895	5.501
10.730	-2.903	5.442
10.740	-2.910	5.393
10.750	-2.917	5.330
10.760	-2.924	5.271
10.770	-2.931	5.203
10.780	-2.937	5.178
10.790	-2.943	5.105
10.800	-2.948	5.051
10.810	-2.954	4.998
10.820	-2.959	4.929
10.830	-2.964	4.871
10.840	-2.968	4.812
10.850	-2.972	4.753
10.860	-2.976	4.700
10.870	-2.980	4.636
10.880	-2.983	4.577
10.890	-2.986	4.519
10.900	-2.989	4.450
10.910	-2.991	4.402
10.920	-2.994	4.338
10.930	-2.995	4.284
10.940	-2.997	4.226
10.950	-2.998	4.167
10.960	-2.999	4.123
10.970	-3.000	4.035
10.980	-3.000	3.986
10.990	-3.000	3.928
11.000	-3.000	3.869
11.010	-2.999	3.815
11.020	-2.998	3.737
11.030	-2.997	3.698
11.040	-2.996	3.644
11.050	-2.994	3.581
11.060	-2.992	3.517
11.070	-2.989	3.444
11.080	-2.987	3.405
11.090	-2.984	3.346
11.100	-2.980	3.293
11.110	-2.977	3.224
11.120	-2.973	3.146
11.130	-2.969	3.097
11.140	-2.964	3.043
11.150	-2.960	2.985
11.160	-2.954	2.926
11.170	-2.949	2.872
11.180	-2.943	2.819
11.190	-2.938	2.760
11.200	-2.931	2.702
11.210	-2.925	2.643
11.220	-2.918	2.579
11.230	-2.911	2.506
11.240	-2.903	2.457
11.250	-2.896	2.399
11.260	-2.888	2.350
11.270	-2.879	2.281
11.280	-2.871	2.228
11.290	-2.862	2.174
11.300	-2.853	2.120
11.310	-2.844	2.066
11.320	-2.834	1.993
11.330	-2.824	1.944
11.340	-2.814	1.891
11.350	-2.803	1.837
11.360	-2.792	1.783
11.370	-2.781	1.700
11.380	-2.770	1.661
11.390	-2.758	1.612
11.400	-2.746	1.563
11.410	-2.734	1.500
11.420	-2.721	1.456
11.430	-2.709	1.392
11.440	-2.696	1.334
11.450	-2.682	1.285
11.460	-2.669	1.226
11.470	-2.655	1.172
11.480	-2.641	1.119
11.490	-2.626	1.065
11.500	-2.612	1.016
11.510	-2.597	0.957
11.520	-2.582	0.909
11.530	-2.566	0.850
11.540	-2.551	0.801
11.550	-2.535	0.762
11.560	-2.519	0.703
11.570	-2.502	0.650
11.580	-2.485	0.611
11.590	-2.468	0.576
11.600	-2.451	0.513
11.610	-2.434	0.474
11.620	-2.416	0.425
11.630	-2.398	0.376
11.640	-2.380	0.327
11.650	-2.362	0.288
11.660	-2.343	0.239
11.670	-2.324	0.195
11.680	-2.305	0.147
11.690	-2.286	0.107
11.700	-2.266	0.059
11.710	-2.247	0.020
11.720	-2.227	-0.024
11.730	-2.206	-0.068
11.740	-2.186	-0.112
11.750	-2.165	-0.147
11.760	-2.144	-0.191
11.770	-2.123	-0.225
11.780	-2.102	-0.264
11.790	-2.081	-0.313
11.800	-2.059	-0.347
11.810	-2.037	-0.381
11.820	-2.015	-0.415
11.830	-1.992	-0.445
11.840	-1.970	-0.489
11.850	-1.947	-0.528
11.860	-1.924	-0.562
11.870	-1.901	-0.601
11.880	-1.878	-0.630
11.890	-1.854	-0.660
11.900	-1.831	-0.699
11.910	-1.807	-0.718
11.920	-1.783	-0.743
11.930	-1.759	-0.777
11.940	-1.734	-0.811
11.950	-1.710	-0.850
11.960	-1.685	-0.874
11.970	-1.660	-0.899
11.980	-1.635	-0.918
11.990	-1.610	-0.943
12.000	-1.584	-0.982
12.010	-1.559	-1.001
12.020	-1.533	-1.026
12.030	-1.507	-1.050
12.040	-1.481	-1.080
12.050	-1.455	-1.094
12.060	-1.429	-1.124
12.070	-1.402	-1.143
12.080	-1.376	-1.158
12.090	-1.349	-1.182
12.100	-1.322	-1.207
12.110	-1.295	-1.221
12.120	-1.268	-1.236
12.130	-1.241	-1.255
12.140	-1.213	-1.275
12.150	-1.186	-1.295
12.160	-1.158	-1.309
12.170	-1.130	-1.329
12.180	-1.103	-1.343
12.190	-1.075	-1.353
12.200	-1.047	-1.363
12.210	-1.018	-1.378
12.220	-0.990	-1.397
12.230	-0.962	-1.407
12.240	-0.933	-1.417
12.250	-0.905	-1.422
12.260	-0.876	-1.431
12.270	-0.847	-1.436
12.280	-0.819	-1.446
12.290	-0.790	-1.446
12.300	-0.761	-1.456
12.310	-0.732	-1.456
12.320	-0.703	-1.461
12.330	-0.673	-1.461
12.340	-0.644	-1.461
12.350	-0.615	-1.461
12.360	-0.585	-1.461
12.370	-0.556	-1.461
12.380	-0.526	-1.461
12.390	-0.497	-1.461
12.400	-0.467	-1.461
12.410	-0.438	-1.461
12.420	-0.408	-1.461
12.430	-0.378	-1.461
12.440	-0.348	-1.461
12.450	-0.319	-1.461
12.460	-0.289	-1.461
12.470	-0.259	-1.461
12.480	-0.229	-1.461
12.490	-0.199	-1.456
12.500	-0.169	-1.461
12.510	-0.139	-1.461
12.520	-0.109	-1.461
12.530	-0.079	-1.461
12.540	-0.049	-1.461
12.550	-0.019	-1.461
12.560	0.011	-1.456
12.570	0.041	-1.461
12.580	0.071	-1.461
12.590	0.101	-1.461
12.600	0.131	-1.461
12.610	0.161	-1.461
12.620	0.191	-1.461
12.630	0.221	-1.456
12.640	0.251	-1.461
12.650	0.280	-1.461
12.660	0.310	-1.461
12.670	0.340	-1.461
12.680	0.370	-1.456
12.690	0.400	-1.461
12.700	0.429	-1.456
12.710	0.459	-1.461
12.720	0.489	-1.461
12.730	0.518	-1.451
12.740	0.548	-1.451
12.750	0.577	-1.451
12.760	0.607	-1.451
12.770	0.636	-1.446
12.780	0.665	-1.446
12.790	0.695	-1.446
12.800	0.724	-1.441
12.810	0.753	-1.441
12.820	0.782	-1.436
12.830	0.811	-1.431
12.840	0.840	-1.426
12.850	0.868	-1.422
12.860	0.897	-1.422
12.870	0.926	-1.417
12.880	0.954	-1.412
12.890	0.982	-1.402
12.900	1.011	-1.397
12.910	1.039	-1.392
12.920	1.067	-1.387
12.930	1.095	-1.373
12.940	1.123	-1.368
12.950	1.151	-1.363
12.960	1.178	-1.358
12.970	1.206	-1.348
12.980	1.233	-1.339
12.990	1.261	-1.329
13.000	1.288	-1.319
13.010	1.315	-1.309
13.020	1.342	-1.299
13.030	1.368	-1.290
13.040	1.395	-1.265
13.050	1.421	-1.246
13.060	1.448	-1.231
13.070	1.474	-1.221
13.080	1.500	-1.207
13.090	1.526	-1.187
13.100	1.552	-1.168
13.110	1.577	-1.148
13.120	1.603	-1.128
13.130	1.628	-1.094
13.140	1.653	-1.075
13.150	1.678	-1.055
13.160	1.703	-1.031
13.170	1.728	-1.006
13.180	1.752	-0.987
13.190	1.776	-0.953
13.200	1.800	-0.933
13.210	1.824	-0.909
13.220	1.848	-0.884
13.230	1.871	-0.865
13.240	1.895	-0.835
13.250	1.918	-0.801
13.260	1.941	-0.777
13.270	1.964	-0.747
13.280	1.986	-0.723
13.290	2.009	-0.699
13.300	2.031	-0.674
13.310	2.053	-0.640
13.320	2.075	-0.616
13.330	2.096	-0.586
13.340	2.118	-0.547
13.350	2.139	-0.513
13.360	2.160	-0.474
13.370	2.180	-0.435
13.380	2.201	-0.405
13.390	2.221	-0.371
13.400	2.241	-0.342
13.410	2.261	-0.303
13.420	2.281	-0.254
13.430	2.300	-0.215
13.440	2.319	-0.171
13.450	2.338	-0.132
13.460	2.357	-0.098
13.470	2.375	-0.059
13.480	2.393	-0.015
13.490	2.411	0.024
13.500	2.429	0.064
13.510	2.447	0.112
13.520	2.464	0.151
13.530	2.481	0.205
13.540	2.498	0.239
13.550	2.514	0.288
13.560	2.530	0.332
13.570	2.546	0.376
13.580	2.562	0.430
13.590	2.577	0.493
13.600	2.593	0.513
13.610	2.608	0.576
13.620	2.622	0.616
13.630	2.637	0.655
13.640	2.651	0.703
13.650	2.665	0.762
13.660	2.679	0.801
13.670	2.692	0.850
13.680	2.705	0.904
13.690	2.718	0.957
13.700	2.730	1.011
13.710	2.743	1.055
13.720	2.755	1.109
13.730	2.766	1.168
13.740	2.778	1.216
13.750	2.789	1.275
13.760	2.800	1.329
13.770	2.811	1.392
13.780	2.821	1.451
13.790	2.831	1.495
13.800	2.841	1.558
13.810	2.850	1.607
13.820	2.860	1.666
13.830	2.869	1.724
13.840	2.877	1.768
13.850	2.886	1.827
13.860	2.894	1.881
13.870	2.901	1.939
13.880	2.909	1.998
13.890	2.916	2.052
13.900	2.923	2.106
13.910	2.930	2.164
13.920	2.936	2.213
13.930	2.942	2.277
13.940	2.948	2.340
13.950	2.953	2.384
13.960	2.958	2.447
13.970	2.963	2.511
13.980	2.968	2.560
13.990	2.972	2.628
14.000	2.976	2.677
14.010	2.979	2.741
14.020	2.983	2.799
14.030	2.986	2.858
14.040	2.989	2.916
14.050	2.991	2.970
14.060	2.993	3.029
14.070	2.995	3.083
14.080	2.997	3.146
14.090	2.998	3.205
14.100	2.999	3.268
14.110	3.000	3.317
14.120	3.000	3.385
14.130	3.000	3.439
14.140	3.000	3.498
14.150	2.999	3.561
14.160	2.998	3.620
14.170	2.997	3.679
14.180	2.996	3.732
14.190	2.994	3.791
14.200	2.992	3.854
14.210	2.990	3.908
14.220	2.987	3.972
14.230	2.984	4.030
14.240	2.981	4.084
14.250	2.977	4.138
14.260	2.974	4.191
14.270	2.969	4.250
14.280	2.965	4.309
14.290	2.960	4.372
14.300	2.955	4.436
14.310	2.950	4.494
14.320	2.944	4.553
14.330	2.938	4.607
14.340	2.932	4.660
14.350	2.926	4.724
14.360	2.919	4.773
14.370	2.912	4.831
14.380	2.905	4.890
14.390	2.897	4.949
14.400	2.889	5.007
14.410	2.881	5.061
14.420	2.872	5.129
14.430	2.863	5.188
14.440	2.854	5.227
14.450	2.845	5.296
14.460	2.835	5.354
14.470	2.825	5.403
14.480	2.815	5.467
14.490	2.805	5.515
14.500	2.794	5.579
14.510	2.783	5.623
14.520	2.771	5.677
14.530	2.760	5.730
14.540	2.748	5.784
14.550	2.736	5.848
14.560	2.723	5.896
14.570	2.711	5.945
14.580	2.698	6.004
14.590	2.684	6.058
14.600	2.671	6.111
14.610	2.657	6.170
14.620	2.643	6.219
14.630	2.629	6.277
14.640	2.614	6.312
14.650	2.599	6.356
14.660	2.584	6.414
14.670	2.569	6.463
14.680	2.553	6.532
14.690	2.537	6.571
14.700	2.521	6.629
14.710	2.505	6.683
14.720	2.488	6.727
14.730	2.471	6.781
14.740	2.454	6.830
14.750	2.437	6.864
14.760	2.419	6.917
14.770	2.401	6.957
14.780	2.383	7.010
14.790	2.365	7.054
14.800	2.346	7.084
14.810	2.327	7.132
14.820	2.308	7.176
14.830	2.289	7.215
14.840	2.270	7.279
14.850	2.250	7.308
14.860	2.230	7.342
14.870	2.210	7.382
14.880	2.189	7.435
14.890	2.169	7.469
14.900	2.148	7.504
14.910	2.127	7.548
14.920	2.105	7.577
14.930	2.084	7.626
14.940	2.062	7.660
14.950	2.040	7.699
14.960	2.018	7.709
14.970	1.996	7.748
14.980	1.974	7.787
14.990	1.951	7.841
15.000	1.928	7.860
15.010	1.905	7.899
15.020	1.882	7.919
15.030	1.858	7.958
15.040	1.835	7.992
15.050	1.811	8.021
15.060	1.787	8.061
15.070	1.762	8.080
15.080	1.738	8.100
15.090	1.714	8.134
15.100	1.689	8.163
15.110	1.664	8.188
15.120	1.639	8.232
15.130	1.614	8.251
15.140	1.588	8.271
15.150	1.563	8.310
15.160	1.537	8.339
15.170	1.511	8.354
15.180	1.485	8.368
15.190	1.459	8.383
15.200	1.433	8.388
15.210	1.406	8.412
15.220	1.380	8.437
15.230	1.353	8.461
15.240	1.326	8.481
15.250	1.299	8.490
15.260	1.272	8.505
15.270	1.245	8.520
15.280	1.218	8.539
15.290	1.190	8.549
15.300	1.163	8.559
15.310	1.135	8.578
15.320	1.107	8.598
15.330	1.079	8.617
15.340	1.051	8.632
15.350	1.023	8.632
15.360	0.995	8.637
15.370	0.966	8.647
15.380	0.938	8.661
15.390	0.909	8.661
15.400	0.881	8.676
15.410	0.852	8.681
15.420	0.823	8.686
15.430	0.794	8.691
15.440	0.765	8.691
15.450	0.736	8.691
15.460	0.707	8.696
15.470	0.678	8.701
15.480	0.649	8.701
15.490	0.619	8.701
15.500	0.590	8.701
15.510	0.561	8.701
15.520	0.531	8.701
15.530	0.502	8.701
15.540	0.472	8.701
15.550	0.442	8.701
15.560	0.413	8.701
15.570	0.383	8.701
15.580	0.353	8.701
15.590	0.323	8.701
15.600	0.293	8.701
15.610	0.264	8.701
15.620	0.234	8.701
15.630	0.204	8.701
15.640	0.174	8.705
15.650	0.144	8.701
15.660	0.114	8.701
15.670	0.084	8.701
15.680	0.054	8.701
15.690	0.024	8.701
15.700	-0.006	8.705
15.710	-0.036	8.701
15.720	-0.066	8.701
15.730	-0.096	8.701
15.740	-0.126	8.701
15.750	-0.156	8.701
15.760	-0.186	8.701
15.770	-0.216	8.701
15.780	-0.246	8.701
15.790	-0.276	8.701
15.800	-0.306	8.701
15.810	-0.335	8.701
15.820	-0.365	8.705
15.830	-0.395	8.701
15.840	-0.425	8.701
15.850	-0.454	8.705
15.860	-0.484	8.701
15.870	-0.514	8.701
15.880	-0.543	8.701
15.890	-0.573	8.701
15.900	-0.602	8.701
15.910	-0.631	8.701
15.920	-0.661	8.701
15.930	-0.690	8.701
15.940	-0.719	8.705
15.950	-0.748	8.701
15.960	-0.777	8.701
15.970	-0.806	8.701
15.980	-0.835	8.696
15.990	-0.864	8.691
16.000	-0.892	8.691
16.010	-0.921	8.681
16.020	-0.949	8.681
16.030	-0.978	8.681
16.040	-1.006	8.676
16.050	-1.034	8.666
16.060	-1.063	8.657
16.070	-1.091	8.642
16.080	-1.118	8.637
16.090	-1.146	8.632
16.100	-1.174	8.627
16.110	-1.201	8.622
16.120	-1.229	8.608
16.130	-1.256	8.593
16.140	-1.283	8.574
16.150	-1.310	8.559
16.160	-1.337	8.554
16.170	-1.364	8.539
16.180	-1.391	8.520
16.190	-1.417	8.510
16.200	-1.444	8.500
16.210	-1.470	8.486
16.220	-1.496	8.481
16.230	-1.522	8.461
16.240	-1.548	8.437
16.250	-1.573	8.407
16.260	-1.599	8.388
16.270	-1.624	8.378
16.280	-1.649	8.359
16.290	-1.674	8.354
16.300	-1.699	8.334
16.310	-1.724	8.315
16.320	-1.748	8.276
16.330	-1.772	8.261
16.340	-1.796	8.246
16.350	-1.820	8.217
16.360	-1.844	8.178
16.370	-1.868	8.153
16.380	-1.891	8.129
16.390	-1.914	8.095
16.400	-1.937	8.080
16.410	-1.960	8.056
16.420	-1.983	8.012
16.430	-2.005	7.992
16.440	-2.027	7.943
16.450	-2.049	7.914
16.460	-2.071	7.880
16.470	-2.093	7.855
16.480	-2.114	7.811
16.490	-2.135	7.767
16.500	-2.156	7.738
16.510	-2.177	7.699
16.520	-2.198	7.684
16.530	-2.218	7.645
16.540	-2.238	7.606
16.550	-2.258	7.567
16.560	-2.278	7.523
16.570	-2.297	7.489
16.580	-2.316	7.455
16.590	-2.335	7.421
16.600	-2.354	7.367
16.610	-2.372	7.318
16.620	-2.391	7.303
16.630	-2.409	7.250
16.640	-2.426	7.206
16.650	-2.444	7.152
16.660	-2.461	7.118
16.670	-2.478	7.074
16.680	-2.495	7.035
16.690	-2.511	6.981
16.700	-2.528	6.942
16.710	-2.544	6.888
16.720	-2.560	6.849
16.730	-2.575	6.805
16.740	-2.590	6.756
16.750	-2.605	6.707
16.760	-2.620	6.663
16.770	-2.635	6.595
16.780	-2.649	6.556
16.790	-2.663	6.507
16.800	-2.676	6.448
16.810	-2.690	6.395
16.820	-2.703	6.346
16.830	-2.716	6.292
16.840	-2.728	6.243
16.850	-2.741	6.190
16.860	-2.753	6.141
16.870	-2.765	6.097
16.880	-2.776	6.028
16.890	-2.787	5.979
16.900	-2.798	5.926
16.910	-2.809	5.872
16.920	-2.819	5.813
16.930	-2.830	5.769
16.940	-2.839	5.711
16.950	-2.849	5.657
16.960	-2.858	5.598
16.970	-2.867	5.559
16.980	-2.876	5.486
16.990	-2.884	5.432
17.000	-2.892	5.374
17.010	-2.900	5.315
17.020	-2.908	5.256
17.030	-2.915	5.203
17.040	-2.922	5.164
17.050	-2.929	5.095
17.060	-2.935	5.042
17.070	-2.941	4.978
17.080	-2.947	4.924
17.090	-2.952	4.866
17.100	-2.957	4.807
17.110	-2.962	4.744
17.120	-2.967	4.690
17.130	-2.971	4.631
17.140	-2.975	4.577
17.150	-2.979	4.514
17.160	-2.982	4.455
17.170	-2.985	4.397
17.180	-2.988	4.333
17.190	-2.991	4.284
17.200	-2.993	4.221
17.210	-2.995	4.157
17.220	-2.996	4.108
17.230	-2.998	4.045
17.240	-2.999	3.986
17.250	-2.999	3.923
17.260	-3.000	3.864
17.270	-3.000	3.806
17.280	-3.000	3.742
17.290	-2.999	3.693
17.300	-2.999	3.639
17.310	-2.997	3.576
17.320	-2.996	3.512
17.330	-2.994	3.459
17.340	-2.992	3.405
17.350	-2.990	3.341
17.360	-2.988	3.288
17.370	-2.985	3.219
17.380	-2.981	3.161
17.390	-2.978	3.097
17.400	-2.974	3.034
17.410	-2.970	2.985
17.420	-2.966	2.916
17.430	-2.961	2.868
17.440	-2.956	2.814
17.450	-2.951	2.755
17.460	-2.945	2.692
17.470	-2.939	2.638
17.480	-2.933	2.565
17.490	-2.927	2.511
17.500	-2.920	2.452
17.510	-2.913	2.384
17.520	-2.906	2.340
17.530	-2.898	2.272
17.540	-2.890	2.213
17.550	-2.882	2.159
17.560	-2.874	2.101
17.570	-2.865	2.052
17.580	-2.856	1.993
17.590	-2.847	1.935
17.600	-2.837	1.871
17.610	-2.827	1.822
17.620	-2.817	1.754
17.630	-2.806	1.705
17.640	-2.796	1.646
17.650	-2.785	1.597
17.660	-2.773	1.539
17.670	-2.762	1.485
17.680	-2.750	1.426
17.690	-2.738	1.373
17.700	-2.725	1.314
17.710	-2.713	1.260
17.720	-2.700	1.197
17.730	-2.687	1.143
17.740	-2.673	1.094
17.750	-2.659	1.041
17.760	-2.645	0.982
17.770	-2.631	0.933
17.780	-2.616	0.879
17.790	-2.602	0.826
17.800	-2.587	0.782
17.810	-2.571	0.728
17.820	-2.556	0.669
17.830	-2.540	0.630
17.840	-2.524	0.586
17.850	-2.507	0.532
17.860	-2.491	0.489
17.870	-2.474	0.435
17.880	-2.457	0.391
17.890	-2.439	0.337
17.900	-2.422	0.293
17.910	-2.404	0.244
17.920	-2.386	0.195
17.930	-2.368	0.142
17.940	-2.349	0.103
17.950	-2.330	0.054
17.960	-2.311	0.020
17.970	-2.292	-0.029
17.980	-2.273	-0.073
17.990	-2.253	-0.117
18.000	-2.233	-0.151
18.010	-2.213	-0.200
18.020	-2.193	-0.239
18.030	-2.172	-0.288
18.040	-2.151	-0.327
18.050	-2.130	-0.366
18.060	-2.109	-0.396
18.070	-2.087	-0.430
18.080	-2.066	-0.474
18.090	-2.044	-0.518
18.100	-2.022	-0.552
18.110	-2.000	-0.591
18.120	-1.977	-0.630
18.130	-1.954	-0.660
18.140	-1.932	-0.699
18.150	-1.909	-0.728
18.160	-1.885	-0.757
18.170	-1.862	-0.796
18.180	-1.838	-0.830
18.190	-1.814	-0.860
18.200	-1.791	-0.889
18.210	-1.766	-0.918
18.220	-1.742	-0.943
18.230	-1.718	-0.982
18.240	-1.693	-1.006
18.250	-1.668	-1.036
18.260	-1.643	-1.065
18.270	-1.618	-1.089
18.280	-1.592	-1.119
18.290	-1.567	-1.148
18.300	-1.541	-1.168
18.310	-1.515	-1.192
18.320	-1.489	-1.216
18.330	-1.463	-1.231
18.340	-1.437	-1.255
18.350	-1.411	-1.290
18.360	-1.384	-1.309
18.370	-1.357	-1.334
18.380	-1.331	-1.353
18.390	-1.304	-1.368
18.400	-1.277	-1.392
18.410	-1.249	-1.412
18.420	-1.222	-1.422
18.430	-1.195	-1.446
18.440	-1.167	-1.461
18.450	-1.139	-1.475
18.460	-1.112	-1.485
18.470	-1.084	-1.500
18.480	-1.056	-1.514
18.490	-1.027	-1.524
18.500	-0.999	-1.534
18.510	-0.971	-1.539
18.520	-0.942	-1.549
18.530	-0.914	-1.558
18.540	-0.885	-1.563
18.550	-0.857	-1.568
18.560	-0.828	-1.573
18.570	-0.799	-1.578
18.580	-0.770	-1.583
18.590	-0.741	-1.588
18.600	-0.712	-1.593
18.610	-0.683	-1.597
18.620	-0.653	-1.602
18.630	-0.624	-1.602
18.640	-0.595	-1.607
18.650	-0.565	-1.607
18.660	-0.536	-1.607
18.670	-0.506	-1.607
18.680	-0.477	-1.607
18.690	-0.447	-1.607
18.700	-0.417	-1.607
18.710	-0.388	-1.607
18.720	-0.358	-1.607
18.730	-0.328	-1.607
18.740	-0.298	-1.607
18.750	-0.268	-1.607
18.760	-0.238	-1.607
18.770	-0.208	-1.607
18.780	-0.179	-1.607
18.790	-0.149	-1.607
18.800	-0.119	-1.607
18.810	-0.089	-1.607
18.820	-0.059	-1.607
18.830	-0.029	-1.607
18.840	0.001	-1.607
18.850	0.031	-1.607
18.860	0.061	-1.607
18.870	0.091	-1.607
18.880	0.121	-1.607
18.890	0.151	-1.607
18.900	0.181	-1.607
18.910	0.211	-1.602
18.920	0.241	-1.607
18.930	0.271	-1.607
18.940	0.301	-1.607
18.950	0.331	-1.607
18.960	0.360	-1.607
18.970	0.390	-1.607
18.980	0.420	-1.607
18.990	0.450	-1.607
19.000	0.479	-1.607
19.010	0.509	-1.607
19.020	0.538	-1.607
19.030	0.568	-1.607
19.040	0.597	-1.607
19.050	0.627	-1.607
19.060	0.656	-1.607
19.070	0.685	-1.602
19.080	0.714	-1.602
19.090	0.744	-1.602
19.100	0.773	-1.602
19.110	0.801	-1.602
19.120	0.830	-1.597
19.130	0.859	-1.597
19.140	0.888	-1.597
19.150	0.916	-1.597
19.160	0.945	-1.593
19.170	0.973	-1.588
19.180	1.002	-1.588
19.190	1.030	-1.583
19.200	1.058	-1.583
19.210	1.086	-1.578
19.220	1.114	-1.578
19.230	1.142	-1.573
19.240	1.169	-1.568
19.250	1.197	-1.563
19.260	1.224	-1.549
19.270	1.252	-1.539
19.280	1.279	-1.534
19.290	1.306	-1.519
19.300	1.333	-1.505
19.310	1.360	-1.490
19.320	1.387	-1.480
19.330	1.413	-1.466
19.340	1.439	-1.446
19.350	1.466	-1.426
19.360	1.492	-1.412
19.370	1.518	-1.397
19.380	1.544	-1.368
19.390	1.569	-1.358
19.400	1.595	-1.343
19.410	1.620	-1.324
19.420	1.645	-1.304
19.430	1.670	-1.290
19.440	1.695	-1.251
19.450	1.720	-1.231
19.460	1.744	-1.212
19.470	1.769	-1.192
19.480	1.793	-1.158
19.490	1.817	-1.138
19.500	1.840	-1.104
19.510	1.864	-1.085
19.520	1.887	-1.050
19.530	1.911	-1.021
19.540	1.934	-0.997
19.550	1.957	-0.962
19.560	1.979	-0.933
19.570	2.002	-0.904
19.580	2.024	-0.874
19.590	2.046	-0.850
19.600	2.068	-0.811
19.610	2.089	-0.777
19.620	2.111	-0.743
19.630	2.132	-0.718
19.640	2.153	-0.694
19.650	2.174	-0.655
19.660	2.194	-0.625
19.670	2.215	-0.596
19.680	2.235	-0.552
19.690	2.255	-0.523
19.700	2.274	-0.474
19.710	2.294	-0.430
19.720	2.313	-0.396
19.730	2.332	-0.366
19.740	2.351	-0.327
19.750	2.369	-0.278
19.760	2.388	-0.234
19.770	2.406	-0.191
19.780	2.423	-0.147
19.790	2.441	-0.107
19.800	2.458	-0.073
19.810	2.475	-0.024
19.820	2.492	0.024
19.830	2.509	0.059
19.840	2.525	0.112
19.850	2.541	0.147
19.860	2.557	0.205
19.870	2.573	0.249
19.880	2.588	0.298
19.890	2.603	0.337
19.900	2.618	0.391
19.910	2.632	0.435
19.920	2.647	0.493
19.930	2.660	0.532
19.940	2.674	0.591
19.950	2.688	0.630
19.960	2.701	0.679
19.970	2.714	0.738
19.980	2.726	0.787
19.990	2.739	0.830
20.000	2.751	0.884
20.010	2.763	0.933
20.020	2.774	0.982
20.030	2.786	1.041
20.040	2.797	1.094
20.050	2.807	1.148
20.060	2.818	1.202
20.070	2.828	1.265
20.080	2.838	1.324
20.090	2.847	1.378
20.100	2.857	1.446
20.110	2.866	1.490
20.120	2.874	1.549
20.130	2.883	1.602
20.140	2.891	1.656
20.150	2.899	1.715
20.160	2.906	1.759
20.170	2.914	1.827
20.180	2.921	1.876
20.190	2.927	1.935
20.200	2.934	1.998
20.210	2.940	2.052
20.220	2.946	2.110
20.230	2.951	2.164
20.240	2.957	2.218
20.250	2.962	2.277
20.260	2.966	2.340
20.270	2.971	2.389
20.280	2.975	2.452
20.290	2.978	2.516
20.300	2.982	2.570
20.310	2.985	2.638
20.320	2.988	2.687
20.330	2.990	2.745
20.340	2.993	2.809
20.350	2.995	2.863
20.360	2.996	2.921
20.370	2.998	2.980
20.380	2.999	3.034
20.390	2.999	3.097
20.400	3.000	3.156
20.410	3.000	3.214
20.420	3.000	3.288
20.430	2.999	3.332
20.440	2.999	3.400
20.450	2.998	3.449
20.460	2.996	3.508
20.470	2.995	3.571
20.480	2.993	3.639
20.490	2.990	3.693
20.500	2.988	3.742
20.510	2.985	3.801
20.520	2.982	3.864
20.530	2.979	3.913
20.540	2.975	3.981
20.550	2.971	4.030
20.560	2.966	4.089
20.570	2.962	4.148
20.580	2.957	4.201
20.590	2.952	4.260
20.600	2.946	4.319
20.610	2.940	4.382
20.620	2.934	4.441
20.630	2.928	4.499
20.640	2.921	4.558
20.650	2.914	4.617
20.660	2.907	4.665
20.670	2.899	4.724
20.680	2.892	4.768
20.690	2.883	4.831
20.700	2.875	4.895
20.710	2.866	4.949
20.720	2.857	5.002
20.730	2.848	5.061
20.740	2.838	5.120
20.750	2.829	5.183
20.760	2.818	5.222
20.770	2.808	5.291
20.780	2.797	5.344
20.790	2.786	5.403
20.800	2.775	5.457
20.810	2.764	5.511
20.820	2.752	5.574
20.830	2.740	5.608
20.840	2.727	5.662
20.850	2.715	5.716
20.860	2.702	5.769
20.870	2.689	5.823
20.880	2.675	5.882
20.890	2.661	5.931
20.900	2.647	5.984
20.910	2.633	6.033
20.920	2.619	6.102
20.930	2.604	6.150
20.940	2.589	6.194
20.950	2.574	6.248
20.960	2.558	6.292
20.970	2.542	6.331
20.980	2.526	6.380
20.990	2.510	6.434
21.000	2.493	6.488
21.010	2.477	6.541
21.020	2.460	6.575
21.030	2.442	6.644
21.040	2.425	6.688
21.050	2.407	6.732
21.060	2.389	6.786
21.070	2.371	6.834
21.080	2.352	6.864
21.090	2.333	6.917
21.100	2.314	6.957
21.110	2.295	7.010
21.120	2.276	7.049
21.130	2.256	7.079
21.140	2.236	7.123
21.150	2.216	7.152
21.160	2.196	7.206
21.170	2.175	7.240
21.180	2.154	7.294
21.190	2.133	7.313
21.200	2.112	7.357
21.210	2.091	7.411
21.220	2.069	7.440
21.230	2.047	7.474
21.240	2.025	7.504
21.250	2.003	7.553
21.260	1.981	7.572
21.270	1.958	7.626
21.280	1.935	7.655
21.290	1.912	7.684
21.300	1.889	7.704
21.310	1.866	7.728
21.320	1.842	7.763
21.330	1.818	7.792
21.340	1.794	7.851
21.350	1.770	7.860
21.360	1.746	7.890
21.370	1.721	7.914
21.380	1.697	7.948
21.390	1.672	7.978
21.400	1.647	7.997
21.410	1.622	8.031
21.420	1.596	8.056
21.430	1.571	8.075
21.440	1.545	8.095
21.450	1.520	8.119
21.460	1.494	8.144
21.470	1.468	8.168
21.480	1.441	8.192
21.490	1.415	8.227
21.500	1.388	8.251
21.510	1.362	8.261
21.520	1.335	8.271
21.530	1.308	8.305
21.540	1.281	8.334
21.550	1.254	8.339
21.560	1.226	8.354
21.570	1.199	8.363
21.580	1.171	8.368
21.590	1.144	8.378
21.600	1.116	8.383
21.610	1.088	8.383
21.620	1.060	8.398
21.630	1.032	8.407
21.640	1.004	8.422
21.650	0.975	8.427
21.660	0.947	8.437
21.670	0.918	8.447
21.680	0.890	8.447
21.690	0.861	8.447
21.700	0.832	8.451
21.710	0.804	8.447
21.720	0.775	8.451
21.730	0.746	8.447
21.740	0.716	8.447
21.750	0.687	8.447
21.760	0.658	8.447
21.770	0.629	8.447
21.780	0.599	8.451
21.790	0.570	8.447
21.800	0.540	8.447
21.810	0.511	8.447
21.820	0.481	8.447
21.830	0.452	8.447
21.840	0.422	8.451
21.850	0.392	8.447
21.860	0.363	8.447
21.870	0.333	8.447
21.880	0.303	8.447
21.890	0.273	8.447
21.900	0.243	8.447
21.910	0.213	8.447
21.920	0.183	8.447
21.930	0.153	8.451
21.940	0.123	8.447
21.950	0.093	8.451
21.960	0.063	8.447
21.970	0.033	8.447
21.980	0.003	8.447
21.990	-0.027	8.447
22.000	-0.057	8.447
22.010	-0.087	8.447
22.020	-0.117	8.447
22.030	-0.146	8.447
22.040	-0.176	8.451
22.050	-0.206	8.451
22.060	-0.236	8.447
22.070	-0.266	8.447
22.080	-0.296	8.447
22.090	-0.326	8.447
22.100	-0.356	8.447
22.110	-0.385	8.447
22.120	-0.415	8.447
22.130	-0.445	8.447
22.140	-0.475	8.447
22.150	-0.504	8.447
22.160	-0.534	8.447
22.170	-0.563	8.447
22.180	-0.593	8.447
22.190	-0.622	8.447
22.200	-0.651	8.447
22.210	-0.681	8.447
22.220	-0.710	8.447
22.230	-0.739	8.442
22.240	-0.768	8.437
22.250	-0.797	8.432
22.260	-0.826	8.432
22.270	-0.855	8.427
22.280	-0.883	8.427
22.290	-0.912	8.412
22.300	-0.940	8.407
22.310	-0.969	8.403
22.320	-0.997	8.398
22.330	-1.025	8.393
22.340	-1.054	8.393
22.350	-1.082	8.388
22.360	-1.110	8.383
22.370	-1.137	8.378
22.380	-1.165	8.368
22.390	-1.193	8.368
22.400	-1.220	8.363
22.410	-1.247	8.359
22.420	-1.275	8.349
22.430	-1.302	8.334
22.440	-1.329	8.329
22.450	-1.356	8.310
22.460	-1.382	8.295
22.470	-1.409	8.271
22.480	-1.435	8.256
22.490	-1.462	8.256
22.500	-1.488	8.241
22.510	-1.514	8.212
22.520	-1.539	8.192
22.530	-1.565	8.173
22.540	-1.591	8.163
22.550	-1.616	8.134
22.560	-1.641	8.109
22.570	-1.666	8.090
22.580	-1.691	8.075
22.590	-1.716	8.061
22.600	-1.740	8.017
22.610	-1.765	8.002
22.620	-1.789	7.982
22.630	-1.813	7.943
22.640	-1.837	7.914
22.650	-1.860	7.890
22.660	-1.884	7.860
22.670	-1.907	7.851
22.680	-1.930	7.802
22.690	-1.953	7.767
22.700	-1.976	7.743
22.710	-1.998	7.709
22.720	-2.020	7.699
22.730	-2.042	7.665
22.740	-2.064	7.636
22.750	-2.086	7.601
22.760	-2.107	7.567
22.770	-2.129	7.533
22.780	-2.150	7.494
22.790	-2.170	7.465
22.800	-2.191	7.435
22.810	-2.211	7.401
22.820	-2.232	7.352
22.830	-2.252	7.313
22.840	-2.271	7.294
22.850	-2.291	7.235
22.860	-2.310	7.206
22.870	-2.329	7.152
22.880	-2.348	7.123
22.890	-2.366	7.074
22.900	-2.385	7.040
22.910	-2.403	7.000
22.920	-2.421	6.957
22.930	-2.438	6.913
22.940	-2.456	6.864
22.950	-2.473	6.830
22.960	-2.490	6.781
22.970	-2.506	6.732
22.980	-2.523	6.688
22.990	-2.539	6.649
23.000	-2.555	6.585
23.010	-2.570	6.546
23.020	-2.585	6.502
23.030	-2.601	6.444
23.040	-2.615	6.390
23.050	-2.630	6.341
23.060	-2.644	6.292
23.070	-2.658	6.253
23.080	-2.672	6.194
23.090	-2.686	6.150
23.100	-2.699	6.102
23.110	-2.712	6.043
23.120	-2.724	5.994
23.130	-2.737	5.940
23.140	-2.749	5.892
23.150	-2.761	5.838
23.160	-2.773	5.784
23.170	-2.784	5.735
23.180	-2.795	5.681
23.190	-2.806	5.633
23.200	-2.816	5.584
23.210	-2.826	5.520
23.220	-2.836	5.467
23.230	-2.846	5.408
23.240	-2.855	5.349
23.250	-2.864	5.296
23.260	-2.873	5.237
23.270	-2.882	5.188
23.280	-2.890	5.159
23.290	-2.898	5.071
23.300	-2.905	5.022
23.310	-2.913	4.968
23.320	-2.920	4.915
23.330	-2.926	4.851
23.340	-2.933	4.787
23.350	-2.939	4.734
23.360	-2.945	4.675
23.370	-2.950	4.621
23.380	-2.956	4.568
23.390	-2.961	4.504
23.400	-2.965	4.450
23.410	-2.970	4.387
23.420	-2.974	4.328
23.430	-2.978	4.275
23.440	-2.981	4.211
23.450	-2.984	4.152
23.460	-2.987	4.104
23.470	-2.990	4.035
23.480	-2.992	3.986
23.490	-2.994	3.918
23.500	-2.996	3.864
23.510	-2.997	3.801
23.520	-2.998	3.737
23.530	-2.999	3.683
23.540	-3.000	3.639
23.550	-3.000	3.571
23.560	-3.000	3.512
23.570	-3.000	3.454
23.580	-2.999	3.405
23.590	-2.998	3.337
23.600	-2.997	3.288
23.610	-2.995	3.214
23.620	-2.993	3.156
23.630	-2.991	3.097
23.640	-2.988	3.034
23.650	-2.986	2.975
23.660	-2.983	2.916
23.670	-2.979	2.863
23.680	-2.975	2.809
23.690	-2.971	2.745
23.700	-2.967	2.692
23.710	-2.963	2.638
23.720	-2.958	2.565
23.730	-2.953	2.506
23.740	-2.947	2.443
23.750	-2.941	2.379
23.760	-2.935	2.335
23.770	-2.929	2.267
23.780	-2.922	2.208
23.790	-2.915	2.154
23.800	-2.908	2.096
23.810	-2.901	2.042
23.820	-2.893	1.983
23.830	-2.885	1.920
23.840	-2.876	1.861
23.850	-2.868	1.808
23.860	-2.859	1.744
23.870	-2.850	1.690
23.880	-2.840	1.627
23.890	-2.830	1.578
23.900	-2.820	1.519
23.910	-2.810	1.466
23.920	-2.799	1.407
23.930	-2.788	1.343
23.940	-2.777	1.295
23.950	-2.765	1.236
23.960	-2.754	1.172
23.970	-2.742	1.119
23.980	-2.729	1.065
23.990	-2.717	1.016
24.000	-2.704	0.957
24.010	-2.691	0.904
24.020	-2.677	0.845
24.030	-2.664	0.791
24.040	-2.650	0.743
24.050	-2.636	0.684
24.060	-2.621	0.635
24.070	-2.606	0.591
24.080	-2.591	0.537
24.090	-2.576	0.493
24.100	-2.561	0.435
24.110	-2.545	0.391
24.120	-2.529	0.332
24.130	-2.513	0.288
24.140	-2.496	0.239
24.150	-2.479	0.191
24.160	-2.462	0.142
24.170	-2.445	0.093
24.180	-2.428	0.039
24.190	-2.410	0.000
24.200	-2.392	-0.054
24.210	-2.374	-0.098
24.220	-2.355	-0.142
24.230	-2.336	-0.186
24.240	-2.317	-0.230
24.250	-2.298	-0.278
24.260	-2.279	-0.322
24.270	-2.259	-0.362
24.280	-2.239	-0.396
24.290	-2.219	-0.435
24.300	-2.199	-0.484
24.310	-2.179	-0.532
24.320	-2.158	-0.567
24.330	-2.137	-0.611
24.340	-2.116	-0.645
24.350	-2.094	-0.694
24.360	-2.073	-0.718
24.370	-2.051	-0.752
24.380	-2.029	-0.796
24.390	-2.007	-0.840
24.400	-1.984	-0.874
24.410	-1.962	-0.904
24.420	-1.939	-0.938
24.430	-1.916	-0.977
24.440	-1.893	-1.001
24.450	-1.869	-1.041
24.460	-1.846	-1.075
24.470	-1.822	-1.099
24.480	-1.798	-1.138
24.490	-1.774	-1.163
24.500	-1.750	-1.202
24.510	-1.725	-1.221
24.520	-1.701	-1.251
24.530	-1.676	-1.290
24.540	-1.651	-1.309
24.550	-1.626	-1.343
24.560	-1.601	-1.363
24.570	-1.575	-1.402
24.580	-1.549	-1.422
24.590	-1.524	-1.451
24.600	-1.498	-1.475
24.610	-1.472	-1.500
24.620	-1.445	-1.519
24.630	-1.419	-1.539
24.640	-1.393	-1.563
24.650	-1.366	-1.583
24.660	-1.339	-1.607
24.670	-1.312	-1.622
24.680	-1.285	-1.637
24.690	-1.258	-1.656
24.700	-1.231	-1.676
24.710	-1.203	-1.690
24.720	-1.176	-1.705
24.730	-1.148	-1.715
24.740	-1.120	-1.724
24.750	-1.093	-1.734
24.760	-1.065	-1.749
24.770	-1.036	-1.764
24.780	-1.008	-1.773
24.790	-0.980	-1.783
24.800	-0.952	-1.793
24.810	-0.923	-1.793
24.820	-0.894	-1.803
24.830	-0.866	-1.812
24.840	-0.837	-1.827
24.850	-0.808	-1.832
24.860	-0.779	-1.837
24.870	-0.750	-1.842
24.880	-0.721	-1.842
24.890	-0.692	-1.842
24.900	-0.663	-1.842
24.910	-0.633	-1.842
24.920	-0.604	-1.842
24.930	-0.575	-1.837
24.940	-0.545	-1.842
24.950	-0.516	-1.842
24.960	-0.486	-1.842
24.970	-0.456	-1.842
24.980	-0.427	-1.842
24.990	-0.397	-1.842
25.000	-0.367	-1.842
25.010	-0.338	-1.842
25.020	-0.308	-1.842
25.030	-0.278	-1.842
25.040	-0.248	-1.842
25.050	-0.218	-1.842
25.060	-0.188	-1.842
25.070	-0.158	-1.842
25.080	-0.128	-1.842
25.090	-0.098	-1.842
25.100	-0.068	-1.842
25.110	-0.038	-1.842
25.120	-0.008	-1.837
25.130	0.022	-1.842
25.140	0.052	-1.842
25.150	0.082	-1.837
25.160	0.112	-1.842
25.170	0.142	-1.842
25.180	0.172	-1.842
25.190	0.202	-1.842
25.200	0.232	-1.842
25.210	0.261	-1.842
25.220	0.291	-1.842
25.230	0.321	-1.842
25.240	0.351	-1.842
25.250	0.381	-1.842
25.260	0.410	-1.837
25.270	0.440	-1.842
25.280	0.470	-1.837
25.290	0.499	-1.837
25.300	0.529	-1.837
25.310	0.558	-1.837
25.320	0.588	-1.837
25.330	0.617	-1.832
25.340	0.647	-1.832
25.350	0.676	-1.832
25.360	0.705	-1.827
25.370	0.734	-1.827
25.380	0.763	-1.822
25.390	0.792	-1.817
25.400	0.821	-1.812
25.410	0.850	-1.803
25.420	0.879	-1.798
25.430	0.907	-1.798
25.440	0.936	-1.793
25.450	0.964	-1.793
25.460	0.993	-1.783
25.470	1.021	-1.778
25.480	1.049	-1.778
25.490	1.077	-1.773
25.500	1.105	-1.764
25.510	1.133	-1.759
25.520	1.161	-1.754
25.530	1.188	-1.744
25.540	1.216	-1.734
25.550	1.243	-1.724
25.560	1.270	-1.720
25.570	1.297	-1.710
25.580	1.324	-1.700
25.590	1.351	-1.690
25.600	1.378	-1.676
25.610	1.405	-1.661
25.620	1.431	-1.656
25.630	1.457	-1.637
25.640	1.483	-1.622
25.650	1.509	-1.607
25.660	1.535	-1.588
25.670	1.561	-1.573
25.680	1.587	-1.553
25.690	1.612	-1.539
25.700	1.637	-1.519
25.710	1.662	-1.495
25.720	1.687	-1.475
25.730	1.712	-1.456
25.740	1.736	-1.431
25.750	1.761	-1.412
25.760	1.785	-1.383
25.770	1.809	-1.358
25.780	1.833	-1.334
25.790	1.857	-1.309
25.800	1.880	-1.290
25.810	1.903	-1.251
25.820	1.926	-1.226
25.830	1.949	-1.207
25.840	1.972	-1.172
25.850	1.994	-1.148
25.860	2.017	-1.109
25.870	2.039	-1.080
25.880	2.061	-1.045
25.890	2.082	-1.006
25.900	2.104	-0.977
25.910	2.125	-0.938
25.920	2.146	-0.904
25.930	2.167	-0.874
25.940	2.188	-0.840
25.950	2.208	-0.796
25.960	2.228	-0.762
25.970	2.248	-0.723
25.980	2.268	-0.694
25.990	2.288	-0.655
26.000	2.307	-0.625
26.010	2.326	-0.586
26.020	2.345	-0.547
26.030	2.363	-0.508
26.040	2.382	-0.459
26.050	2.400	-0.420
26.060	2.418	-0.376
26.070	2.435	-0.342
26.080	2.453	-0.298
26.090	2.470	-0.249
26.100	2.487	-0.200
26.110	2.504	-0.151
26.120	2.520	-0.117
26.130	2.536	-0.073
26.140	2.552	-0.024
26.150	2.568	0.024
26.160	2.583	0.064
26.170	2.598	0.122
26.180	2.613	0.156
26.190	2.628	0.220
26.200	2.642	0.269
26.210	2.656	0.313
26.220	2.670	0.352
26.230	2.683	0.405
26.240	2.697	0.454
26.250	2.710	0.503
26.260	2.722	0.562
26.270	2.735	0.611
26.280	2.747	0.655
26.290	2.759	0.708
26.300	2.771	0.767
26.310	2.782	0.816
26.320	2.793	0.865
26.330	2.804	0.918
26.340	2.814	0.967
26.350	2.825	1.026
26.360	2.835	1.080
26.370	2.844	1.133
26.380	2.854	1.187
26.390	2.863	1.255
26.400	2.872	1.314
26.410	2.880	1.373
26.420	2.888	1.441
26.430	2.896	1.490
26.440	2.904	1.544
26.450	2.911	1.597
26.460	2.919	1.646
26.470	2.925	1.705
26.480	2.932	1.754
26.490	2.938	1.822
26.500	2.944	1.876
26.510	2.950	1.935
26.520	2.955	1.998
26.530	2.960	2.052
26.540	2.965	2.110
26.550	2.969	2.169
26.560	2.973	2.218
26.570	2.977	2.277
26.580	2.981	2.345
26.590	2.984	2.394
26.600	2.987	2.452
26.610	2.990	2.516
26.620	2.992	2.570
26.630	2.994	2.638
26.640	2.996	2.692
26.650	2.997	2.755
26.660	2.998	2.809
26.670	2.999	2.868
26.680	3.000	2.916
26.690	3.000	2.985
26.700	3.000	3.039
26.710	3.000	3.102
26.720	2.999	3.166
26.730	2.998	3.219
26.740	2.997	3.293
26.750	2.995	3.341
26.760	2.993	3.405
26.770	2.991	3.454
26.780	2.989	3.508
26.790	2.986	3.581
26.800	2.983	3.644
26.810	2.980	3.698
26.820	2.976	3.747
26.830	2.972	3.810
26.840	2.968	3.864
26.850	2.963	3.918
26.860	2.959	3.981
26.870	2.953	4.030
26.880	2.948	4.094
26.890	2.942	4.152
26.900	2.936	4.201
26.910	2.930	4.265
26.920	2.923	4.319
26.930	2.917	4.382
26.940	2.909	4.446
26.950	2.902	4.499
26.960	2.894	4.558
26.970	2.886	4.612
26.980	2.878	4.665
26.990	2.869	4.724
27.000	2.860	4.768
27.010	2.851	4.831
27.020	2.842	4.885
27.030	2.832	4.944
27.040	2.822	4.998
27.050	2.811	5.051
27.060	2.801	5.115
27.070	2.790	5.178
27.080	2.779	5.213
27.090	2.767	5.281
27.100	2.756	5.335
27.110	2.744	5.398
27.120	2.731	5.437
27.130	2.719	5.491
27.140	2.706	5.554
27.150	2.693	5.594
27.160	2.679	5.647
27.170	2.666	5.701
27.180	2.652	5.755
27.190	2.638	5.804
27.200	2.623	5.857
27.210	2.609	5.911
27.220	2.594	5.950
27.230	2.579	6.004
27.240	2.563	6.063
27.250	2.547	6.106
27.260	2.531	6.165
27.270	2.515	6.214
27.280	2.499	6.263
27.290	2.482	6.297
27.300	2.465	6.341
27.310	2.448	6.390
27.320	2.430	6.444
27.330	2.413	6.497
27.340	2.395	6.541
27.350	2.376	6.580
27.360	2.358	6.644
27.370	2.339	6.688
27.380	2.320	6.727
27.390	2.301	6.776
27.400	2.282	6.825
27.410	2.262	6.859
27.420	2.243	6.893
27.430	2.223	6.947
27.440	2.202	6.976
27.450	2.182	7.030
27.460	2.161	7.059
27.470	2.140	7.093
27.480	2.119	7.132
27.490	2.098	7.162
27.500	2.076	7.211
27.510	2.054	7.250
27.520	2.032	7.298
27.530	2.010	7.313
27.540	1.988	7.352
27.550	1.965	7.386
27.560	1.943	7.435
27.570	1.920	7.465
27.580	1.896	7.489
27.590	1.873	7.513
27.600	1.850	7.553
27.610	1.826	7.577
27.620	1.802	7.626
27.630	1.778	7.655
27.640	1.754	7.680
27.650	1.729	7.699
27.660	1.705	7.709
27.670	1.680	7.738
27.680	1.655	7.763
27.690	1.630	7.797
27.700	1.605	7.836
27.710	1.579	7.855
27.720	1.554	7.880
27.730	1.528	7.899
27.740	1.502	7.914
27.750	1.476	7.943
27.760	1.450	7.973
27.770	1.423	7.992
27.780	1.397	8.007
27.790	1.370	8.031
27.800	1.343	8.056
27.810	1.317	8.065
27.820	1.290	8.080
27.830	1.262	8.090
27.840	1.235	8.109
27.850	1.208	8.129
27.860	1.180	8.144
27.870	1.153	8.163
27.880	1.125	8.178
27.890	1.097	8.188
27.900	1.069	8.207
27.910	1.041	8.222
27.920	1.013	8.246
27.930	0.984	8.251
27.940	0.956	8.256
27.950	0.928	8.261
27.960	0.899	8.266
27.970	0.870	8.266
27.980	0.842	8.271
27.990	0.813	8.271
28.000	0.784	8.285
28.010	0.755	8.290
28.020	0.726	8.300
28.030	0.697	8.295
28.040	0.667	8.295
28.050	0.638	8.295
28.060	0.609	8.300
28.070	0.579	8.305
28.080	0.550	8.295
28.090	0.520	8.300
28.100	0.491	8.300
28.110	0.461	8.305
28.120	0.431	8.300
28.130	0.402	8.300
28.140	0.372	8.300
28.150	0.342	8.300
28.160	0.312	8.300
28.170	0.283	8.300
28.180	0.253	8.305
28.190	0.223	8.295
28.200	0.193	8.305
28.210	0.163	8.305
28.220	0.133	8.300
28.230	0.103	8.305
28.240	0.073	8.300
28.250	0.043	8.300
28.260	0.013	8.305
28.270	-0.017	8.300
28.280	-0.047	8.300
28.290	-0.077	8.305
28.300	-0.107	8.300
28.310	-0.137	8.300
28.320	-0.167	8.300
28.330	-0.197	8.300
28.340	-0.227	8.300
28.350	-0.257	8.305
28.360	-0.287	8.300
28.370	-0.316	8.300
28.380	-0.346	8.300
28.390	-0.376	8.305
28.400	-0.406	8.305
28.410	-0.435	8.300
28.420	-0.465	8.300
28.430	-0.495	8.305
28.440	-0.524	8.305
28.450	-0.554	8.300
28.460	-0.583	8.305
28.470	-0.613	8.305
28.480	-0.642	8.305
28.490	-0.671	8.305
28.500	-0.700	8.300
28.510	-0.730	8.305
28.520	-0.759	8.305
28.530	-0.788	8.300
28.540	-0.817	8.300
28.550	-0.845	8.295
28.560	-0.874	8.295
28.570	-0.903	8.295
28.580	-0.931	8.285
28.590	-0.960	8.285
28.600	-0.988	8.271
28.610	-1.016	8.271
28.620	-1.045	8.266
28.630	-1.073	8.261
28.640	-1.101	8.251
28.650	-1.129	8.251
28.660	-1.156	8.246
28.670	-1.184	8.232
28.680	-1.211	8.227
28.690	-1.239	8.202
28.700	-1.266	8.192
28.710	-1.293	8.178
28.720	-1.320	8.173
28.730	-1.347	8.163
28.740	-1.374	8.144
28.750	-1.400	8.124
28.760	-1.427	8.109
28.770	-1.453	8.095
28.780	-1.479	8.080
28.790	-1.505	8.070
28.800	-1.531	8.056
28.810	-1.557	8.041
28.820	-1.583	8.007
28.830	-1.608	7.992
28.840	-1.633	7.973
28.850	-1.658	7.938
28.860	-1.683	7.914
28.870	-1.708	7.894
28.880	-1.733	7.870
28.890	-1.757	7.851
28.900	-1.781	7.836
28.910	-1.805	7.792
28.920	-1.829	7.763
28.930	-1.853	7.738
28.940	-1.876	7.709
28.950	-1.900	7.699
28.960	-1.923	7.684
28.970	-1.946	7.650
28.980	-1.968	7.621
28.990	-1.991	7.577
29.000	-2.013	7.562
29.010	-2.035	7.528
29.020	-2.057	7.494
29.030	-2.079	7.465
29.040	-2.101	7.435
29.050	-2.122	7.411
29.060	-2.143	7.367
29.070	-2.164	7.323
29.080	-2.185	7.308
29.090	-2.205	7.279
29.100	-2.225	7.215
29.110	-2.245	7.191
29.120	-2.265	7.132
29.130	-2.285	7.103
29.140	-2.304	7.069
29.150	-2.323	7.040
29.160	-2.342	6.986
29.170	-2.361	6.947
29.180	-2.379	6.903
29.190	-2.397	6.854
29.200	-2.415	6.830
29.210	-2.433	6.781
29.220	-2.450	6.732
29.230	-2.467	6.693
29.240	-2.484	6.649
29.250	-2.501	6.585
29.260	-2.517	6.551
29.270	-2.534	6.507
29.280	-2.549	6.448
29.290	-2.565	6.395
29.300	-2.581	6.356
29.310	-2.596	6.307
29.320	-2.611	6.273
29.330	-2.625	6.219
29.340	-2.640	6.165
29.350	-2.654	6.111
29.360	-2.668	6.063
29.370	-2.681	6.014
29.380	-2.695	5.960
29.390	-2.708	5.916
29.400	-2.720	5.862
29.410	-2.733	5.809
29.420	-2.745	5.769
29.430	-2.757	5.711
29.440	-2.769	5.657
29.450	-2.780	5.603
29.460	-2.791	5.564
29.470	-2.802	5.491
29.480	-2.813	5.437
29.490	-2.823	5.393
29.500	-2.833	5.330
29.510	-2.843	5.276
29.520	-2.852	5.217
29.530	-2.861	5.183
29.540	-2.870	5.125
29.550	-2.879	5.061
29.560	-2.887	5.007
29.570	-2.895	4.954
29.580	-2.903	4.895
29.590	-2.910	4.831
29.600	-2.917	4.773
29.610	-2.924	4.724
29.620	-2.931	4.660
29.630	-2.937	4.607
29.640	-2.943	4.553
29.650	-2.949	4.499
29.660	-2.954	4.441
29.670	-2.959	4.382
29.680	-2.964	4.319
29.690	-2.968	4.260
29.700	-2.973	4.201
29.710	-2.977	4.152
29.720	-2.980	4.094
29.730	-2.983	4.035
29.740	-2.986	3.977
29.750	-2.989	3.908
29.760	-2.992	3.854
29.770	-2.994	3.796
29.780	-2.995	3.732
29.790	-2.997	3.679
29.800	-2.998	3.635
29.810	-2.999	3.566
29.820	-3.000	3.508
29.830	-3.000	3.454
29.840	-3.000	3.405
29.850	-3.000	3.332
29.860	-2.999	3.283
29.870	-2.998	3.214
29.880	-2.997	3.151
29.890	-2.995	3.087
29.900	-2.994	3.029
29.910	-2.992	2.975
29.920	-2.989	2.916
29.930	-2.987	2.863
29.940	-2.984	2.804
29.950	-2.980	2.741
29.960	-2.977	2.682
29.970	-2.973	2.623
29.980	-2.969	2.560
29.990	-2.964	2.506
30.000	-2.959	2.438
30.010	-2.954	2.379
30.020	-2.949	2.330
30.030	-2.943	2.262
30.040	-2.937	2.203
30.050	-2.931	2.149
30.060	-2.924	2.091
30.070	-2.918	2.037
30.080	-2.911	1.974
30.090	-2.903	1.915
30.100	-2.895	1.856
30.110	-2.887	1.803
30.120	-2.879	1.739
30.130	-2.871	1.681
30.140	-2.862	1.622
30.150	-2.853	1.568
30.160	-2.843	1.505
30.170	-2.833	1.461
30.180	-2.823	1.392
30.190	-2.813	1.329
30.200	-2.803	1.285
30.210	-2.792	1.216
30.220	-2.781	1.163
30.230	-2.769	1.109
30.240	-2.757	1.050
30.250	-2.746	0.987
30.260	-2.733	0.938
30.270	-2.721	0.879
30.280	-2.708	0.826
30.290	-2.695	0.782
30.300	-2.682	0.723
30.310	-2.668	0.664
30.320	-2.654	0.620
30.330	-2.640	0.572
30.340	-2.626	0.518
30.350	-2.611	0.464
30.360	-2.596	0.415
30.370	-2.581	0.362
30.380	-2.566	0.313
30.390	-2.550	0.269
30.400	-2.534	0.220
30.410	-2.518	0.151
30.420	-2.501	0.112
30.430	-2.485	0.059
30.440	-2.468	0.020
30.450	-2.451	-0.034
30.460	-2.433	-0.083
30.470	-2.415	-0.132
30.480	-2.398	-0.171
30.490	-2.379	-0.220
30.500	-2.361	-0.269
30.510	-2.342	-0.318
30.520	-2.324	-0.362
30.530	-2.304	-0.391
30.540	-2.285	-0.435
30.550	-2.266	-0.484
30.560	-2.246	-0.532
30.570	-2.226	-0.576
30.580	-2.206	-0.616
30.590	-2.185	-0.650
30.600	-2.164	-0.699
30.610	-2.144	-0.733
30.620	-2.122	-0.772
30.630	-2.101	-0.811
30.640	-2.080	-0.855
30.650	-2.058	-0.889
30.660	-2.036	-0.918
30.670	-2.014	-0.957
30.680	-1.991	-0.997
30.690	-1.969	-1.031
30.700	-1.946	-1.070
30.710	-1.923	-1.094
30.720	-1.900	-1.138
30.730	-1.877	-1.163
30.740	-1.853	-1.202
30.750	-1.830	-1.226
30.760	-1.806	-1.255
30.770	-1.782	-1.295
30.780	-1.758	-1.324
30.790	-1.733	-1.353
30.800	-1.709	-1.387
30.810	-1.684	-1.417
30.820	-1.659	-1.446
30.830	-1.634	-1.475
30.840	-1.609	-1.500
30.850	-1.583	-1.529
30.860	-1.558	-1.553
30.870	-1.532	-1.578
30.880	-1.506	-1.607
30.890	-1.480	-1.627
30.900	-1.454	-1.651
30.910	-1.428	-1.671
30.920	-1.401	-1.695
30.930	-1.374	-1.710
30.940	-1.348	-1.720
30.950	-1.321	-1.744
30.960	-1.294	-1.759
30.970	-1.267	-1.778
30.980	-1.239	-1.793
30.990	-1.212	-1.803
31.000	-1.185	-1.827
31.010	-1.157	-1.842
31.020	-1.129	-1.847
31.030	-1.101	-1.856
31.040	-1.073	-1.876
31.050	-1.045	-1.891
31.060	-1.017	-1.895
31.070	-0.989	-1.905
31.080	-0.961	-1.915
31.090	-0.932	-1.920
31.100	-0.904	-1.930
31.110	-0.875	-1.935
31.120	-0.846	-1.935
31.130	-0.817	-1.939
31.140	-0.788	-1.949
31.150	-0.759	-1.959
31.160	-0.730	-1.969
31.170	-0.701	-1.974
31.180	-0.672	-1.979
31.190	-0.643	-1.983
31.200	-0.613	-1.988
31.210	-0.584	-1.988
31.220	-0.555	-1.988
31.230	-0.525	-1.988
31.240	-0.495	-1.988
31.250	-0.466	-1.988
31.260	-0.436	-1.988
31.270	-0.407	-1.988
31.280	-0.377	-1.988
31.290	-0.347	-1.988
31.300	-0.317	-1.988
31.310	-0.287	-1.988
31.320	-0.257	-1.988
31.330	-0.228	-1.988
31.340	-0.198	-1.988
31.350	-0.168	-1.988
31.360	-0.138	-1.988
31.370	-0.108	-1.988
31.380	-0.078	-1.988
31.390	-0.048	-1.988
31.400	-0.018	-1.988
31.410	0.012	-1.988
31.420	0.042	-1.988
31.430	0.072	-1.988
31.440	0.102	-1.988
31.450	0.132	-1.988
31.460	0.162	-1.988
31.470	0.192	-1.988
31.480	0.222	-1.988
31.490	0.252	-1.988
31.500	0.282	-1.988
31.510	0.312	-1.988
31.520	0.341	-1.988
31.530	0.371	-1.988
31.540	0.401	-1.988
31.550	0.431	-1.988
31.560	0.460	-1.988
31.570	0.490	-1.988
31.580	0.520	-1.988
31.590	0.549	-1.988
31.600	0.579	-1.983
31.610	0.608	-1.983
31.620	0.637	-1.979
31.630	0.667	-1.974
31.640	0.696	-1.974
31.650	0.725	-1.969
31.660	0.754	-1.964
31.670	0.783	-1.959
31.680	0.812	-1.959
31.690	0.841	-1.954
31.700	0.870	-1.949
31.710	0.898	-1.949
31.720	0.927	-1.949
31.730	0.955	-1.949
31.740	0.984	-1.949
31.750	1.012	-1.944
31.760	1.040	-1.939
31.770	1.068	-1.939
31.780	1.096	-1.935
31.790	1.124	-1.930
31.800	1.152	-1.920
31.810	1.180	-1.910
31.820	1.207	-1.900
31.830	1.234	-1.895
31.840	1.262	-1.881
31.850	1.289	-1.866
31.860	1.316	-1.851
31.870	1.343	-1.842
31.880	1.370	-1.832
31.890	1.396	-1.803
31.900	1.423	-1.793
31.910	1.449	-1.778
31.920	1.475	-1.764
31.930	1.501	-1.749
31.940	1.527	-1.729
31.950	1.553	-1.720
31.960	1.578	-1.705
31.970	1.604	-1.685
31.980	1.629	-1.666
31.990	1.654	-1.646
32.000	1.679	-1.627
32.010	1.704	-1.607
32.020	1.729	-1.583
32.030	1.753	-1.563
32.040	1.777	-1.539
32.050	1.801	-1.519
32.060	1.825	-1.495
32.070	1.849	-1.470
32.080	1.873	-1.436
32.090	1.896	-1.417
32.100	1.919	-1.387
32.110	1.942	-1.353
32.120	1.965	-1.334
32.130	1.987	-1.309
32.140	2.010	-1.280
32.150	2.032	-1.241
32.160	2.054	-1.216
32.170	2.076	-1.187
32.180	2.097	-1.153
32.190	2.119	-1.109
32.200	2.140	-1.080
32.210	2.161	-1.041
32.220	2.181	-1.001
32.230	2.202	-0.967
32.240	2.222	-0.923
32.250	2.242	-0.894
32.260	2.262	-0.860
32.270	2.281	-0.811
32.280	2.301	-0.777
32.290	2.320	-0.733
32.300	2.339	-0.699
32.310	2.358	-0.660
32.320	2.376	-0.625
32.330	2.394	-0.586
32.340	2.412	-0.547
32.350	2.430	-0.503
32.360	2.447	-0.449
32.370	2.465	-0.410
32.380	2.482	-0.371
32.390	2.498	-0.332
32.400	2.515	-0.288
32.410	2.531	-0.230
32.420	2.547	-0.186
32.430	2.563	-0.137
32.440	2.578	-0.098
32.450	2.593	-0.054
32.460	2.608	0.005
32.470	2.623	0.039
32.480	2.637	0.093
32.490	2.652	0.142
32.500	2.666	0.195
32.510	2.679	0.239
32.520	2.693	0.288
32.530	2.706	0.337
32.540	2.718	0.391
32.550	2.731	0.440
32.560	2.743	0.493
32.570	2.755	0.542
32.580	2.767	0.601
32.590	2.778	0.645
32.600	2.790	0.699
32.610	2.801	0.757
32.620	2.811	0.801
32.630	2.821	0.855
32.640	2.832	0.909
32.650	2.841	0.967
32.660	2.851	1.036
32.670	2.860	1.070
32.680	2.869	1.128
32.690	2.878	1.182
32.700	2.886	1.251
32.710	2.894	1.309
32.720	2.902	1.368
32.730	2.909	1.431
32.740	2.916	1.485
32.750	2.923	1.539
32.760	2.930	1.597
32.770	2.936	1.661
32.780	2.942	1.715
32.790	2.948	1.754
32.800	2.953	1.822
32.810	2.958	1.876
32.820	2.963	1.935
32.830	2.968	1.998
32.840	2.972	2.057
32.850	2.976	2.110
32.860	2.980	2.169
32.870	2.983	2.228
32.880	2.986	2.286
32.890	2.989	2.345
32.900	2.991	2.399
32.910	2.993	2.452
32.920	2.995	2.526
32.930	2.997	2.574
32.940	2.998	2.643
32.950	2.999	2.692
32.960	3.000	2.755
32.970	3.000	2.814
32.980	3.000	2.872
32.990	3.000	2.936
33.000	2.999	2.990
33.010	2.998	3.043
33.020	2.997	3.107
33.030	2.996	3.166
33.040	2.994	3.224
33.050	2.992	3.293
33.060	2.990	3.346
33.070	2.987	3.405
33.080	2.984	3.459
33.090	2.981	3.512
33.100	2.977	3.581
33.110	2.973	3.639
33.120	2.969	3.698
33.130	2.965	3.762
33.140	2.960	3.815
33.150	2.955	3.869
33.160	2.950	3.918
33.170	2.944	3.981
33.180	2.938	4.035
33.190	2.932	4.089
33.200	2.926	4.148
33.210	2.919	4.201
33.220	2.912	4.265
33.230	2.904	4.319
33.240	2.897	4.387
33.250	2.889	4.441
33.260	2.880	4.499
33.270	2.872	4.553
33.280	2.863	4.607
33.290	2.854	4.656
33.300	2.845	4.714
33.310	2.835	4.768
33.320	2.825	4.822
33.330	2.815	4.880
33.340	2.804	4.934
33.350	2.793	4.998
33.360	2.782	5.046
33.370	2.771	5.105
33.380	2.759	5.173
33.390	2.747	5.208
33.400	2.735	5.266
33.410	2.723	5.320
33.420	2.710	5.379
33.430	2.697	5.423
33.440	2.684	5.476
33.450	2.670	5.535
33.460	2.656	5.589
33.470	2.642	5.638
33.480	2.628	5.681
33.490	2.613	5.735
33.500	2.599	5.784
33.510	2.583	5.833
33.520	2.568	5.887
33.530	2.552	5.936
33.540	2.537	5.984
33.550	2.520	6.033
33.560	2.504	6.097
33.570	2.487	6.131
33.580	2.470	6.180
33.590	2.453	6.234
33.600	2.436	6.277
33.610	2.418	6.307
33.620	2.400	6.351
33.630	2.382	6.400
33.640	2.364	6.448
33.650	2.345	6.507
33.660	2.327	6.551
33.670	2.307	6.585
33.680	2.288	6.649
33.690	2.269	6.693
33.700	2.249	6.727
33.710	2.229	6.776
33.720	2.209	6.825
33.730	2.188	6.849
33.740	2.168	6.888
33.750	2.147	6.932
33.760	2.126	6.966
33.770	2.105	7.015
33.780	2.083	7.049
33.790	2.061	7.074
33.800	2.039	7.118
33.810	2.017	7.142
33.820	1.995	7.196
33.830	1.973	7.215
33.840	1.950	7.264
33.850	1.927	7.298
33.860	1.904	7.313
33.870	1.881	7.352
33.880	1.857	7.386
33.890	1.833	7.435
33.900	1.810	7.455
33.910	1.786	7.479
33.920	1.761	7.509
33.930	1.737	7.543
33.940	1.712	7.562
33.950	1.688	7.587
33.960	1.663	7.626
33.970	1.638	7.650
33.980	1.613	7.680
33.990	1.587	7.699
34.000	1.562	7.704
34.010	1.536	7.723
34.020	1.510	7.743
34.030	1.484	7.763
34.040	1.458	7.792
34.050	1.432	7.826
34.060	1.405	7.855
34.070	1.379	7.860
34.080	1.352	7.880
34.090	1.325	7.899
34.100	1.298	7.909
34.110	1.271	7.924
34.120	1.244	7.943
34.130	1.216	7.968
34.140	1.189	7.987
34.150	1.161	7.997
34.160	1.134	8.007
34.170	1.106	8.021
34.180	1.078	8.041
34.190	1.050	8.056
34.200	1.022	8.065
34.210	0.993	8.065
34.220	0.965	8.075
34.230	0.937	8.080
34.240	0.908	8.085
34.250	0.879	8.095
34.260	0.851	8.100
34.270	0.822	8.109
34.280	0.793	8.119
34.290	0.764	8.124
34.300	0.735	8.134
34.310	0.706	8.134
34.320	0.677	8.139
34.330	0.647	8.144
34.340	0.618	8.149
34.350	0.589	8.144
34.360	0.559	8.144
34.370	0.530	8.149
34.380	0.500	8.144
34.390	0.471	8.139
34.400	0.441	8.144
34.410	0.411	8.144
34.420	0.382	8.149
34.430	0.352	8.139
34.440	0.322	8.144
34.450	0.292	8.149
34.460	0.262	8.149
34.470	0.232	8.149
34.480	0.202	8.144
34.490	0.172	8.149
34.500	0.143	8.144
34.510	0.113	8.149
34.520	0.083	8.149
34.530	0.053	8.144
34.540	0.023	8.144
34.550	-0.007	8.144
34.560	-0.037	8.149
34.570	-0.067	8.144
34.580	-0.097	8.144
34.590	-0.127	8.144
34.600	-0.157	8.144
34.610	-0.187	8.144
34.620	-0.217	8.149
34.630	-0.247	8.144
34.640	-0.277	8.144
34.650	-0.307	8.144
34.660	-0.337	8.144
34.670	-0.367	8.149
34.680	-0.396	8.144
34.690	-0.426	8.144
34.700	-0.456	8.149
34.710	-0.485	8.144
34.720	-0.515	8.144
34.730	-0.544	8.144
34.740	-0.574	8.144
34.750	-0.603	8.139
34.760	-0.633	8.149
34.770	-0.662	8.149
34.780	-0.691	8.149
34.790	-0.720	8.144
34.800	-0.749	8.139
34.810	-0.778	8.139
34.820	-0.807	8.139
34.830	-0.836	8.139
34.840	-0.865	8.134
34.850	-0.894	8.134
34.860	-0.922	8.129
34.870	-0.951	8.119
34.880	-0.979	8.114
34.890	-1.007	8.105
34.900	-1.036	8.095
34.910	-1.064	8.095
34.920	-1.092	8.090
34.930	-1.120	8.085
34.940	-1.147	8.080
34.950	-1.175	8.075
34.960	-1.203	8.065
34.970	-1.230	8.061
34.980	-1.257	8.051
34.990	-1.285	8.026
35.000	-1.312	8.007
35.010	-1.339	7.992
35.020	-1.365	7.987
35.030	-1.392	7.968
35.040	-1.418	7.948
35.050	-1.445	7.924
35.060	-1.471	7.914
35.070	-1.497	7.894
35.080	-1.523	7.875
35.090	-1.549	7.855
35.100	-1.574	7.855
35.110	-1.600	7.831
35.120	-1.625	7.797
35.130	-1.650	7.772
35.140	-1.675	7.753
35.150	-1.700	7.733
35.160	-1.725	7.709
35.170	-1.749	7.699
35.180	-1.773	7.689
35.190	-1.798	7.665
35.200	-1.821	7.640
35.210	-1.845	7.611
35.220	-1.869	7.572
35.230	-1.892	7.553
35.240	-1.915	7.523
35.250	-1.938	7.494
35.260	-1.961	7.465
35.270	-1.984	7.440
35.280	-2.006	7.426
35.290	-2.028	7.382
35.300	-2.050	7.352
35.310	-2.072	7.318
35.320	-2.094	7.303
35.330	-2.115	7.259
35.340	-2.136	7.215
35.350	-2.157	7.191
35.360	-2.178	7.137
35.370	-2.199	7.113
35.380	-2.219	7.074
35.390	-2.239	7.040
35.400	-2.259	7.000
35.410	-2.278	6.957
35.420	-2.298	6.922
35.430	-2.317	6.878
35.440	-2.336	6.844
35.450	-2.355	6.805
35.460	-2.373	6.761
35.470	-2.391	6.722
35.480	-2.409	6.678
35.490	-2.427	6.629
35.500	-2.445	6.575
35.510	-2.462	6.536
35.520	-2.479	6.497
35.530	-2.496	6.444
35.540	-2.512	6.395
35.550	-2.528	6.351
35.560	-2.544	6.302
35.570	-2.560	6.273
35.580	-2.576	6.214
35.590	-2.591	6.165
35.600	-2.606	6.111
35.610	-2.621	6.072
35.620	-2.635	6.019
35.630	-2.649	5.970
35.640	-2.663	5.921
35.650	-2.677	5.867
35.660	-2.690	5.818
35.670	-2.704	5.769
35.680	-2.716	5.716
35.690	-2.729	5.667
35.700	-2.741	5.613
35.710	-2.753	5.579
35.720	-2.765	5.511
35.730	-2.777	5.457
35.740	-2.788	5.403
35.750	-2.799	5.349
35.760	-2.809	5.291
35.770	-2.820	5.237
35.780	-2.830	5.198
35.790	-2.840	5.159
35.800	-2.849	5.081
35.810	-2.859	5.027
35.820	-2.867	4.973
35.830	-2.876	4.924
35.840	-2.885	4.861
35.850	-2.893	4.812
35.860	-2.900	4.748
35.870	-2.908	4.695
35.880	-2.915	4.631
35.890	-2.922	4.582
35.900	-2.929	4.524
35.910	-2.935	4.470
35.920	-2.941	4.416
35.930	-2.947	4.353
35.940	-2.952	4.294
35.950	-2.958	4.240
35.960	-2.962	4.187
35.970	-2.967	4.133
35.980	-2.971	4.069
35.990	-2.975	4.011
36.000	-2.979	3.937
36.010	-2.982	3.884
36.020	-2.986	3.830
36.030	-2.988	3.781
36.040	-2.991	3.718
36.050	-2.993	3.659
36.060	-2.995	3.605
36.070	-2.996	3.552
36.080	-2.998	3.488
36.090	-2.999	3.434
36.100	-2.999	3.381
36.110	-3.000	3.312
36.120	-3.000	3.249
36.130	-3.000	3.190
36.140	-2.999	3.131
36.150	-2.998	3.068
36.160	-2.997	3.014
36.170	-2.996	2.956
36.180	-2.994	2.902
36.190	-2.992	2.853
36.200	-2.990	2.785
36.210	-2.987	2.721
36.220	-2.985	2.667
36.230	-2.981	2.609
36.240	-2.978	2.540
36.250	-2.974	2.482
36.260	-2.970	2.418
36.270	-2.966	2.355
36.280	-2.961	2.301
36.290	-2.956	2.252
36.300	-2.951	2.184
36.310	-2.945	2.125
36.320	-2.939	2.066
36.330	-2.933	2.013
36.340	-2.927	1.954
36.350	-2.920	1.895
36.360	-2.913	1.837
36.370	-2.905	1.783
36.380	-2.898	1.720
36.390	-2.890	1.656
36.400	-2.882	1.602
36.410	-2.873	1.549
36.420	-2.865	1.490
36.430	-2.855	1.431
36.440	-2.846	1.368
36.450	-2.836	1.309
36.460	-2.827	1.255
36.470	-2.816	1.187
36.480	-2.806	1.133
36.490	-2.795	1.080
36.500	-2.784	1.026
36.510	-2.773	0.967
36.520	-2.761	0.909
36.530	-2.749	0.845
36.540	-2.737	0.791
36.550	-2.725	0.747
36.560	-2.712	0.684
36.570	-2.699	0.640
36.580	-2.686	0.591
36.590	-2.672	0.532
36.600	-2.659	0.489
36.610	-2.645	0.430
36.620	-2.630	0.381
36.630	-2.616	0.322
36.640	-2.601	0.278
36.650	-2.586	0.225
36.660	-2.571	0.171
36.670	-2.555	0.122
36.680	-2.539	0.068
36.690	-2.523	0.024
36.700	-2.507	-0.029
36.710	-2.490	-0.083
36.720	-2.473	-0.132
36.730	-2.456	-0.171
36.740	-2.439	-0.220
36.750	-2.421	-0.269
36.760	-2.403	-0.318
36.770	-2.385	-0.362
36.780	-2.367	-0.401
36.790	-2.348	-0.445
36.800	-2.330	-0.498
36.810	-2.311	-0.547
36.820	-2.291	-0.586
36.830	-2.272	-0.625
36.840	-2.252	-0.664
36.850	-2.232	-0.703
36.860	-2.212	-0.743
36.870	-2.192	-0.791
36.880	-2.171	-0.840
36.890	-2.150	-0.874
36.900	-2.129	-0.909
36.910	-2.108	-0.943
36.920	-2.086	-0.992
36.930	-2.065	-1.026
36.940	-2.043	-1.060
36.950	-2.021	-1.094
36.960	-1.999	-1.138
36.970	-1.976	-1.168
36.980	-1.953	-1.207
36.990	-1.931	-1.236
37.000	-1.908	-1.275
37.010	-1.884	-1.309
37.020	-1.861	-1.343
37.030	-1.837	-1.368
37.040	-1.813	-1.417
37.050	-1.789	-1.441
37.060	-1.765	-1.485
37.070	-1.741	-1.505
37.080	-1.716	-1.539
37.090	-1.692	-1.563
37.100	-1.667	-1.593
37.110	-1.642	-1.617
37.120	-1.617	-1.641
37.130	-1.591	-1.671
37.140	-1.566	-1.700
37.150	-1.540	-1.720
37.160	-1.514	-1.739
37.170	-1.488	-1.764
37.180	-1.462	-1.783
37.190	-1.436	-1.798
37.200	-1.410	-1.827
37.210	-1.383	-1.842
37.220	-1.356	-1.856
37.230	-1.329	-1.881
37.240	-1.302	-1.895
37.250	-1.275	-1.915
37.260	-1.248	-1.930
37.270	-1.221	-1.939
37.280	-1.193	-1.959
37.290	-1.166	-1.974
37.300	-1.138	-1.988
37.310	-1.110	-2.018
37.320	-1.082	-2.027
37.330	-1.054	-2.037
37.340	-1.026	-2.047
37.350	-0.998	-2.052
37.360	-0.970	-2.057
37.370	-0.941	-2.081
37.380	-0.913	-2.091
37.390	-0.884	-2.101
37.400	-0.855	-2.106
37.410	-0.827	-2.110
37.420	-0.798	-2.110
37.430	-0.769	-2.115
37.440	-0.740	-2.115
37.450	-0.711	-2.125
37.460	-0.681	-2.125
37.470	-0.652	-2.125
37.480	-0.623	-2.125
37.490	-0.593	-2.130
37.500	-0.564	-2.130
37.510	-0.534	-2.135
37.520	-0.505	-2.135
37.530	-0.475	-2.135
37.540	-0.446	-2.130
37.550	-0.416	-2.135
37.560	-0.386	-2.130
37.570	-0.356	-2.130
37.580	-0.327	-2.130
37.590	-0.297	-2.135
37.600	-0.267	-2.135
37.610	-0.237	-2.135
37.620	-0.207	-2.135
37.630	-0.177	-2.135
37.640	-0.147	-2.135
37.650	-0.117	-2.135
37.660	-0.087	-2.135
37.670	-0.057	-2.135
37.680	-0.027	-2.135
37.690	0.003	-2.135
37.700	0.033	-2.130
37.710	0.063	-2.130
37.720	0.093	-2.135
37.730	0.123	-2.135
37.740	0.153	-2.130
37.750	0.183	-2.130
37.760	0.212	-2.130
37.770	0.242	-2.135
37.780	0.272	-2.135
37.790	0.302	-2.135
37.800	0.332	-2.130
37.810	0.362	-2.135
37.820	0.392	-2.135
37.830	0.421	-2.135
37.840	0.451	-2.135
37.850	0.481	-2.135
37.860	0.510	-2.130
37.870	0.540	-2.130
37.880	0.569	-2.135
37.890	0.599	-2.135
37.900	0.628	-2.135
37.910	0.657	-2.135
37.920	0.687	-2.130
37.930	0.716	-2.135
37.940	0.745	-2.130
37.950	0.774	-2.130
37.960	0.803	-2.130
37.970	0.832	-2.130
