0.010	-1.544	4.709
0.020	-1.714	4.704
0.030	-1.883	4.680
0.040	-2.051	4.656
0.050	-2.218	4.636
0.060	-2.383	4.612
0.070	-2.547	4.582
0.080	-2.709	4.543
0.090	-2.869	4.514
0.100	-3.028	4.460
0.110	-3.185	4.421
0.120	-3.340	4.377
0.130	-3.493	4.309
0.140	-3.643	4.260
0.150	-3.791	4.191
0.160	-3.937	4.138
0.170	-4.081	4.055
0.180	-4.222	3.986
0.190	-4.360	3.898
0.200	-4.495	3.815
0.210	-4.628	3.727
0.220	-4.758	3.644
0.230	-4.885	3.561
0.240	-5.009	3.459
0.250	-5.129	3.351
0.260	-5.247	3.244
0.270	-5.361	3.151
0.280	-5.472	3.039
0.290	-5.579	2.916
0.300	-5.683	2.804
0.310	-5.784	2.687
0.320	-5.880	2.560
0.330	-5.973	2.433
0.340	-6.063	2.306
0.350	-6.148	2.169
0.360	-6.230	2.042
0.370	-6.308	1.895
0.380	-6.382	1.768
0.390	-6.452	1.627
0.400	-6.518	1.485
0.410	-6.579	1.334
0.420	-6.637	1.182
0.430	-6.691	1.026
0.440	-6.740	0.865
0.450	-6.785	0.713
0.460	-6.826	0.572
0.470	-6.863	0.405
0.480	-6.895	0.244
0.490	-6.923	0.088
0.500	-6.947	-0.083
0.510	-6.966	-0.269
0.520	-6.981	-0.396
0.530	-6.992	-0.567
0.540	-6.998	-0.733
0.550	-7.000	-0.899
0.560	-6.998	-1.060
0.570	-6.991	-1.226
0.580	-6.979	-1.397
0.590	-6.964	-1.558
0.600	-6.944	-1.744
0.610	-6.920	-1.886
0.620	-6.891	-2.042
0.630	-6.858	-2.208
0.640	-6.821	-2.360
0.650	-6.780	-2.540
0.660	-6.734	-2.662
0.670	-6.684	-2.829
0.680	-6.630	-2.985
0.690	-6.572	-3.136
0.700	-6.510	-3.288
0.710	-6.443	-3.420
0.720	-6.373	-3.581
0.730	-6.298	-3.737
0.740	-6.220	-3.874
0.750	-6.138	-4.001
0.760	-6.052	-4.157
0.770	-5.962	-4.299
0.780	-5.868	-4.431
0.790	-5.771	-4.563
0.800	-5.670	-4.704
0.810	-5.566	-4.841
0.820	-5.458	-4.963
0.830	-5.347	-5.095
0.840	-5.232	-5.252
0.850	-5.114	-5.325
0.860	-4.993	-5.452
0.870	-4.869	-5.569
0.880	-4.742	-5.691
0.890	-4.612	-5.804
0.900	-4.479	-5.906
0.910	-4.343	-6.014
0.920	-4.204	-6.121
0.930	-4.063	-6.209
0.940	-3.919	-6.312
0.950	-3.773	-6.414
0.960	-3.624	-6.497
0.970	-3.473	-6.561
0.980	-3.320	-6.668
0.990	-3.165	-6.742
1.000	-3.008	-6.815
1.010	-2.849	-6.893
1.020	-2.689	-6.957
1.030	-2.526	-7.015
1.040	-2.362	-7.074
1.050	-2.197	-7.128
1.060	-2.030	-7.181
1.070	-1.862	-7.225
1.080	-1.693	-7.259
1.090	-1.522	-7.313
1.100	-1.351	-7.333
1.110	-1.179	-7.382
1.120	-1.006	-7.391
1.130	-0.833	-7.421
1.140	-0.659	-7.445
1.150	-0.484	-7.455
1.160	-0.309	-7.460
1.170	-0.135	-7.460
1.180	0.040	-7.465
1.190	0.215	-7.465
1.200	0.390	-7.465
1.210	0.565	-7.465
1.220	0.739	-7.465
1.230	0.913	-7.465
1.240	1.086	-7.465
1.250	1.259	-7.460
1.260	1.430	-7.460
1.270	1.601	-7.455
1.280	1.771	-7.445
1.290	1.940	-7.430
1.300	2.107	-7.401
1.310	2.273	-7.382
1.320	2.438	-7.362
1.330	2.601	-7.328
1.340	2.763	-7.298
1.350	2.923	-7.259
1.360	3.081	-7.230
1.370	3.237	-7.186
1.380	3.391	-7.142
1.390	3.543	-7.088
1.400	3.693	-7.040
1.410	3.841	-6.986
1.420	3.986	-6.908
1.430	4.128	-6.839
1.440	4.268	-6.771
1.450	4.406	-6.698
1.460	4.540	-6.619
1.470	4.672	-6.527
1.480	4.801	-6.444
1.490	4.927	-6.365
1.500	5.050	-6.282
1.510	5.169	-6.170
1.520	5.286	-6.063
1.530	5.399	-5.960
1.540	5.508	-5.867
1.550	5.615	-5.721
1.560	5.717	-5.662
1.570	5.816	-5.530
1.580	5.912	-5.427
1.590	6.004	-5.296
1.600	6.092	-5.173
1.610	6.176	-5.056
1.620	6.257	-4.905
1.630	6.333	-4.812
1.640	6.406	-4.685
1.650	6.474	-4.543
1.660	6.539	-4.402
1.670	6.599	-4.226
1.680	6.656	-4.123
1.690	6.708	-3.977
1.700	6.756	-3.845
1.710	6.799	-3.703
1.720	6.839	-3.552
1.730	6.874	-3.400
1.740	6.905	-3.254
1.750	6.931	-3.097
1.760	6.954	-2.951
1.770	6.972	-2.794
1.780	6.985	-2.594
1.790	6.994	-2.482
1.800	6.999	-2.325
1.810	7.000	-2.159
1.820	6.996	-2.013
1.830	6.987	-1.842
1.840	6.975	-1.685
1.850	6.958	-1.519
1.860	6.936	-1.353
1.870	6.911	-1.187
1.880	6.881	-1.016
1.890	6.846	-0.811
1.900	6.808	-0.694
1.910	6.765	-0.528
1.920	6.718	-0.362
1.930	6.666	-0.200
1.940	6.611	-0.034
1.950	6.551	0.132
1.960	6.488	0.293
1.970	6.420	0.440
1.980	6.348	0.611
1.990	6.272	0.762
2.000	6.193	0.933
2.010	6.109	1.070
2.020	6.022	1.241
2.030	5.931	1.383
2.040	5.836	1.529
2.050	5.738	1.681
2.060	5.636	1.822
2.070	5.530	1.959
2.080	5.421	2.086
2.090	5.309	2.228
2.100	5.193	2.364
2.110	5.074	2.496
2.120	4.952	2.623
2.130	4.827	2.736
2.140	4.698	2.858
2.150	4.567	3.009
2.160	4.433	3.092
2.170	4.296	3.200
2.180	4.157	3.302
2.190	4.015	3.415
2.200	3.870	3.503
2.210	3.723	3.610
2.220	3.574	3.703
2.230	3.422	3.791
2.240	3.269	3.874
2.250	3.113	3.967
2.260	2.955	4.040
2.270	2.796	4.123
2.280	2.634	4.187
2.290	2.471	4.245
2.300	2.307	4.304
2.310	2.141	4.367
2.320	1.974	4.421
2.330	1.805	4.465
2.340	1.635	4.519
2.350	1.465	4.563
2.360	1.293	4.597
2.370	1.121	4.631
2.380	0.948	4.656
2.390	0.774	4.680
2.400	0.600	4.700
2.410	0.425	4.709
2.420	0.251	4.719
2.430	0.076	4.724
2.440	-0.099	4.724
2.450	-0.274	4.724
2.460	-0.449	4.724
2.470	-0.623	4.724
2.480	-0.798	4.724
2.490	-0.971	4.724
2.500	-1.144	4.724
2.510	-1.316	4.719
2.520	-1.488	4.714
2.530	-1.658	4.700
2.540	-1.828	4.685
2.550	-1.996	4.660
2.560	-2.163	4.641
2.570	-2.329	4.617
2.580	-2.493	4.582
2.590	-2.656	4.553
2.600	-2.817	4.519
2.610	-2.976	4.475
2.620	-3.134	4.441
2.630	-3.289	4.387
2.640	-3.443	4.328
2.650	-3.594	4.279
2.660	-3.743	4.216
2.670	-3.890	4.152
2.680	-4.034	4.084
2.690	-4.176	3.986
2.700	-4.315	3.928
2.710	-4.451	3.850
2.720	-4.585	3.762
2.730	-4.716	3.679
2.740	-4.844	3.600
2.750	-4.968	3.488
2.760	-5.090	3.395
2.770	-5.209	3.293
2.780	-5.324	3.185
2.790	-5.436	3.068
2.800	-5.544	2.965
2.810	-5.650	2.853
2.820	-5.751	2.726
2.830	-5.849	2.574
2.840	-5.943	2.477
2.850	-6.034	2.350
2.860	-6.121	2.213
2.870	-6.204	2.081
2.880	-6.283	1.954
2.890	-6.358	1.817
2.900	-6.429	1.676
2.910	-6.496	1.529
2.920	-6.560	1.387
2.930	-6.619	1.241
2.940	-6.674	1.041
2.950	-6.724	0.918
2.960	-6.771	0.777
2.970	-6.813	0.620
2.980	-6.851	0.454
2.990	-6.885	0.293
3.000	-6.914	0.142
3.010	-6.939	-0.034
3.020	-6.960	-0.191
3.030	-6.977	-0.357
3.040	-6.989	-0.508
3.050	-6.997	-0.718
3.060	-7.000	-0.845
3.070	-6.999	-1.001
3.080	-6.993	-1.168
3.090	-6.984	-1.339
3.100	-6.970	-1.505
3.110	-6.951	-1.666
3.120	-6.928	-1.827
3.130	-6.901	-1.988
3.140	-6.870	-2.140
3.150	-6.834	-2.311
3.160	-6.794	-2.496
3.170	-6.749	-2.623
3.180	-6.701	-2.770
3.190	-6.648	-2.921
3.200	-6.591	-3.083
3.210	-6.530	-3.239
3.220	-6.465	-3.381
3.230	-6.396	-3.527
3.240	-6.323	-3.679
3.250	-6.246	-3.820
3.260	-6.165	-3.962
3.270	-6.080	-4.099
3.280	-5.992	-4.240
3.290	-5.899	-4.387
3.300	-5.803	-4.548
3.310	-5.704	-4.670
3.320	-5.600	-4.792
3.330	-5.494	-4.919
3.340	-5.384	-5.046
3.350	-5.270	-5.169
3.360	-5.153	-5.291
3.370	-5.033	-5.423
3.380	-4.910	-5.535
3.390	-4.784	-5.662
3.400	-4.655	-5.769
3.410	-4.522	-5.882
3.420	-4.387	-5.979
3.430	-4.250	-6.077
3.440	-4.109	-6.175
3.450	-3.966	-6.282
3.460	-3.821	-6.365
3.470	-3.673	-6.453
3.480	-3.523	-6.536
3.490	-3.371	-6.629
3.500	-3.216	-6.707
3.510	-3.060	-6.786
3.520	-2.902	-6.883
3.530	-2.741	-6.932
3.540	-2.580	-6.996
3.550	-2.416	-7.064
3.560	-2.251	-7.103
3.570	-2.085	-7.167
3.580	-1.917	-7.211
3.590	-1.748	-7.250
3.600	-1.578	-7.289
3.610	-1.407	-7.323
3.620	-1.235	-7.367
3.630	-1.063	-7.391
3.640	-0.889	-7.416
3.650	-0.716	-7.440
3.660	-0.541	-7.450
3.670	-0.367	-7.460
3.680	-0.192	-7.465
3.690	-0.017	-7.465
3.700	0.158	-7.465
3.710	0.333	-7.465
3.720	0.508	-7.465
3.730	0.682	-7.465
3.740	0.856	-7.465
3.750	1.029	-7.465
3.760	1.202	-7.465
3.770	1.374	-7.460
3.780	1.545	-7.455
3.790	1.715	-7.450
3.800	1.885	-7.435
3.810	2.053	-7.411
3.820	2.219	-7.386
3.830	2.384	-7.377
3.840	2.548	-7.333
3.850	2.710	-7.308
3.860	2.871	-7.264
3.870	3.030	-7.235
3.880	3.186	-7.186
3.890	3.341	-7.157
3.900	3.494	-7.103
3.910	3.644	-7.069
3.920	3.793	-7.000
3.930	3.939	-6.937
3.940	4.082	-6.864
3.950	4.223	-6.795
3.960	4.361	-6.722
3.970	4.497	-6.639
3.980	4.629	-6.561
3.990	4.759	-6.448
4.000	4.886	-6.395
4.010	5.010	-6.307
4.020	5.130	-6.204
4.030	5.248	-6.111
4.040	5.362	-6.009
4.050	5.473	-5.906
4.060	5.580	-5.809
4.070	5.684	-5.696
4.080	5.784	-5.569
4.090	5.881	-5.452
4.100	5.974	-5.305
4.110	6.064	-5.232
4.120	6.149	-5.100
4.130	6.231	-4.973
4.140	6.309	-4.851
4.150	6.382	-4.714
4.160	6.452	-4.573
4.170	6.518	-4.446
4.180	6.580	-4.319
4.190	6.638	-4.167
4.200	6.691	-4.025
4.210	6.740	-3.854
4.220	6.785	-3.737
4.230	6.826	-3.591
4.240	6.863	-3.439
4.250	6.895	-3.298
4.260	6.923	-3.146
4.270	6.947	-3.000
4.280	6.966	-2.838
4.290	6.981	-2.687
4.300	6.992	-2.526
4.310	6.998	-2.374
4.320	7.000	-2.179
4.330	6.997	-2.047
4.340	6.991	-1.900
4.350	6.979	-1.729
4.360	6.964	-1.568
4.370	6.944	-1.407
4.380	6.920	-1.236
4.390	6.891	-1.075
4.400	6.858	-0.904
4.410	6.821	-0.733
4.420	6.779	-0.576
4.430	6.734	-0.410
4.440	6.684	-0.254
4.450	6.630	-0.088
4.460	6.571	0.107
4.470	6.509	0.239
4.480	6.443	0.405
4.490	6.372	0.572
4.500	6.298	0.718
4.510	6.219	0.865
4.520	6.137	1.031
4.530	6.051	1.187
4.540	5.961	1.339
4.550	5.868	1.490
4.560	5.770	1.632
4.570	5.669	1.817
4.580	5.565	1.920
4.590	5.457	2.057
4.600	5.346	2.193
4.610	5.231	2.335
4.620	5.113	2.457
4.630	4.992	2.579
4.640	4.868	2.702
4.650	4.741	2.833
4.660	4.610	2.951
4.670	4.477	3.058
4.680	4.341	3.200
4.690	4.203	3.293
4.700	4.062	3.390
4.710	3.918	3.488
4.720	3.772	3.591
4.730	3.623	3.674
4.740	3.472	3.776
4.750	3.319	3.854
4.760	3.164	3.942
4.770	3.007	4.030
4.780	2.848	4.108
4.790	2.687	4.187
4.800	2.525	4.235
4.810	2.361	4.294
4.820	2.195	4.358
4.830	2.029	4.411
4.840	1.860	4.460
4.850	1.691	4.514
4.860	1.521	4.553
4.870	1.350	4.592
4.880	1.177	4.626
4.890	1.005	4.656
4.900	0.831	4.690
4.910	0.657	4.704
4.920	0.483	4.714
4.930	0.308	4.724
4.940	0.133	4.734
4.950	-0.042	4.734
4.960	-0.217	4.734
4.970	-0.392	4.734
4.980	-0.566	4.734
4.990	-0.741	4.729
5.000	-0.914	4.734
5.010	-1.088	4.729
5.020	-1.260	4.729
5.030	-1.432	4.719
5.040	-1.603	4.709
5.050	-1.772	4.704
5.060	-1.941	4.675
5.070	-2.109	4.656
5.080	-2.275	4.636
5.090	-2.440	4.607
5.100	-2.603	4.577
5.110	-2.765	4.533
5.120	-2.924	4.499
5.130	-3.082	4.460
5.140	-3.239	4.411
5.150	-3.393	4.343
5.160	-3.545	4.304
5.170	-3.695	4.245
5.180	-3.842	4.182
5.190	-3.987	4.123
5.200	-4.130	4.040
5.210	-4.270	3.962
5.220	-4.407	3.874
5.230	-4.542	3.796
5.240	-4.673	3.713
5.250	-4.802	3.639
5.260	-4.928	3.508
5.270	-5.051	3.429
5.280	-5.170	3.322
5.290	-5.287	3.224
5.300	-5.400	3.122
5.310	-5.509	3.009
5.320	-5.616	2.892
5.330	-5.718	2.775
5.340	-5.817	2.658
5.350	-5.913	2.531
5.360	-6.005	2.399
5.370	-6.093	2.237
5.380	-6.177	2.135
5.390	-6.257	2.008
5.400	-6.334	1.866
5.410	-6.406	1.734
5.420	-6.475	1.588
5.430	-6.539	1.451
5.440	-6.600	1.295
5.450	-6.656	1.138
5.460	-6.708	0.972
5.470	-6.756	0.821
5.480	-6.800	0.669
5.490	-6.839	0.513
5.500	-6.874	0.357
5.510	-6.905	0.151
5.520	-6.932	0.039
5.530	-6.954	-0.127
5.540	-6.972	-0.298
5.550	-6.985	-0.440
5.560	-6.994	-0.616
5.570	-6.999	-0.777
5.580	-7.000	-0.938
5.590	-6.996	-1.109
5.600	-6.987	-1.270
5.610	-6.975	-1.441
5.620	-6.958	-1.646
5.630	-6.936	-1.768
5.640	-6.910	-1.925
5.650	-6.880	-2.086
5.660	-6.846	-2.237
5.670	-6.807	-2.404
5.680	-6.764	-2.570
5.690	-6.717	-2.716
5.700	-6.666	-2.872
5.710	-6.610	-3.024
5.720	-6.551	-3.166
5.730	-6.487	-3.351
5.740	-6.419	-3.483
5.750	-6.348	-3.610
5.760	-6.272	-3.762
5.770	-6.192	-3.908
5.780	-6.109	-4.055
5.790	-6.021	-4.201
5.800	-5.930	-4.333
5.810	-5.835	-4.465
5.820	-5.737	-4.602
5.830	-5.635	-4.734
5.840	-5.529	-4.910
5.850	-5.420	-4.983
5.860	-5.308	-5.125
5.870	-5.192	-5.256
5.880	-5.073	-5.369
5.890	-4.951	-5.481
5.900	-4.825	-5.603
5.910	-4.697	-5.711
5.920	-4.566	-5.823
5.930	-4.432	-5.940
5.940	-4.295	-6.033
5.950	-4.156	-6.165
5.960	-4.014	-6.238
5.970	-3.869	-6.331
5.980	-3.722	-6.424
5.990	-3.572	-6.512
6.000	-3.421	-6.600
6.010	-3.267	-6.683
6.020	-3.111	-6.756
6.030	-2.954	-6.820
6.040	-2.794	-6.903
6.050	-2.633	-6.971
6.060	-2.470	-7.030
6.070	-2.305	-7.079
6.080	-2.139	-7.142
6.090	-1.972	-7.196
6.100	-1.804	-7.230
6.110	-1.634	-7.264
6.120	-1.463	-7.313
6.130	-1.292	-7.338
6.140	-1.119	-7.382
6.150	-0.946	-7.391
6.160	-0.773	-7.421
6.170	-0.598	-7.440
6.180	-0.424	-7.450
6.190	-0.249	-7.455
6.200	-0.074	-7.460
6.210	0.101	-7.460
6.220	0.276	-7.460
6.230	0.451	-7.465
6.240	0.625	-7.460
6.250	0.799	-7.460
6.260	0.973	-7.460
6.270	1.146	-7.460
6.280	1.318	-7.460
6.290	1.489	-7.455
6.300	1.660	-7.445
6.310	1.829	-7.430
6.320	1.998	-7.421
6.330	2.165	-7.391
6.340	2.330	-7.382
6.350	2.495	-7.347
6.360	2.657	-7.318
6.370	2.819	-7.279
6.380	2.978	-7.240
6.390	3.135	-7.215
6.400	3.291	-7.176
6.410	3.444	-7.128
6.420	3.595	-7.074
6.430	3.744	-7.005
6.440	3.891	-6.961
6.450	4.035	-6.898
6.460	4.177	-6.820
6.470	4.316	-6.751
6.480	4.453	-6.659
6.490	4.586	-6.600
6.500	4.717	-6.507
6.510	4.845	-6.429
6.520	4.970	-6.336
6.530	5.091	-6.248
6.540	5.210	-6.155
6.550	5.325	-6.043
6.560	5.437	-5.945
6.570	5.545	-5.838
6.580	5.650	-5.721
6.590	5.752	-5.613
6.600	5.850	-5.506
6.610	5.944	-5.388
6.620	6.035	-5.261
6.630	6.121	-5.144
6.640	6.204	-5.007
6.650	6.284	-4.895
6.660	6.359	-4.748
6.670	6.430	-4.577
6.680	6.497	-4.485
6.690	6.560	-4.353
6.700	6.619	-4.221
6.710	6.674	-4.074
6.720	6.725	-3.937
6.730	6.771	-3.786
6.740	6.813	-3.639
6.750	6.851	-3.498
6.760	6.885	-3.351
6.770	6.915	-3.210
6.780	6.940	-3.009
6.790	6.960	-2.897
6.800	6.977	-2.736
6.810	6.989	-2.594
6.820	6.997	-2.423
6.830	7.000	-2.272
6.840	6.999	-2.110
6.850	6.993	-1.944
6.860	6.984	-1.788
6.870	6.969	-1.632
6.880	6.951	-1.466
6.890	6.928	-1.246
6.900	6.901	-1.133
6.910	6.869	-0.972
6.920	6.833	-0.796
6.930	6.793	-0.635
6.940	6.749	-0.469
6.950	6.700	-0.318
6.960	6.648	-0.142
6.970	6.591	0.024
6.980	6.530	0.181
6.990	6.465	0.342
7.000	6.396	0.547
7.010	6.322	0.660
7.020	6.245	0.811
7.030	6.164	0.967
7.040	6.080	1.133
7.050	5.991	1.295
7.060	5.899	1.446
7.070	5.803	1.588
7.080	5.703	1.734
7.090	5.600	1.866
7.100	5.493	2.003
7.110	5.383	2.159
7.120	5.269	2.277
7.130	5.152	2.408
7.140	5.032	2.535
7.150	4.909	2.662
7.160	4.783	2.785
7.170	4.653	2.902
7.180	4.521	3.019
7.190	4.386	3.127
7.200	4.249	3.234
7.210	4.108	3.341
7.220	3.965	3.449
7.230	3.820	3.547
7.240	3.672	3.639
7.250	3.522	3.757
7.260	3.369	3.815
7.270	3.215	3.903
7.280	3.059	3.991
7.290	2.900	4.074
7.300	2.740	4.143
7.310	2.578	4.206
7.320	2.415	4.270
7.330	2.250	4.328
7.340	2.083	4.392
7.350	1.916	4.441
7.360	1.747	4.499
7.370	1.577	4.529
7.380	1.406	4.577
7.390	1.234	4.607
7.400	1.061	4.636
7.410	0.888	4.665
7.420	0.714	4.695
7.430	0.540	4.709
7.440	0.365	4.719
7.450	0.190	4.724
7.460	0.015	4.724
7.470	-0.160	4.724
7.480	-0.335	4.724
7.490	-0.509	4.724
7.500	-0.684	4.724
7.510	-0.858	4.729
7.520	-1.031	4.729
7.530	-1.204	4.719
7.540	-1.376	4.714
7.550	-1.547	4.709
7.560	-1.717	4.700
7.570	-1.886	4.675
7.580	-2.054	4.656
7.590	-2.221	4.631
7.600	-2.386	4.607
7.610	-2.550	4.577
7.620	-2.712	4.543
7.630	-2.872	4.509
7.640	-3.031	4.465
7.650	-3.188	4.406
7.660	-3.343	4.377
7.670	-3.495	4.314
7.680	-3.646	4.255
7.690	-3.794	4.196
7.700	-3.940	4.118
7.710	-4.083	4.064
7.720	-4.224	3.986
7.730	-4.362	3.898
7.740	-4.498	3.815
7.750	-4.630	3.718
7.760	-4.760	3.649
7.770	-4.887	3.561
7.780	-5.011	3.459
7.790	-5.131	3.356
7.800	-5.249	3.254
7.810	-5.363	3.151
7.820	-5.474	3.043
7.830	-5.581	2.887
7.840	-5.685	2.814
7.850	-5.785	2.692
7.860	-5.882	2.565
7.870	-5.975	2.443
7.880	-6.064	2.311
7.890	-6.150	2.179
7.900	-6.231	2.047
7.910	-6.309	1.915
7.920	-6.383	1.768
7.930	-6.453	1.627
7.940	-6.519	1.461
7.950	-6.580	1.339
7.960	-6.638	1.187
7.970	-6.692	1.036
7.980	-6.741	0.865
7.990	-6.786	0.723
8.000	-6.827	0.572
8.010	-6.863	0.410
8.020	-6.896	0.254
8.030	-6.923	0.093
8.040	-6.947	-0.078
8.050	-6.966	-0.288
8.060	-6.981	-0.391
8.070	-6.992	-0.557
8.080	-6.998	-0.728
8.090	-7.000	-0.889
8.100	-6.997	-1.055
8.110	-6.991	-1.226
8.120	-6.979	-1.387
8.130	-6.964	-1.553
8.140	-6.944	-1.720
8.150	-6.919	-1.886
8.160	-6.891	-2.057
8.170	-6.858	-2.203
8.180	-6.820	-2.355
8.190	-6.779	-2.516
8.200	-6.733	-2.658
8.210	-6.683	-2.824
8.220	-6.629	-2.980
8.230	-6.571	-3.131
8.240	-6.508	-3.278
8.250	-6.442	-3.420
8.260	-6.371	-3.576
8.270	-6.297	-3.727
8.280	-6.219	-3.869
8.290	-6.136	-4.001
8.300	-6.050	-4.196
8.310	-5.960	-4.289
8.320	-5.867	-4.426
8.330	-5.769	-4.558
8.340	-5.668	-4.704
8.350	-5.564	-4.836
8.360	-5.456	-4.958
8.370	-5.345	-5.095
8.380	-5.230	-5.208
8.390	-5.112	-5.320
8.400	-4.991	-5.447
8.410	-4.867	-5.584
8.420	-4.740	-5.686
8.430	-4.609	-5.804
8.440	-4.476	-5.906
8.450	-4.340	-6.014
8.460	-4.202	-6.116
8.470	-4.060	-6.204
8.480	-3.917	-6.312
8.490	-3.770	-6.390
8.500	-3.622	-6.492
8.510	-3.471	-6.561
8.520	-3.318	-6.673
8.530	-3.163	-6.737
8.540	-3.006	-6.805
8.550	-2.847	-6.878
8.560	-2.686	-6.952
8.570	-2.523	-7.010
8.580	-2.359	-7.074
8.590	-2.194	-7.118
8.600	-2.027	-7.176
8.610	-1.859	-7.220
8.620	-1.690	-7.259
8.630	-1.519	-7.313
8.640	-1.348	-7.328
8.650	-1.176	-7.377
8.660	-1.003	-7.391
8.670	-0.830	-7.416
8.680	-0.656	-7.440
8.690	-0.481	-7.450
8.700	-0.306	-7.460
8.710	-0.131	-7.460
8.720	0.044	-7.460
8.730	0.218	-7.460
8.740	0.393	-7.460
8.750	0.568	-7.460
8.760	0.742	-7.460
8.770	0.916	-7.465
8.780	1.089	-7.460
8.790	1.262	-7.460
8.800	1.433	-7.460
8.810	1.604	-7.455
8.820	1.774	-7.440
8.830	1.943	-7.430
8.840	2.110	-7.401
8.850	2.276	-7.382
8.860	2.441	-7.362
8.870	2.604	-7.323
8.880	2.766	-7.279
8.890	2.926	-7.259
8.900	3.084	-7.225
8.910	3.240	-7.186
8.920	3.394	-7.142
8.930	3.546	-7.088
8.940	3.696	-7.035
8.950	3.843	-6.986
8.960	3.988	-6.917
8.970	4.131	-6.839
8.980	4.271	-6.771
8.990	4.408	-6.683
9.000	4.543	-6.615
9.010	4.674	-6.527
9.020	4.803	-6.444
9.030	4.929	-6.365
9.040	5.052	-6.282
9.050	5.171	-6.170
9.060	5.288	-6.067
9.070	5.401	-5.975
9.080	5.510	-5.867
9.090	5.616	-5.760
9.100	5.719	-5.613
9.110	5.818	-5.535
9.120	5.914	-5.427
9.130	6.005	-5.296
9.140	6.093	-5.173
9.150	6.178	-5.051
9.160	6.258	-4.924
9.170	6.335	-4.807
9.180	6.407	-4.680
9.190	6.475	-4.543
9.200	6.540	-4.397
9.210	6.600	-4.235
9.220	6.656	-4.118
9.230	6.709	-3.977
9.240	6.756	-3.845
9.250	6.800	-3.698
9.260	6.839	-3.547
9.270	6.875	-3.395
9.280	6.905	-3.254
9.290	6.932	-3.092
9.300	6.954	-2.941
9.310	6.972	-2.785
9.320	6.985	-2.599
9.330	6.995	-2.477
9.340	6.999	-2.325
9.350	7.000	-2.154
9.360	6.996	-2.003
9.370	6.987	-1.842
9.380	6.974	-1.681
9.390	6.957	-1.514
9.400	6.936	-1.348
9.410	6.910	-1.182
9.420	6.880	-1.011
9.430	6.846	-0.860
9.440	6.807	-0.689
9.450	6.764	-0.518
9.460	6.717	-0.327
9.470	6.665	-0.195
9.480	6.610	-0.024
9.490	6.550	0.137
9.500	6.486	0.298
9.510	6.419	0.454
9.520	6.347	0.616
9.530	6.271	0.772
9.540	6.191	0.918
9.550	6.108	1.080
9.560	6.020	1.246
9.570	5.929	1.431
9.580	5.834	1.539
9.590	5.736	1.685
9.600	5.634	1.827
9.610	5.528	1.964
9.620	5.419	2.096
9.630	5.307	2.242
9.640	5.191	2.364
9.650	5.072	2.506
9.660	4.950	2.628
9.670	4.824	2.741
9.680	4.696	2.902
9.690	4.565	2.990
9.700	4.431	3.102
9.710	4.294	3.205
9.720	4.154	3.307
9.730	4.012	3.420
9.740	3.868	3.512
9.750	3.721	3.615
9.760	3.571	3.713
9.770	3.420	3.801
9.780	3.266	3.879
9.790	3.110	3.991
9.800	2.952	4.045
9.810	2.793	4.133
9.820	2.631	4.191
9.830	2.468	4.255
9.840	2.304	4.314
9.850	2.138	4.377
9.860	1.971	4.436
9.870	1.802	4.475
9.880	1.632	4.524
9.890	1.462	4.563
9.900	1.290	4.612
9.910	1.118	4.636
9.920	0.945	4.660
9.930	0.771	4.690
9.940	0.597	4.704
9.950	0.422	4.714
9.960	0.248	4.724
9.970	0.073	4.729
9.980	-0.102	4.734
9.990	-0.277	4.734
10.000	-0.452	4.734
10.010	-0.627	4.734
10.020	-0.801	4.734
10.030	-0.974	4.729
10.040	-1.147	4.729
10.050	-1.319	4.724
10.060	-1.491	4.714
10.070	-1.661	4.709
10.080	-1.831	4.695
10.090	-1.999	4.670
10.100	-2.166	4.646
10.110	-2.332	4.617
10.120	-2.496	4.597
10.130	-2.659	4.563
10.140	-2.820	4.524
10.150	-2.979	4.470
10.160	-3.137	4.441
10.170	-3.292	4.392
10.180	-3.445	4.338
10.190	-3.597	4.284
10.200	-3.746	4.226
10.210	-3.892	4.157
10.220	-4.037	4.089
10.230	-4.178	4.016
10.240	-4.317	3.928
10.250	-4.454	3.854
10.260	-4.587	3.737
10.270	-4.718	3.683
10.280	-4.846	3.600
10.290	-4.971	3.493
10.300	-5.092	3.405
10.310	-5.211	3.293
10.320	-5.326	3.190
10.330	-5.438	3.073
10.340	-5.546	2.965
10.350	-5.651	2.853
10.360	-5.753	2.731
10.370	-5.851	2.574
10.380	-5.945	2.482
10.390	-6.035	2.355
10.400	-6.122	2.223
10.410	-6.205	2.091
10.420	-6.284	1.959
10.430	-6.359	1.822
10.440	-6.430	1.681
10.450	-6.498	1.534
10.460	-6.561	1.392
10.470	-6.620	1.241
10.480	-6.674	1.075
10.490	-6.725	0.923
10.500	-6.772	0.777
10.510	-6.814	0.581
10.520	-6.852	0.459
10.530	-6.885	0.298
10.540	-6.915	0.142
10.550	-6.940	-0.015
10.560	-6.961	-0.186
10.570	-6.977	-0.357
10.580	-6.989	-0.508
10.590	-6.997	-0.679
10.600	-7.000	-0.845
10.610	-6.999	-1.001
10.620	-6.993	-1.212
10.630	-6.983	-1.334
10.640	-6.969	-1.500
10.650	-6.951	-1.661
10.660	-6.928	-1.827
10.670	-6.900	-1.988
10.680	-6.869	-2.135
10.690	-6.833	-2.306
10.700	-6.793	-2.462
10.710	-6.749	-2.614
10.720	-6.700	-2.765
10.730	-6.647	-2.921
10.740	-6.590	-3.083
10.750	-6.529	-3.229
10.760	-6.464	-3.381
10.770	-6.395	-3.522
10.780	-6.322	-3.679
10.790	-6.245	-3.815
10.800	-6.164	-3.957
10.810	-6.079	-4.099
10.820	-5.990	-4.240
10.830	-5.898	-4.382
10.840	-5.802	-4.548
10.850	-5.702	-4.665
10.860	-5.599	-4.783
10.870	-5.492	-4.919
10.880	-5.382	-5.046
10.890	-5.268	-5.169
10.900	-5.151	-5.286
10.910	-5.031	-5.418
10.920	-4.908	-5.530
10.930	-4.782	-5.657
10.940	-4.652	-5.765
10.950	-4.520	-5.896
10.960	-4.385	-5.975
10.970	-4.247	-6.072
10.980	-4.107	-6.170
10.990	-3.964	-6.282
11.000	-3.818	-6.365
11.010	-3.671	-6.448
11.020	-3.520	-6.532
11.030	-3.368	-6.624
11.040	-3.214	-6.702
11.050	-3.057	-6.800
11.060	-2.899	-6.854
11.070	-2.739	-6.927
11.080	-2.577	-6.991
11.090	-2.413	-7.059
11.100	-2.248	-7.113
11.110	-2.082	-7.162
11.120	-1.914	-7.211
11.130	-1.745	-7.250
11.140	-1.575	-7.284
11.150	-1.404	-7.328
11.160	-1.232	-7.367
11.170	-1.060	-7.386
11.180	-0.886	-7.411
11.190	-0.713	-7.440
11.200	-0.538	-7.455
11.210	-0.364	-7.460
11.220	-0.189	-7.465
11.230	-0.014	-7.460
11.240	0.161	-7.465
11.250	0.336	-7.465
11.260	0.511	-7.465
11.270	0.685	-7.465
11.280	0.859	-7.465
11.290	1.032	-7.465
11.300	1.205	-7.465
11.310	1.377	-7.460
11.320	1.548	-7.455
11.330	1.718	-7.445
11.340	1.888	-7.435
11.350	2.055	-7.411
11.360	2.222	-7.386
11.370	2.387	-7.377
11.380	2.551	-7.328
11.390	2.713	-7.313
11.400	2.874	-7.264
11.410	3.032	-7.240
11.420	3.189	-7.196
11.430	3.344	-7.157
11.440	3.497	-7.103
11.450	3.647	-7.049
11.460	3.795	-7.000
11.470	3.941	-6.947
11.480	4.084	-6.869
11.490	4.225	-6.800
11.500	4.364	-6.722
11.510	4.499	-6.649
11.520	4.632	-6.561
11.530	4.761	-6.448
11.540	4.888	-6.400
11.550	5.012	-6.312
11.560	5.132	-6.209
11.570	5.250	-6.111
11.580	5.364	-6.014
11.590	5.475	-5.911
11.600	5.582	-5.809
11.610	5.686	-5.696
11.620	5.786	-5.574
11.630	5.883	-5.457
11.640	5.976	-5.330
11.650	6.065	-5.237
11.660	6.151	-5.100
11.670	6.232	-4.929
11.680	6.310	-4.851
11.690	6.384	-4.719
11.700	6.454	-4.573
11.710	6.519	-4.446
11.720	6.581	-4.314
11.730	6.639	-4.172
11.740	6.692	-4.021
11.750	6.741	-3.889
11.760	6.786	-3.737
11.770	6.827	-3.591
11.780	6.864	-3.439
11.790	6.896	-3.298
11.800	6.924	-3.146
11.810	6.947	-2.995
11.820	6.967	-2.838
11.830	6.981	-2.692
11.840	6.992	-2.526
11.850	6.998	-2.330
11.860	7.000	-2.218
11.870	6.997	-2.047
11.880	6.990	-1.895
11.890	6.979	-1.729
11.900	6.963	-1.514
11.910	6.943	-1.402
11.920	6.919	-1.231
11.930	6.890	-1.075
11.940	6.857	-0.904
11.950	6.820	-0.684
11.960	6.778	-0.572
11.970	6.733	-0.396
11.980	6.683	-0.254
11.990	6.629	-0.083
12.000	6.570	0.083
12.010	6.508	0.244
12.020	6.441	0.401
12.030	6.371	0.567
12.040	6.296	0.713
12.050	6.218	0.865
12.060	6.136	1.026
12.070	6.049	1.187
12.080	5.959	1.334
12.090	5.866	1.490
12.100	5.768	1.632
12.110	5.668	1.783
12.120	5.563	1.915
12.130	5.455	2.057
12.140	5.344	2.189
12.150	5.229	2.340
12.160	5.111	2.452
12.170	4.990	2.579
12.180	4.866	2.702
12.190	4.738	2.829
12.200	4.608	2.951
12.210	4.475	3.058
12.220	4.339	3.166
12.230	4.200	3.288
12.240	4.059	3.385
12.250	3.915	3.483
12.260	3.769	3.591
12.270	3.620	3.674
12.280	3.469	3.771
12.290	3.316	3.859
12.300	3.161	3.937
12.310	3.004	4.025
12.320	2.845	4.104
12.330	2.684	4.167
12.340	2.522	4.235
12.350	2.358	4.299
12.360	2.192	4.358
12.370	2.026	4.406
12.380	1.857	4.460
12.390	1.688	4.509
12.400	1.518	4.548
12.410	1.346	4.587
12.420	1.174	4.621
12.430	1.001	4.651
12.440	0.828	4.675
12.450	0.654	4.695
12.460	0.480	4.714
12.470	0.305	4.714
12.480	0.130	4.724
12.490	-0.045	4.724
12.500	-0.220	4.724
12.510	-0.395	4.724
12.520	-0.569	4.724
12.530	-0.744	4.724
12.540	-0.917	4.724
12.550	-1.091	4.724
12.560	-1.263	4.719
12.570	-1.435	4.714
12.580	-1.606	4.709
12.590	-1.775	4.695
12.600	-1.944	4.670
12.610	-2.112	4.646
12.620	-2.278	4.631
12.630	-2.443	4.597
12.640	-2.606	4.573
12.650	-2.767	4.533
12.660	-2.927	4.499
12.670	-3.085	4.450
12.680	-3.241	4.402
12.690	-3.395	4.348
12.700	-3.547	4.294
12.710	-3.697	4.235
12.720	-3.845	4.172
12.730	-3.990	4.108
12.740	-4.132	4.030
12.750	-4.272	3.947
12.760	-4.409	3.869
12.770	-4.544	3.786
12.780	-4.676	3.708
12.790	-4.804	3.615
12.800	-4.930	3.512
12.810	-5.053	3.410
12.820	-5.172	3.312
12.830	-5.289	3.210
12.840	-5.402	3.107
12.850	-5.511	2.995
12.860	-5.617	2.877
12.870	-5.720	2.760
12.880	-5.819	2.643
12.890	-5.915	2.516
12.900	-6.006	2.379
12.910	-6.094	2.257
12.920	-6.178	2.120
12.930	-6.259	1.993
12.940	-6.335	1.856
12.950	-6.408	1.710
12.960	-6.476	1.573
12.970	-6.540	1.426
12.980	-6.601	1.285
12.990	-6.657	1.119
13.000	-6.709	0.957
13.010	-6.757	0.801
13.020	-6.800	0.650
13.030	-6.840	0.503
13.040	-6.875	0.332
13.050	-6.906	0.181
13.060	-6.932	0.024
13.070	-6.954	-0.142
13.080	-6.972	-0.313
13.090	-6.986	-0.464
13.100	-6.995	-0.635
13.110	-6.999	-0.796
13.120	-7.000	-0.957
13.130	-6.996	-1.128
13.140	-6.987	-1.295
13.150	-6.974	-1.461
13.160	-6.957	-1.622
13.170	-6.936	-1.788
13.180	-6.910	-1.935
13.190	-6.880	-2.101
13.200	-6.845	-2.272
13.210	-6.807	-2.423
13.220	-6.764	-2.609
13.230	-6.716	-2.736
13.240	-6.665	-2.892
13.250	-6.609	-3.039
13.260	-6.550	-3.205
13.270	-6.486	-3.346
13.280	-6.418	-3.493
13.290	-6.346	-3.635
13.300	-6.270	-3.786
13.310	-6.191	-3.928
13.320	-6.107	-4.069
13.330	-6.020	-4.221
13.340	-5.928	-4.348
13.350	-5.833	-4.485
13.360	-5.735	-4.631
13.370	-5.633	-4.748
13.380	-5.527	-4.890
13.390	-5.418	-5.012
13.400	-5.306	-5.144
13.410	-5.190	-5.271
13.420	-5.071	-5.393
13.430	-4.949	-5.511
13.440	-4.823	-5.623
13.450	-4.695	-5.735
13.460	-4.564	-5.848
13.470	-4.430	-5.955
13.480	-4.293	-6.053
13.490	-4.153	-6.160
13.500	-4.011	-6.258
13.510	-3.866	-6.346
13.520	-3.719	-6.439
13.530	-3.570	-6.522
13.540	-3.418	-6.615
13.550	-3.264	-6.698
13.560	-3.109	-6.781
13.570	-2.951	-6.844
13.580	-2.791	-6.922
13.590	-2.630	-6.986
13.600	-2.467	-7.049
13.610	-2.302	-7.093
13.620	-2.136	-7.152
13.630	-1.969	-7.211
13.640	-1.801	-7.250
13.650	-1.631	-7.284
13.660	-1.460	-7.323
13.670	-1.289	-7.367
13.680	-1.116	-7.386
13.690	-0.943	-7.416
13.700	-0.770	-7.440
13.710	-0.595	-7.455
13.720	-0.421	-7.460
13.730	-0.246	-7.465
13.740	-0.071	-7.469
13.750	0.104	-7.469
13.760	0.279	-7.469
13.770	0.454	-7.469
13.780	0.628	-7.469
13.790	0.802	-7.469
13.800	0.976	-7.469
13.810	1.149	-7.465
13.820	1.321	-7.465
13.830	1.492	-7.460
13.840	1.663	-7.455
13.850	1.832	-7.445
13.860	2.001	-7.426
13.870	2.168	-7.396
13.880	2.333	-7.382
13.890	2.498	-7.352
13.900	2.660	-7.323
13.910	2.821	-7.289
13.920	2.981	-7.250
13.930	3.138	-7.215
13.940	3.293	-7.176
13.950	3.447	-7.128
13.960	3.598	-7.074
13.970	3.747	-7.020
13.980	3.894	-6.961
13.990	4.038	-6.893
14.000	4.180	-6.820
14.010	4.319	-6.751
14.020	4.455	-6.678
14.030	4.589	-6.600
14.040	4.719	-6.512
14.050	4.847	-6.424
14.060	4.972	-6.326
14.070	5.093	-6.243
14.080	5.212	-6.150
14.090	5.327	-6.038
14.100	5.439	-5.926
14.110	5.547	-5.828
14.120	5.652	-5.711
14.130	5.754	-5.608
14.140	5.852	-5.496
14.150	5.946	-5.383
14.160	6.036	-5.261
14.170	6.123	-5.139
14.180	6.206	-5.002
14.190	6.285	-4.890
14.200	6.360	-4.744
14.210	6.431	-4.602
14.220	6.498	-4.485
14.230	6.561	-4.348
14.240	6.620	-4.221
14.250	6.675	-4.069
14.260	6.726	-3.933
14.270	6.772	-3.786
14.280	6.814	-3.630
14.290	6.852	-3.493
14.300	6.886	-3.346
14.310	6.915	-3.205
14.320	6.940	-3.024
14.330	6.961	-2.887
14.340	6.977	-2.731
14.350	6.989	-2.584
14.360	6.997	-2.413
14.370	7.000	-2.252
14.380	6.999	-2.101
14.390	6.993	-1.935
14.400	6.983	-1.778
14.410	6.969	-1.622
14.420	6.950	-1.461
14.430	6.927	-1.285
14.440	6.900	-1.124
14.450	6.869	-0.953
14.460	6.833	-0.757
14.470	6.793	-0.625
14.480	6.748	-0.449
14.490	6.700	-0.308
14.500	6.647	-0.132
14.510	6.590	0.034
14.520	6.529	0.195
14.530	6.464	0.386
14.540	6.394	0.508
14.550	6.321	0.664
14.560	6.244	0.821
14.570	6.163	0.977
14.580	6.078	1.143
14.590	5.989	1.299
14.600	5.897	1.451
14.610	5.801	1.597
14.620	5.701	1.739
14.630	5.598	1.871
14.640	5.491	2.013
14.650	5.381	2.149
14.660	5.267	2.281
14.670	5.150	2.418
14.680	5.030	2.540
14.690	4.907	2.667
14.700	4.780	2.789
14.710	4.651	2.907
14.720	4.519	3.024
14.730	4.384	3.136
14.740	4.246	3.244
14.750	4.106	3.351
14.760	3.963	3.454
14.770	3.817	3.552
14.780	3.669	3.644
14.790	3.519	3.732
14.800	3.367	3.825
14.810	3.212	3.908
14.820	3.056	4.001
14.830	2.897	4.084
14.840	2.737	4.148
14.850	2.575	4.206
14.860	2.412	4.279
14.870	2.247	4.338
14.880	2.080	4.397
14.890	1.913	4.450
14.900	1.744	4.494
14.910	1.574	4.538
14.920	1.403	4.582
14.930	1.231	4.617
14.940	1.058	4.646
14.950	0.885	4.670
14.960	0.711	4.700
14.970	0.537	4.709
14.980	0.362	4.719
14.990	0.187	4.729
15.000	0.012	4.729
15.010	-0.163	4.729
15.020	-0.338	4.729
15.030	-0.512	4.734
15.040	-0.687	4.734
15.050	-0.861	4.734
15.060	-1.034	4.729
15.070	-1.207	4.729
15.080	-1.379	4.724
15.090	-1.550	4.714
15.100	-1.720	4.704
15.110	-1.889	4.685
15.120	-2.057	4.660
15.130	-2.224	4.636
15.140	-2.389	4.617
15.150	-2.553	4.582
15.160	-2.715	4.543
15.170	-2.875	4.514
15.180	-3.034	4.465
15.190	-3.190	4.421
15.200	-3.345	4.372
15.210	-3.498	4.309
15.220	-3.648	4.260
15.230	-3.797	4.196
15.240	-3.942	4.138
15.250	-4.086	4.060
15.260	-4.227	3.981
15.270	-4.365	3.898
15.280	-4.500	3.815
15.290	-4.633	3.737
15.300	-4.763	3.649
15.310	-4.889	3.561
15.320	-5.013	3.459
15.330	-5.134	3.356
15.340	-5.251	3.249
15.350	-5.365	3.151
15.360	-5.476	3.034
15.370	-5.583	2.916
15.380	-5.687	2.804
15.390	-5.787	2.682
15.400	-5.884	2.560
15.410	-5.977	2.433
15.420	-6.066	2.306
15.430	-6.151	2.169
15.440	-6.233	2.042
15.450	-6.311	1.905
15.460	-6.384	1.759
15.470	-6.454	1.622
15.480	-6.520	1.480
15.490	-6.581	1.329
15.500	-6.639	1.177
15.510	-6.692	1.026
15.520	-6.742	0.860
15.530	-6.787	0.713
15.540	-6.827	0.567
15.550	-6.864	0.401
15.560	-6.896	0.244
15.570	-6.924	0.083
15.580	-6.948	-0.083
15.590	-6.967	-0.249
15.600	-6.982	-0.401
15.610	-6.992	-0.576
15.620	-6.998	-0.738
15.630	-7.000	-0.899
15.640	-6.997	-1.065
15.650	-6.990	-1.231
15.660	-6.979	-1.402
15.670	-6.963	-1.563
15.680	-6.943	-1.720
15.690	-6.919	-1.891
15.700	-6.890	-2.047
15.710	-6.857	-2.208
15.720	-6.820	-2.360
15.730	-6.778	-2.521
15.740	-6.732	-2.667
15.750	-6.682	-2.829
15.760	-6.628	-2.995
15.770	-6.570	-3.141
15.780	-6.507	-3.288
15.790	-6.441	-3.434
15.800	-6.370	-3.586
15.810	-6.296	-3.732
15.820	-6.217	-3.874
15.830	-6.135	-4.011
15.840	-6.049	-4.157
15.850	-5.959	-4.304
15.860	-5.865	-4.436
15.870	-5.768	-4.568
15.880	-5.667	-4.709
15.890	-5.562	-4.846
15.900	-5.454	-4.968
15.910	-5.343	-5.095
15.920	-5.228	-5.227
15.930	-5.110	-5.330
15.940	-4.989	-5.452
15.950	-4.865	-5.569
15.960	-4.737	-5.696
15.970	-4.607	-5.809
15.980	-4.474	-5.916
15.990	-4.338	-6.019
16.000	-4.199	-6.131
16.010	-4.058	-6.214
16.020	-3.914	-6.317
16.030	-3.768	-6.404
16.040	-3.619	-6.502
16.050	-3.468	-6.575
16.060	-3.315	-6.673
16.070	-3.160	-6.746
16.080	-3.003	-6.815
16.090	-2.844	-6.898
16.100	-2.683	-6.961
16.110	-2.520	-7.020
16.120	-2.356	-7.079
16.130	-2.191	-7.132
16.140	-2.024	-7.181
16.150	-1.856	-7.225
16.160	-1.687	-7.264
16.170	-1.516	-7.308
16.180	-1.345	-7.333
16.190	-1.173	-7.382
16.200	-1.000	-7.391
16.210	-0.826	-7.426
16.220	-0.652	-7.445
16.230	-0.478	-7.455
16.240	-0.303	-7.460
16.250	-0.128	-7.465
16.260	0.047	-7.465
16.270	0.222	-7.465
16.280	0.396	-7.465
16.290	0.571	-7.465
16.300	0.745	-7.465
16.310	0.919	-7.465
16.320	1.092	-7.465
16.330	1.265	-7.460
16.340	1.436	-7.460
16.350	1.607	-7.455
16.360	1.777	-7.445
16.370	1.946	-7.430
16.380	2.113	-7.401
16.390	2.279	-7.382
16.400	2.444	-7.367
16.410	2.607	-7.328
16.420	2.769	-7.298
16.430	2.929	-7.259
16.440	3.087	-7.225
16.450	3.243	-7.186
16.460	3.397	-7.142
16.470	3.549	-7.088
16.480	3.698	-7.040
16.490	3.846	-6.986
16.500	3.991	-6.917
16.510	4.133	-6.839
16.520	4.273	-6.771
16.530	4.411	-6.698
16.540	4.545	-6.615
16.550	4.677	-6.527
16.560	4.805	-6.444
16.570	4.931	-6.356
16.580	5.054	-6.273
16.590	5.173	-6.165
16.600	5.290	-6.063
16.610	5.403	-5.970
16.620	5.512	-5.862
16.630	5.618	-5.750
16.640	5.721	-5.652
16.650	5.820	-5.530
16.660	5.915	-5.418
16.670	6.007	-5.291
16.680	6.095	-5.169
16.690	6.179	-5.042
16.700	6.259	-4.919
16.710	6.336	-4.792
16.720	6.408	-4.670
16.730	6.477	-4.533
16.740	6.541	-4.392
16.750	6.601	-4.245
16.760	6.657	-4.104
16.770	6.709	-3.967
16.780	6.757	-3.830
16.790	6.801	-3.683
16.800	6.840	-3.532
16.810	6.875	-3.390
16.820	6.906	-3.244
16.830	6.932	-3.087
16.840	6.954	-2.926
16.850	6.972	-2.775
16.860	6.986	-2.623
16.870	6.995	-2.467
16.880	6.999	-2.316
16.890	7.000	-2.140
16.900	6.995	-1.988
16.910	6.987	-1.832
16.920	6.974	-1.671
16.930	6.957	-1.461
16.940	6.935	-1.339
16.950	6.910	-1.168
16.960	6.879	-1.006
16.970	6.845	-0.840
16.980	6.806	-0.630
16.990	6.763	-0.503
17.000	6.716	-0.347
17.010	6.664	-0.176
17.020	6.609	-0.005
17.030	6.549	0.195
17.040	6.485	0.308
17.050	6.417	0.469
17.060	6.346	0.630
17.070	6.270	0.782
17.080	6.190	0.933
17.090	6.106	1.099
17.100	6.019	1.255
17.110	5.928	1.456
17.120	5.833	1.558
17.130	5.734	1.700
17.140	5.632	1.847
17.150	5.526	1.979
17.160	5.417	2.110
17.170	5.305	2.252
17.180	5.189	2.379
17.190	5.070	2.516
17.200	4.947	2.643
17.210	4.822	2.760
17.220	4.694	2.877
17.230	4.562	3.000
17.240	4.428	3.112
17.250	4.291	3.244
17.260	4.152	3.322
17.270	4.010	3.425
17.280	3.865	3.532
17.290	3.718	3.639
17.300	3.568	3.718
17.310	3.417	3.815
17.320	3.263	3.894
17.330	3.107	3.986
17.340	2.949	4.069
17.350	2.790	4.143
17.360	2.628	4.226
17.370	2.465	4.270
17.380	2.301	4.323
17.390	2.135	4.397
17.400	1.968	4.446
17.410	1.799	4.494
17.420	1.629	4.533
17.430	1.459	4.582
17.440	1.287	4.617
17.450	1.115	4.646
17.460	0.942	4.675
17.470	0.768	4.709
17.480	0.594	4.714
17.490	0.419	4.734
17.500	0.244	4.739
17.510	0.070	4.748
17.520	-0.105	4.744
17.530	-0.280	4.744
17.540	-0.455	4.748
17.550	-0.630	4.744
17.560	-0.804	4.748
17.570	-0.977	4.744
17.580	-1.150	4.748
17.590	-1.322	4.744
17.600	-1.494	4.734
17.610	-1.664	4.724
17.620	-1.834	4.709
17.630	-2.002	4.700
17.640	-2.169	4.670
17.650	-2.335	4.636
17.660	-2.499	4.617
17.670	-2.662	4.577
17.680	-2.823	4.543
17.690	-2.982	4.509
17.700	-3.139	4.460
17.710	-3.295	4.411
17.720	-3.448	4.358
17.730	-3.599	4.304
17.740	-3.748	4.240
17.750	-3.895	4.182
17.760	-4.039	4.118
17.770	-4.181	4.035
17.780	-4.320	3.952
17.790	-4.456	3.869
17.800	-4.590	3.791
17.810	-4.720	3.708
17.820	-4.848	3.615
17.830	-4.973	3.512
17.840	-5.094	3.410
17.850	-5.213	3.307
17.860	-5.328	3.210
17.870	-5.440	3.097
17.880	-5.548	2.990
17.890	-5.653	2.868
17.900	-5.755	2.750
17.910	-5.852	2.633
17.920	-5.947	2.506
17.930	-6.037	2.374
17.940	-6.124	2.208
17.950	-6.207	2.106
17.960	-6.286	1.974
17.970	-6.361	1.842
17.980	-6.432	1.700
17.990	-6.499	1.553
18.000	-6.562	1.412
18.010	-6.621	1.260
18.020	-6.675	1.094
18.030	-6.726	0.943
18.040	-6.772	0.787
18.050	-6.815	0.596
18.060	-6.852	0.479
18.070	-6.886	0.313
18.080	-6.915	0.156
18.090	-6.940	0.005
18.100	-6.961	-0.166
18.110	-6.977	-0.337
18.120	-6.989	-0.484
18.130	-6.997	-0.650
18.140	-7.000	-0.816
18.150	-6.999	-0.987
18.160	-6.993	-1.192
18.170	-6.983	-1.314
18.180	-6.969	-1.485
18.190	-6.950	-1.641
18.200	-6.927	-1.803
18.210	-6.900	-1.969
18.220	-6.868	-2.115
18.230	-6.832	-2.291
18.240	-6.792	-2.438
18.250	-6.748	-2.599
18.260	-6.699	-2.745
18.270	-6.646	-2.907
18.280	-6.589	-3.068
18.290	-6.528	-3.214
18.300	-6.463	-3.400
18.310	-6.394	-3.508
18.320	-6.320	-3.654
18.330	-6.243	-3.796
18.340	-6.162	-3.942
18.350	-6.077	-4.084
18.360	-5.989	-4.226
18.370	-5.896	-4.358
18.380	-5.800	-4.499
18.390	-5.700	-4.651
18.400	-5.597	-4.753
18.410	-5.490	-4.924
18.420	-5.380	-5.022
18.430	-5.266	-5.149
18.440	-5.149	-5.276
18.450	-5.029	-5.398
18.460	-4.906	-5.515
18.470	-4.779	-5.633
18.480	-4.650	-5.735
18.490	-4.518	-5.848
18.500	-4.383	-5.955
18.510	-4.245	-6.053
18.520	-4.104	-6.180
18.530	-3.961	-6.253
18.540	-3.816	-6.346
18.550	-3.668	-6.439
18.560	-3.518	-6.517
18.570	-3.365	-6.610
18.580	-3.211	-6.693
18.590	-3.054	-6.766
18.600	-2.896	-6.834
18.610	-2.736	-6.913
18.620	-2.574	-6.976
18.630	-2.410	-7.054
18.640	-2.245	-7.084
18.650	-2.079	-7.142
18.660	-1.911	-7.186
18.670	-1.742	-7.230
18.680	-1.572	-7.264
18.690	-1.401	-7.308
18.700	-1.229	-7.328
18.710	-1.057	-7.377
18.720	-0.883	-7.386
18.730	-0.709	-7.406
18.740	-0.535	-7.430
18.750	-0.361	-7.440
18.760	-0.186	-7.445
18.770	-0.011	-7.445
18.780	0.164	-7.445
18.790	0.339	-7.445
18.800	0.514	-7.445
18.810	0.688	-7.445
18.820	0.862	-7.445
18.830	1.036	-7.445
18.840	1.208	-7.445
18.850	1.380	-7.435
18.860	1.551	-7.426
18.870	1.721	-7.406
18.880	1.891	-7.386
18.890	2.058	-7.382
18.900	2.225	-7.357
18.910	2.390	-7.328
18.920	2.554	-7.308
18.930	2.716	-7.264
18.940	2.877	-7.240
18.950	3.035	-7.191
18.960	3.192	-7.171
18.970	3.347	-7.118
18.980	3.499	-7.074
18.990	3.650	-7.020
19.000	3.798	-6.952
19.010	3.944	-6.903
19.020	4.087	-6.830
19.030	4.228	-6.761
19.040	4.366	-6.693
19.050	4.501	-6.595
19.060	4.634	-6.522
19.070	4.764	-6.444
19.080	4.890	-6.361
19.090	5.014	-6.277
19.100	5.135	-6.155
19.110	5.252	-6.067
19.120	5.366	-5.979
19.130	5.477	-5.867
19.140	5.584	-5.765
19.150	5.688	-5.662
19.160	5.788	-5.540
19.170	5.885	-5.432
19.180	5.977	-5.300
19.190	6.067	-5.178
19.200	6.152	-5.061
19.210	6.234	-4.910
19.220	6.311	-4.817
19.230	6.385	-4.675
19.240	6.455	-4.548
19.250	6.520	-4.392
19.260	6.582	-4.265
19.270	6.640	-4.138
19.280	6.693	-3.981
19.290	6.742	-3.854
19.300	6.787	-3.708
19.310	6.828	-3.561
19.320	6.864	-3.400
19.330	6.896	-3.268
19.340	6.924	-3.117
19.350	6.948	-2.965
19.360	6.967	-2.804
19.370	6.982	-2.648
19.380	6.992	-2.491
19.390	6.998	-2.340
19.400	7.000	-2.169
19.410	6.997	-1.974
19.420	6.990	-1.856
19.430	6.979	-1.700
19.440	6.963	-1.529
19.450	6.943	-1.363
19.460	6.919	-1.202
19.470	6.890	-1.021
19.480	6.857	-0.874
19.490	6.819	-0.699
19.500	6.778	-0.542
19.510	6.732	-0.371
19.520	6.682	-0.215
19.530	6.628	-0.044
19.540	6.569	0.122
19.550	6.507	0.278
19.560	6.440	0.435
19.570	6.370	0.606
19.580	6.295	0.752
19.590	6.216	0.904
19.600	6.134	1.065
19.610	6.048	1.231
19.620	5.958	1.378
19.630	5.864	1.524
19.640	5.767	1.676
19.650	5.666	1.817
19.660	5.561	1.954
19.670	5.453	2.091
19.680	5.342	2.228
19.690	5.227	2.364
19.700	5.109	2.501
19.710	4.988	2.623
19.720	4.863	2.741
19.730	4.736	2.863
19.740	4.606	2.980
19.750	4.473	3.092
19.760	4.337	3.205
19.770	4.198	3.307
19.780	4.057	3.420
19.790	3.913	3.556
19.800	3.766	3.620
19.810	3.618	3.723
19.820	3.467	3.806
19.830	3.314	3.889
19.840	3.158	3.981
19.850	3.001	4.064
19.860	2.842	4.152
19.870	2.681	4.196
19.880	2.519	4.275
19.890	2.355	4.328
19.900	2.189	4.397
19.910	2.023	4.460
19.920	1.854	4.499
19.930	1.685	4.548
19.940	1.515	4.592
19.950	1.343	4.631
19.960	1.171	4.670
19.970	0.998	4.700
19.980	0.825	4.719
19.990	0.651	4.739
20.000	0.476	4.753
20.010	0.302	4.758
20.020	0.127	4.763
20.030	-0.048	4.763
20.040	-0.223	4.768
20.050	-0.398	4.763
20.060	-0.573	4.763
20.070	-0.747	4.763
20.080	-0.921	4.763
20.090	-1.094	4.763
20.100	-1.266	4.758
20.110	-1.438	4.758
20.120	-1.609	4.739
20.130	-1.778	4.734
20.140	-1.947	4.714
20.150	-2.115	4.695
20.160	-2.281	4.665
20.170	-2.445	4.641
20.180	-2.609	4.612
20.190	-2.770	4.573
20.200	-2.930	4.533
20.210	-3.088	4.494
20.220	-3.244	4.446
20.230	-3.398	4.392
20.240	-3.550	4.343
20.250	-3.700	4.279
20.260	-3.847	4.211
20.270	-3.992	4.148
20.280	-4.135	4.079
20.290	-4.275	4.001
20.300	-4.412	3.908
20.310	-4.546	3.830
20.320	-4.678	3.742
20.330	-4.807	3.654
20.340	-4.932	3.566
20.350	-5.055	3.464
20.360	-5.174	3.361
20.370	-5.291	3.254
20.380	-5.404	3.151
20.390	-5.513	3.039
20.400	-5.619	2.916
20.410	-5.722	2.809
20.420	-5.821	2.682
20.430	-5.916	2.560
20.440	-6.008	2.404
20.450	-6.096	2.301
20.460	-6.180	2.169
20.470	-6.260	2.037
20.480	-6.336	1.895
20.490	-6.409	1.724
20.500	-6.477	1.617
20.510	-6.542	1.470
20.520	-6.602	1.324
20.530	-6.658	1.172
20.540	-6.710	1.016
20.550	-6.758	0.850
20.560	-6.801	0.699
20.570	-6.840	0.552
20.580	-6.875	0.391
20.590	-6.906	0.234
20.600	-6.933	0.068
20.610	-6.955	-0.098
20.620	-6.972	-0.308
20.630	-6.986	-0.415
20.640	-6.995	-0.586
20.650	-6.999	-0.743
20.660	-7.000	-0.909
20.670	-6.995	-1.080
20.680	-6.987	-1.241
20.690	-6.974	-1.412
20.700	-6.957	-1.573
20.710	-6.935	-1.734
20.720	-6.909	-1.895
20.730	-6.879	-2.052
20.740	-6.845	-2.218
20.750	-6.806	-2.384
20.760	-6.763	-2.535
20.770	-6.715	-2.687
20.780	-6.664	-2.843
20.790	-6.608	-3.004
20.800	-6.549	-3.190
20.810	-6.485	-3.293
20.820	-6.417	-3.439
20.830	-6.345	-3.591
20.840	-6.269	-3.737
20.850	-6.189	-3.918
20.860	-6.105	-4.025
20.870	-6.018	-4.162
20.880	-5.927	-4.314
20.890	-5.832	-4.441
20.900	-5.733	-4.617
20.910	-5.631	-4.709
20.920	-5.525	-4.851
20.930	-5.416	-4.973
20.940	-5.304	-5.100
20.950	-5.188	-5.266
20.960	-5.069	-5.330
20.970	-4.946	-5.457
20.980	-4.821	-5.569
20.990	-4.693	-5.701
21.000	-4.561	-5.809
21.010	-4.427	-5.906
21.020	-4.290	-6.033
21.030	-4.151	-6.121
21.040	-4.008	-6.209
21.050	-3.864	-6.312
21.060	-3.717	-6.390
21.070	-3.567	-6.512
21.080	-3.415	-6.561
21.090	-3.262	-6.659
21.100	-3.106	-6.727
21.110	-2.948	-6.800
21.120	-2.788	-6.869
21.130	-2.627	-6.942
21.140	-2.464	-7.000
21.150	-2.299	-7.064
21.160	-2.133	-7.123
21.170	-1.966	-7.162
21.180	-1.798	-7.206
21.190	-1.628	-7.245
21.200	-1.457	-7.269
21.210	-1.286	-7.323
21.220	-1.113	-7.342
21.230	-0.940	-7.377
21.240	-0.766	-7.386
21.250	-0.592	-7.401
21.260	-0.418	-7.426
21.270	-0.243	-7.430
21.280	-0.068	-7.435
21.290	0.107	-7.435
21.300	0.282	-7.435
21.310	0.457	-7.435
21.320	0.631	-7.430
21.330	0.805	-7.435
21.340	0.979	-7.430
21.350	1.152	-7.430
21.360	1.324	-7.416
21.370	1.495	-7.406
21.380	1.666	-7.391
21.390	1.835	-7.386
21.400	2.004	-7.377
21.410	2.171	-7.347
21.420	2.336	-7.318
21.430	2.501	-7.298
21.440	2.663	-7.264
