0.010	6.572	-4.343
0.020	6.642	-4.216
0.030	6.705	-4.069
0.040	6.762	-3.928
0.050	6.814	-3.786
0.060	6.859	-3.635
0.070	6.898	-3.493
0.080	6.930	-3.346
0.090	6.957	-3.205
0.100	6.977	-3.043
0.110	6.991	-2.887
0.120	6.998	-2.731
0.130	7.000	-2.584
0.140	6.995	-2.418
0.150	6.983	-2.252
0.160	6.966	-2.101
0.170	6.942	-1.935
0.180	6.912	-1.778
0.190	6.876	-1.622
0.200	6.833	-1.461
0.210	6.785	-1.295
0.220	6.730	-1.128
0.230	6.669	-0.962
0.240	6.602	-0.801
0.250	6.530	-0.640
0.260	6.451	-0.469
0.270	6.367	-0.327
0.280	6.276	-0.161
0.290	6.181	0.000
0.300	6.079	0.147
0.310	5.972	0.298
0.320	5.860	0.449
0.330	5.743	0.606
0.340	5.620	0.738
0.350	5.492	0.879
0.360	5.360	1.026
0.370	5.222	1.168
0.380	5.080	1.309
0.390	4.933	1.441
0.400	4.782	1.563
0.410	4.627	1.685
0.420	4.467	1.803
0.430	4.303	1.910
0.440	4.136	2.018
0.450	3.965	2.120
0.460	3.790	2.218
0.470	3.612	2.330
0.480	3.430	2.418
0.490	3.246	2.506
0.500	3.058	2.584
0.510	2.868	2.662
0.520	2.675	2.736
0.530	2.480	2.809
0.540	2.282	2.872
0.550	2.083	2.926
0.560	1.881	2.990
0.570	1.678	3.034
0.580	1.474	3.083
0.590	1.268	3.122
0.600	1.061	3.156
0.610	0.853	3.185
0.620	0.644	3.200
0.630	0.435	3.214
0.640	0.225	3.224
0.650	0.015	3.229
0.660	-0.195	3.234
0.670	-0.405	3.234
0.680	-0.614	3.234
0.690	-0.823	3.229
0.700	-1.031	3.234
0.710	-1.239	3.229
0.720	-1.445	3.224
0.730	-1.650	3.214
0.740	-1.853	3.205
0.750	-2.055	3.190
0.760	-2.254	3.170
0.770	-2.452	3.146
0.780	-2.648	3.117
0.790	-2.841	3.083
0.800	-3.031	3.043
0.810	-3.219	3.000
0.820	-3.404	2.956
0.830	-3.586	2.897
0.840	-3.765	2.853
0.850	-3.940	2.780
0.860	-4.112	2.702
0.870	-4.280	2.648
0.880	-4.444	2.565
0.890	-4.605	2.487
0.900	-4.761	2.389
0.910	-4.912	2.320
0.920	-5.060	2.213
0.930	-5.203	2.115
0.940	-5.341	2.022
0.950	-5.474	1.920
0.960	-5.602	1.803
0.970	-5.726	1.690
0.980	-5.844	1.573
0.990	-5.957	1.456
1.000	-6.065	1.324
1.010	-6.167	1.187
1.020	-6.263	1.045
1.030	-6.354	0.904
1.040	-6.439	0.772
1.050	-6.519	0.625
1.060	-6.592	0.489
1.070	-6.660	0.332
1.080	-6.722	0.186
1.090	-6.777	0.034
1.100	-6.827	-0.127
1.110	-6.870	-0.288
1.120	-6.907	-0.430
1.130	-6.938	-0.601
1.140	-6.963	-0.752
1.150	-6.981	-0.914
1.160	-6.994	-1.080
1.170	-6.999	-1.241
1.180	-6.999	-1.407
1.190	-6.992	-1.568
1.200	-6.979	-1.729
1.210	-6.960	-1.891
1.220	-6.934	-2.047
1.230	-6.903	-2.213
1.240	-6.864	-2.369
1.250	-6.820	-2.531
1.260	-6.770	-2.682
1.270	-6.714	-2.833
1.280	-6.651	-3.004
1.290	-6.583	-3.146
1.300	-6.508	-3.298
1.310	-6.428	-3.483
1.320	-6.342	-3.596
1.330	-6.250	-3.742
1.340	-6.153	-3.889
1.350	-6.050	-4.025
1.360	-5.942	-4.191
1.370	-5.828	-4.314
1.380	-5.709	-4.446
1.390	-5.585	-4.568
1.400	-5.456	-4.709
1.410	-5.322	-4.846
1.420	-5.183	-4.963
1.430	-5.040	-5.095
1.440	-4.892	-5.237
1.450	-4.739	-5.315
1.460	-4.582	-5.437
1.470	-4.422	-5.545
1.480	-4.257	-5.662
1.490	-4.088	-5.755
1.500	-3.916	-5.848
1.510	-3.740	-5.945
1.520	-3.561	-6.033
1.530	-3.379	-6.131
1.540	-3.193	-6.194
1.550	-3.005	-6.287
1.560	-2.814	-6.346
1.570	-2.621	-6.419
1.580	-2.425	-6.488
1.590	-2.227	-6.527
1.600	-2.027	-6.605
1.610	-1.825	-6.639
1.620	-1.621	-6.693
1.630	-1.416	-6.737
1.640	-1.210	-6.766
1.650	-1.002	-6.790
1.660	-0.794	-6.820
1.670	-0.585	-6.839
1.680	-0.376	-6.854
1.690	-0.166	-6.859
1.700	0.044	-6.869
1.710	0.254	-6.869
1.720	0.464	-6.869
1.730	0.673	-6.869
1.740	0.882	-6.864
1.750	1.090	-6.864
1.760	1.297	-6.854
1.770	1.502	-6.849
1.780	1.707	-6.839
1.790	1.910	-6.825
1.800	2.111	-6.810
1.810	2.310	-6.781
1.820	2.507	-6.766
1.830	2.702	-6.737
1.840	2.894	-6.702
1.850	3.084	-6.673
1.860	3.271	-6.619
1.870	3.456	-6.580
1.880	3.637	-6.522
1.890	3.814	-6.488
1.900	3.989	-6.424
1.910	4.160	-6.346
1.920	4.327	-6.297
1.930	4.490	-6.214
1.940	4.649	-6.150
1.950	4.804	-6.053
1.960	4.954	-5.975
1.970	5.100	-5.877
1.980	5.242	-5.799
1.990	5.379	-5.701
2.000	5.511	-5.589
2.010	5.638	-5.476
2.020	5.759	-5.388
2.030	5.876	-5.271
2.040	5.988	-5.154
2.050	6.094	-5.027
2.060	6.194	-4.919
2.070	6.289	-4.792
2.080	6.379	-4.670
2.090	6.462	-4.538
2.100	6.540	-4.397
2.110	6.612	-4.255
2.120	6.678	-4.118
2.130	6.738	-3.967
2.140	6.792	-3.850
2.150	6.840	-3.703
2.160	6.881	-3.552
2.170	6.917	-3.400
2.180	6.946	-3.254
2.190	6.969	-3.092
2.200	6.985	-2.946
2.210	6.996	-2.789
2.220	7.000	-2.638
2.230	6.998	-2.482
2.240	6.989	-2.306
2.250	6.974	-2.159
2.260	6.953	-1.998
2.270	6.926	-1.842
2.280	6.892	-1.685
2.290	6.853	-1.519
2.300	6.807	-1.353
2.310	6.755	-1.192
2.320	6.697	-1.021
2.330	6.632	-0.865
2.340	6.562	-0.699
2.350	6.486	-0.537
2.360	6.404	-0.381
2.370	6.317	-0.230
2.380	6.223	-0.054
2.390	6.125	0.098
2.400	6.020	0.244
2.410	5.910	0.396
2.420	5.795	0.542
2.430	5.675	0.684
2.440	5.549	0.821
2.450	5.419	0.967
2.460	5.283	1.114
2.470	5.143	1.255
2.480	4.999	1.383
2.490	4.849	1.519
2.500	4.696	1.632
2.510	4.538	1.749
2.520	4.376	1.866
2.530	4.210	1.979
2.540	4.040	2.076
2.550	3.867	2.189
2.560	3.690	2.286
2.570	3.510	2.379
2.580	3.327	2.472
2.590	3.141	2.550
2.600	2.952	2.653
2.610	2.760	2.706
2.620	2.566	2.785
2.630	2.369	2.853
2.640	2.171	2.912
2.650	1.970	2.975
2.660	1.768	3.024
2.670	1.564	3.068
2.680	1.358	3.112
2.690	1.152	3.141
2.700	0.944	3.170
2.710	0.736	3.200
2.720	0.527	3.214
2.730	0.317	3.224
2.740	0.107	3.234
2.750	-0.103	3.234
2.760	-0.313	3.239
2.770	-0.522	3.239
2.780	-0.732	3.239
2.790	-0.940	3.239
2.800	-1.148	3.234
2.810	-1.354	3.234
2.820	-1.560	3.224
2.830	-1.764	3.214
2.840	-1.966	3.200
2.850	-2.167	3.185
2.860	-2.365	3.161
2.870	-2.562	3.131
2.880	-2.756	3.102
2.890	-2.948	3.063
2.900	-3.137	3.029
2.910	-3.323	2.980
2.920	-3.507	2.926
2.930	-3.687	2.872
2.940	-3.864	2.814
2.950	-4.037	2.750
2.960	-4.207	2.677
2.970	-4.373	2.614
2.980	-4.535	2.531
2.990	-4.693	2.443
3.000	-4.846	2.355
3.010	-4.996	2.257
3.020	-5.140	2.164
3.030	-5.281	2.066
3.040	-5.416	1.959
3.050	-5.547	1.851
3.060	-5.672	1.739
3.070	-5.793	1.612
3.080	-5.908	1.500
3.090	-6.018	1.378
3.100	-6.123	1.255
3.110	-6.222	1.109
3.120	-6.315	0.962
3.130	-6.403	0.821
3.140	-6.485	0.689
3.150	-6.561	0.542
3.160	-6.631	0.405
3.170	-6.695	0.254
3.180	-6.754	0.083
3.190	-6.806	-0.054
3.200	-6.852	-0.220
3.210	-6.892	-0.371
3.220	-6.925	-0.528
3.230	-6.953	-0.689
3.240	-6.974	-0.850
3.250	-6.989	-1.006
3.260	-6.998	-1.172
3.270	-7.000	-1.339
3.280	-6.996	-1.500
3.290	-6.986	-1.681
3.300	-6.969	-1.822
3.310	-6.946	-1.983
3.320	-6.917	-2.135
3.330	-6.882	-2.306
3.340	-6.840	-2.457
3.350	-6.793	-2.618
3.360	-6.739	-2.760
3.370	-6.679	-2.921
3.380	-6.613	-3.083
3.390	-6.542	-3.234
3.400	-6.464	-3.381
3.410	-6.380	-3.522
3.420	-6.291	-3.679
3.430	-6.196	-3.820
3.440	-6.096	-3.962
3.450	-5.990	-4.104
3.460	-5.879	-4.240
3.470	-5.762	-4.382
3.480	-5.640	-4.519
3.490	-5.513	-4.665
3.500	-5.381	-4.763
3.510	-5.245	-4.910
3.520	-5.103	-5.022
3.530	-4.957	-5.149
3.540	-4.807	-5.276
3.550	-4.652	-5.383
3.560	-4.493	-5.486
3.570	-4.330	-5.594
3.580	-4.163	-5.701
3.590	-3.992	-5.804
3.600	-3.818	-5.896
3.610	-3.640	-5.984
3.620	-3.459	-6.067
3.630	-3.275	-6.160
3.640	-3.088	-6.238
3.650	-2.898	-6.321
3.660	-2.706	-6.375
3.670	-2.511	-6.444
3.680	-2.314	-6.512
3.690	-2.115	-6.556
3.700	-1.914	-6.615
3.710	-1.711	-6.673
3.720	-1.506	-6.707
3.730	-1.301	-6.746
3.740	-1.094	-6.781
3.750	-0.886	-6.800
3.760	-0.677	-6.820
3.770	-0.468	-6.844
3.780	-0.258	-6.854
3.790	-0.048	-6.859
3.800	0.162	-6.859
3.810	0.372	-6.859
3.820	0.581	-6.859
3.830	0.790	-6.859
3.840	0.998	-6.859
3.850	1.206	-6.854
3.860	1.412	-6.849
3.870	1.617	-6.839
3.880	1.821	-6.830
3.890	2.023	-6.815
3.900	2.223	-6.790
3.910	2.421	-6.776
3.920	2.617	-6.746
3.930	2.810	-6.707
3.940	3.001	-6.683
3.950	3.190	-6.639
3.960	3.375	-6.600
3.970	3.557	-6.541
3.980	3.737	-6.502
3.990	3.913	-6.439
4.000	4.085	-6.375
4.010	4.254	-6.321
4.020	4.418	-6.253
4.030	4.579	-6.170
4.040	4.736	-6.092
4.050	4.889	-6.014
4.060	5.037	-5.926
4.070	5.180	-5.833
4.080	5.319	-5.725
4.090	5.453	-5.642
4.100	5.582	-5.530
4.110	5.707	-5.432
4.120	5.826	-5.315
4.130	5.939	-5.193
4.140	6.048	-5.081
4.150	6.151	-4.963
4.160	6.248	-4.846
4.170	6.340	-4.714
4.180	6.426	-4.577
4.190	6.507	-4.450
4.200	6.581	-4.328
4.210	6.650	-4.182
4.220	6.712	-4.045
4.230	6.769	-3.889
4.240	6.819	-3.747
4.250	6.864	-3.600
4.260	6.902	-3.464
4.270	6.934	-3.317
4.280	6.959	-3.161
4.290	6.979	-3.019
4.300	6.992	-2.858
4.310	6.999	-2.711
4.320	6.999	-2.555
4.330	6.994	-2.394
4.340	6.982	-2.223
4.350	6.963	-2.062
4.360	6.939	-1.910
4.370	6.908	-1.749
4.380	6.871	-1.593
4.390	6.828	-1.422
4.400	6.778	-1.246
4.410	6.723	-1.094
4.420	6.661	-0.928
4.430	6.594	-0.762
4.440	6.520	-0.611
4.450	6.441	-0.405
4.460	6.356	-0.303
4.470	6.265	-0.132
4.480	6.169	0.029
4.490	6.067	0.181
4.500	5.959	0.332
4.510	5.846	0.484
4.520	5.728	0.625
4.530	5.605	0.772
4.540	5.477	0.904
4.550	5.343	1.055
4.560	5.205	1.192
4.570	5.063	1.329
4.580	4.915	1.466
4.590	4.764	1.588
4.600	4.608	1.710
4.610	4.448	1.822
4.620	4.283	1.935
4.630	4.115	2.042
4.640	3.944	2.135
4.650	3.768	2.252
4.660	3.590	2.350
4.670	3.408	2.443
4.680	3.223	2.526
4.690	3.035	2.609
4.700	2.845	2.692
4.710	2.652	2.755
4.720	2.456	2.829
4.730	2.258	2.887
4.740	2.059	2.951
4.750	1.857	3.000
4.760	1.654	3.053
4.770	1.449	3.092
4.780	1.243	3.131
4.790	1.036	3.166
4.800	0.827	3.190
4.810	0.619	3.214
4.820	0.409	3.229
4.830	0.199	3.234
4.840	-0.011	3.239
4.850	-0.221	3.239
4.860	-0.430	3.239
4.870	-0.640	3.239
4.880	-0.849	3.239
4.890	-1.057	3.239
4.900	-1.264	3.239
4.910	-1.470	3.229
4.920	-1.674	3.214
4.930	-1.877	3.210
4.940	-2.079	3.195
4.950	-2.278	3.170
4.960	-2.476	3.151
4.970	-2.671	3.122
4.980	-2.864	3.083
4.990	-3.054	3.048
5.000	-3.242	3.004
5.010	-3.426	2.960
5.020	-3.608	2.897
5.030	-3.786	2.838
5.040	-3.961	2.780
5.050	-4.133	2.711
5.060	-4.300	2.648
5.070	-4.464	2.565
5.080	-4.624	2.487
5.090	-4.779	2.394
5.100	-4.930	2.311
5.110	-5.077	2.208
5.120	-5.220	2.110
5.130	-5.357	2.013
5.140	-5.490	1.910
5.150	-5.618	1.798
5.160	-5.740	1.681
5.170	-5.858	1.524
5.180	-5.970	1.446
5.190	-6.077	1.319
5.200	-6.179	1.177
5.210	-6.275	1.041
5.220	-6.365	0.894
5.230	-6.449	0.752
5.240	-6.528	0.616
5.250	-6.601	0.469
5.260	-6.668	0.313
5.270	-6.729	0.171
5.280	-6.784	-0.015
5.290	-6.832	-0.137
5.300	-6.875	-0.303
5.310	-6.911	-0.445
5.320	-6.942	-0.611
5.330	-6.966	-0.767
5.340	-6.983	-0.928
5.350	-6.995	-1.085
5.360	-7.000	-1.251
5.370	-6.998	-1.417
5.380	-6.991	-1.583
5.390	-6.977	-1.788
5.400	-6.957	-1.905
5.410	-6.931	-2.052
5.420	-6.898	-2.223
5.430	-6.859	-2.384
5.440	-6.815	-2.545
5.450	-6.763	-2.697
5.460	-6.706	-2.848
5.470	-6.643	-3.014
5.480	-6.574	-3.156
5.490	-6.499	-3.312
5.500	-6.418	-3.488
5.510	-6.331	-3.600
5.520	-6.239	-3.742
5.530	-6.141	-3.898
5.540	-6.037	-4.045
5.550	-5.928	-4.182
5.560	-5.814	-4.323
5.570	-5.694	-4.450
5.580	-5.570	-4.577
5.590	-5.440	-4.719
5.600	-5.305	-4.856
5.610	-5.166	-4.993
5.620	-5.022	-5.100
5.630	-4.873	-5.213
5.640	-4.720	-5.320
5.650	-4.563	-5.437
5.660	-4.402	-5.550
5.670	-4.237	-5.662
5.680	-4.068	-5.765
5.690	-3.895	-5.852
5.700	-3.719	-5.950
5.710	-3.539	-6.048
5.720	-3.356	-6.136
5.730	-3.171	-6.199
5.740	-2.982	-6.287
5.750	-2.791	-6.346
5.760	-2.597	-6.434
5.770	-2.401	-6.492
5.780	-2.202	-6.532
5.790	-2.002	-6.600
5.800	-1.800	-6.644
5.810	-1.596	-6.698
5.820	-1.391	-6.737
5.830	-1.185	-6.766
5.840	-0.977	-6.795
5.850	-0.769	-6.815
5.860	-0.560	-6.844
5.870	-0.350	-6.849
5.880	-0.141	-6.859
5.890	0.069	-6.864
5.900	0.279	-6.864
5.910	0.489	-6.864
5.920	0.698	-6.864
5.930	0.907	-6.864
5.940	1.115	-6.859
5.950	1.321	-6.854
5.960	1.527	-6.849
5.970	1.731	-6.834
5.980	1.934	-6.820
5.990	2.135	-6.800
6.000	2.334	-6.781
6.010	2.531	-6.761
6.020	2.725	-6.737
6.030	2.918	-6.698
6.040	3.107	-6.668
6.050	3.294	-6.615
6.060	3.478	-6.571
6.070	3.658	-6.517
6.080	3.836	-6.444
6.090	4.010	-6.414
6.100	4.180	-6.346
6.110	4.346	-6.292
6.120	4.509	-6.209
6.130	4.668	-6.141
6.140	4.822	-6.048
6.150	4.972	-5.970
6.160	5.118	-5.867
6.170	5.259	-5.789
6.180	5.395	-5.696
6.190	5.526	-5.550
6.200	5.653	-5.471
6.210	5.774	-5.374
6.220	5.890	-5.261
6.230	6.001	-5.144
6.240	6.106	-5.017
6.250	6.206	-4.910
6.260	6.300	-4.763
6.270	6.389	-4.665
6.280	6.472	-4.519
6.290	6.549	-4.382
6.300	6.620	-4.245
6.310	6.686	-4.099
6.320	6.745	-3.962
6.330	6.798	-3.786
6.340	6.845	-3.683
6.350	6.886	-3.537
6.360	6.920	-3.390
6.370	6.949	-3.244
6.380	6.971	-3.083
6.390	6.987	-2.926
6.400	6.997	-2.770
6.410	7.000	-2.623
6.420	6.997	-2.467
6.430	6.988	-2.311
6.440	6.972	-2.086
6.450	6.950	-1.983
6.460	6.922	-1.803
6.470	6.888	-1.671
6.480	6.847	-1.500
6.490	6.801	-1.339
6.500	6.748	-1.172
6.510	6.689	-0.972
6.520	6.624	-0.850
6.530	6.553	-0.689
6.540	6.477	-0.523
6.550	6.394	-0.366
6.560	6.306	-0.166
6.570	6.212	-0.054
6.580	6.112	0.112
6.590	6.007	0.264
6.600	5.897	0.410
6.610	5.781	0.606
6.620	5.660	0.699
6.630	5.534	0.835
6.640	5.403	0.982
6.650	5.267	1.133
6.660	5.126	1.299
6.670	4.981	1.402
6.680	4.831	1.524
6.690	4.677	1.651
6.700	4.518	1.759
6.710	4.356	1.876
6.720	4.190	1.993
6.730	4.020	2.096
6.740	3.846	2.198
6.750	3.669	2.301
6.760	3.488	2.394
6.770	3.305	2.516
6.780	3.118	2.565
6.790	2.929	2.653
6.800	2.737	2.721
6.810	2.542	2.794
6.820	2.345	2.858
6.830	2.147	2.916
6.840	1.946	2.985
6.850	1.743	3.029
6.860	1.539	3.078
6.870	1.333	3.117
6.880	1.127	3.156
6.890	0.919	3.185
6.900	0.710	3.205
6.910	0.501	3.224
6.920	0.292	3.234
6.930	0.082	3.239
6.940	-0.128	3.244
6.950	-0.338	3.244
6.960	-0.548	3.244
6.970	-0.757	3.239
6.980	-0.965	3.239
6.990	-1.173	3.239
7.000	-1.379	3.234
7.010	-1.584	3.224
7.020	-1.788	3.210
7.030	-1.990	3.200
7.040	-2.191	3.185
7.050	-2.389	3.161
7.060	-2.586	3.136
7.070	-2.780	3.107
7.080	-2.971	3.063
7.090	-3.160	3.024
7.100	-3.346	2.980
7.110	-3.529	2.921
7.120	-3.708	2.868
7.130	-3.885	2.799
7.140	-4.058	2.745
7.150	-4.227	2.677
7.160	-4.392	2.609
7.170	-4.554	2.521
7.180	-4.711	2.443
7.190	-4.865	2.350
7.200	-5.013	2.257
7.210	-5.158	2.159
7.220	-5.297	2.062
7.230	-5.432	1.954
7.240	-5.562	1.817
7.250	-5.687	1.739
7.260	-5.807	1.617
7.270	-5.922	1.495
7.280	-6.031	1.373
7.290	-6.135	1.241
7.300	-6.233	1.099
7.310	-6.326	0.953
7.320	-6.413	0.811
7.330	-6.494	0.674
7.340	-6.570	0.532
7.350	-6.639	0.391
7.360	-6.703	0.239
7.370	-6.760	0.093
7.380	-6.812	-0.112
7.390	-6.857	-0.225
7.400	-6.896	-0.381
7.410	-6.929	-0.537
7.420	-6.956	-0.699
7.430	-6.976	-0.860
7.440	-6.990	-1.016
7.450	-6.998	-1.182
7.460	-7.000	-1.348
7.470	-6.995	-1.514
7.480	-6.984	-1.676
7.490	-6.967	-1.876
7.500	-6.943	-1.998
7.510	-6.913	-2.154
7.520	-6.877	-2.316
7.530	-6.835	-2.467
7.540	-6.787	-2.628
7.550	-6.732	-2.775
7.560	-6.672	-2.936
7.570	-6.605	-3.087
7.580	-6.533	-3.244
7.590	-6.454	-3.395
7.600	-6.370	-3.586
7.610	-6.280	-3.693
7.620	-6.184	-3.840
7.630	-6.083	-3.967
7.640	-5.977	-4.113
7.650	-5.865	-4.250
7.660	-5.747	-4.397
7.670	-5.625	-4.533
7.680	-5.497	-4.670
7.690	-5.365	-4.787
7.700	-5.228	-4.919
7.710	-5.086	-5.061
7.720	-4.939	-5.154
7.730	-4.788	-5.276
7.740	-4.633	-5.393
7.750	-4.473	-5.501
7.760	-4.310	-5.603
7.770	-4.142	-5.706
7.780	-3.971	-5.809
7.790	-3.797	-5.901
7.800	-3.619	-5.994
7.810	-3.437	-6.077
7.820	-3.253	-6.185
7.830	-3.065	-6.243
7.840	-2.875	-6.321
7.850	-2.682	-6.380
7.860	-2.487	-6.448
7.870	-2.290	-6.512
7.880	-2.090	-6.561
7.890	-1.889	-6.619
7.900	-1.686	-6.673
7.910	-1.482	-6.707
7.920	-1.276	-6.746
7.930	-1.069	-6.776
7.940	-0.861	-6.800
7.950	-0.652	-6.820
7.960	-0.443	-6.844
7.970	-0.233	-6.849
7.980	-0.023	-6.854
7.990	0.187	-6.854
8.000	0.397	-6.854
8.010	0.606	-6.854
8.020	0.815	-6.854
8.030	1.023	-6.854
8.040	1.231	-6.854
8.050	1.437	-6.849
8.060	1.642	-6.839
8.070	1.845	-6.820
8.080	2.047	-6.810
8.090	2.247	-6.786
8.100	2.445	-6.766
8.110	2.640	-6.742
8.120	2.833	-6.702
8.130	3.024	-6.678
8.140	3.212	-6.634
8.150	3.397	-6.595
8.160	3.579	-6.536
8.170	3.758	-6.502
8.180	3.934	-6.429
8.190	4.106	-6.370
8.200	4.274	-6.312
8.210	4.438	-6.238
8.220	4.599	-6.165
8.230	4.755	-6.077
8.240	4.907	-5.999
8.250	5.054	-5.916
8.260	5.197	-5.818
8.270	5.336	-5.711
8.280	5.469	-5.623
8.290	5.598	-5.486
8.300	5.721	-5.423
8.310	5.840	-5.296
8.320	5.953	-5.188
8.330	6.061	-5.066
8.340	6.163	-4.939
8.350	6.260	-4.836
8.360	6.351	-4.709
8.370	6.436	-4.563
8.380	6.516	-4.441
8.390	6.590	-4.309
8.400	6.658	-4.128
8.410	6.719	-4.021
8.420	6.775	-3.889
8.430	6.825	-3.737
8.440	6.869	-3.591
8.450	6.906	-3.444
8.460	6.937	-3.298
8.470	6.962	-3.146
8.480	6.981	-3.004
8.490	6.993	-2.838
8.500	6.999	-2.687
8.510	6.999	-2.526
8.520	6.993	-2.369
8.530	6.980	-2.218
8.540	6.961	-2.018
8.550	6.935	-1.895
8.560	6.904	-1.729
8.570	6.866	-1.568
8.580	6.822	-1.407
8.590	6.772	-1.236
8.600	6.716	-1.075
8.610	6.654	-0.914
8.620	6.585	-0.743
8.630	6.511	-0.591
8.640	6.431	-0.430
8.650	6.345	-0.234
8.660	6.254	-0.117
8.670	6.157	0.039
8.680	6.054	0.195
8.690	5.946	0.342
8.700	5.832	0.498
8.710	5.714	0.640
8.720	5.590	0.782
8.730	5.461	0.923
8.740	5.327	1.060
8.750	5.188	1.212
8.760	5.045	1.378
8.770	4.897	1.475
8.780	4.745	1.597
8.790	4.589	1.729
8.800	4.428	1.837
8.810	4.263	1.949
8.820	4.095	2.052
8.830	3.923	2.159
8.840	3.747	2.257
8.850	3.568	2.355
8.860	3.386	2.447
8.870	3.200	2.550
8.880	3.012	2.623
8.890	2.821	2.687
8.900	2.628	2.765
8.910	2.432	2.838
8.920	2.234	2.897
8.930	2.034	2.965
8.940	1.832	3.009
8.950	1.629	3.058
8.960	1.424	3.107
8.970	1.218	3.136
8.980	1.010	3.180
8.990	0.802	3.200
9.000	0.593	3.219
9.010	0.384	3.229
9.020	0.174	3.239
9.030	-0.036	3.239
9.040	-0.246	3.239
9.050	-0.456	3.244
9.060	-0.665	3.244
9.070	-0.874	3.244
9.080	-1.082	3.244
9.090	-1.289	3.239
9.100	-1.494	3.234
9.110	-1.699	3.219
9.120	-1.902	3.205
9.130	-2.103	3.200
9.140	-2.302	3.170
9.150	-2.500	3.151
9.160	-2.695	3.122
9.170	-2.887	3.083
9.180	-3.077	3.048
9.190	-3.264	3.004
9.200	-3.449	2.960
9.210	-3.630	2.902
9.220	-3.808	2.848
9.230	-3.982	2.760
9.240	-4.153	2.706
9.250	-4.320	2.643
9.260	-4.483	2.560
9.270	-4.643	2.477
9.280	-4.798	2.389
9.290	-4.948	2.301
9.300	-5.095	2.203
9.310	-5.236	2.101
9.320	-5.373	2.003
9.330	-5.506	1.895
9.340	-5.633	1.754
9.350	-5.755	1.671
9.360	-5.872	1.553
9.370	-5.984	1.436
9.380	-6.090	1.299
9.390	-6.191	1.168
9.400	-6.286	1.026
9.410	-6.375	0.879
9.420	-6.459	0.743
9.430	-6.537	0.606
9.440	-6.609	0.454
9.450	-6.676	0.274
9.460	-6.736	0.151
9.470	-6.790	0.015
9.480	-6.838	-0.151
9.490	-6.880	-0.313
9.500	-6.915	-0.459
9.510	-6.945	-0.625
9.520	-6.968	-0.777
9.530	-6.985	-0.943
9.540	-6.996	-1.099
9.550	-7.000	-1.260
9.560	-6.998	-1.475
9.570	-6.990	-1.602
9.580	-6.975	-1.759
9.590	-6.954	-1.915
9.600	-6.927	-2.071
9.610	-6.894	-2.228
9.620	-6.854	-2.399
9.630	-6.809	-2.560
9.640	-6.757	-2.711
9.650	-6.699	-2.863
9.660	-6.635	-3.024
9.670	-6.565	-3.161
9.680	-6.489	-3.327
9.690	-6.408	-3.473
9.700	-6.320	-3.654
9.710	-6.227	-3.762
9.720	-6.128	-3.908
9.730	-6.024	-4.050
9.740	-5.915	-4.201
9.750	-5.800	-4.333
9.760	-5.679	-4.455
9.770	-5.554	-4.587
9.780	-5.424	-4.724
9.790	-5.289	-4.861
9.800	-5.149	-4.978
9.810	-5.004	-5.125
9.820	-4.855	-5.222
9.830	-4.702	-5.320
9.840	-4.544	-5.442
9.850	-4.382	-5.550
9.860	-4.216	-5.667
9.870	-4.047	-5.769
9.880	-3.874	-5.852
9.890	-3.697	-5.955
9.900	-3.517	-6.033
9.910	-3.334	-6.131
9.920	-3.148	-6.199
9.930	-2.959	-6.282
9.940	-2.767	-6.346
9.950	-2.573	-6.419
9.960	-2.377	-6.488
9.970	-2.178	-6.527
9.980	-1.978	-6.600
9.990	-1.776	-6.634
10.000	-1.572	-6.688
10.010	-1.366	-6.722
10.020	-1.160	-6.756
10.030	-0.952	-6.786
10.040	-0.744	-6.805
10.050	-0.535	-6.820
10.060	-0.325	-6.839
10.070	-0.115	-6.849
10.080	0.095	-6.849
10.090	0.305	-6.849
10.100	0.514	-6.849
10.110	0.724	-6.854
10.120	0.932	-6.849
10.130	1.140	-6.849
10.140	1.346	-6.839
10.150	1.552	-6.834
10.160	1.756	-6.820
10.170	1.958	-6.800
10.180	2.159	-6.786
10.190	2.358	-6.771
10.200	2.554	-6.742
10.210	2.749	-6.707
10.220	2.941	-6.683
10.230	3.130	-6.639
10.240	3.316	-6.605
10.250	3.500	-6.541
10.260	3.680	-6.507
10.270	3.857	-6.444
10.280	4.030	-6.390
10.290	4.200	-6.326
10.300	4.366	-6.268
10.310	4.529	-6.190
10.320	4.687	-6.111
10.330	4.840	-6.023
10.340	4.990	-5.940
10.350	5.135	-5.843
10.360	5.275	-5.750
10.370	5.411	-5.667
10.380	5.542	-5.550
10.390	5.668	-5.432
10.400	5.788	-5.330
10.410	5.904	-5.242
10.420	6.014	-5.115
10.430	6.119	-4.988
10.440	6.218	-4.880
10.450	6.311	-4.744
10.460	6.399	-4.617
10.470	6.482	-4.480
10.480	6.558	-4.348
10.490	6.629	-4.216
10.500	6.693	-4.045
10.510	6.752	-3.937
10.520	6.804	-3.786
10.530	6.850	-3.639
10.540	6.890	-3.498
10.550	6.924	-3.356
10.560	6.952	-3.210
10.570	6.973	-3.048
10.580	6.989	-2.897
10.590	6.997	-2.736
10.600	7.000	-2.589
10.610	6.996	-2.394
10.620	6.986	-2.267
10.630	6.970	-2.106
10.640	6.947	-1.944
10.650	6.918	-1.788
10.660	6.883	-1.632
10.670	6.842	-1.466
10.680	6.795	-1.304
10.690	6.741	-1.138
10.700	6.682	-0.977
10.710	6.616	-0.806
10.720	6.544	-0.645
10.730	6.467	-0.479
10.740	6.384	-0.337
10.750	6.295	-0.132
10.760	6.200	-0.005
10.770	6.100	0.142
10.780	5.994	0.298
10.790	5.883	0.440
10.800	5.766	0.596
10.810	5.645	0.733
10.820	5.518	0.870
10.830	5.386	1.026
10.840	5.250	1.163
10.850	5.109	1.299
10.860	4.963	1.466
10.870	4.812	1.563
10.880	4.658	1.685
10.890	4.499	1.803
10.900	4.336	1.910
10.910	4.169	2.018
10.920	3.999	2.125
10.930	3.825	2.228
10.940	3.647	2.335
10.950	3.466	2.423
10.960	3.282	2.511
10.970	3.095	2.628
10.980	2.906	2.672
10.990	2.713	2.745
11.000	2.519	2.819
11.010	2.321	2.882
11.020	2.122	2.951
11.030	1.921	3.004
11.040	1.719	3.053
11.050	1.514	3.097
11.060	1.309	3.136
11.070	1.102	3.170
11.080	0.894	3.205
11.090	0.685	3.224
11.100	0.476	3.239
11.110	0.266	3.244
11.120	0.056	3.258
11.130	-0.154	3.258
11.140	-0.364	3.258
11.150	-0.573	3.258
11.160	-0.782	3.258
11.170	-0.990	3.258
11.180	-1.198	3.258
11.190	-1.404	3.258
11.200	-1.609	3.254
11.210	-1.813	3.244
11.220	-2.015	3.224
11.230	-2.215	3.210
11.240	-2.413	3.190
11.250	-2.609	3.161
11.260	-2.803	3.131
11.270	-2.994	3.092
11.280	-3.182	3.053
11.290	-3.368	3.004
11.300	-3.551	2.956
11.310	-3.730	2.892
11.320	-3.906	2.833
11.330	-4.078	2.745
11.340	-4.247	2.697
11.350	-4.412	2.628
11.360	-4.573	2.545
11.370	-4.730	2.457
11.380	-4.883	2.369
11.390	-5.031	2.272
11.400	-5.175	2.174
11.410	-5.314	2.071
11.420	-5.448	1.974
11.430	-5.578	1.861
11.440	-5.702	1.724
11.450	-5.821	1.627
11.460	-5.935	1.505
11.470	-6.044	1.392
11.480	-6.147	1.260
11.490	-6.245	1.119
11.500	-6.337	0.972
11.510	-6.423	0.826
11.520	-6.504	0.689
11.530	-6.578	0.552
11.540	-6.647	0.405
11.550	-6.710	0.215
11.560	-6.767	0.107
11.570	-6.818	-0.054
11.580	-6.862	-0.215
11.590	-6.900	-0.371
11.600	-6.933	-0.523
11.610	-6.959	-0.689
11.620	-6.978	-0.850
11.630	-6.992	-1.006
11.640	-6.999	-1.172
11.650	-7.000	-1.334
11.660	-6.994	-1.529
11.670	-6.982	-1.661
11.680	-6.964	-1.827
11.690	-6.940	-1.983
11.700	-6.909	-2.135
11.710	-6.872	-2.306
11.720	-6.829	-2.457
11.730	-6.780	-2.614
11.740	-6.725	-2.765
11.750	-6.664	-2.921
11.760	-6.597	-3.083
11.770	-6.523	-3.229
11.780	-6.444	-3.381
11.790	-6.359	-3.522
11.800	-6.269	-3.679
11.810	-6.172	-3.820
11.820	-6.071	-3.957
11.830	-5.963	-4.099
11.840	-5.851	-4.240
11.850	-5.733	-4.377
11.860	-5.610	-4.514
11.870	-5.482	-4.660
11.880	-5.349	-4.758
11.890	-5.211	-4.900
11.900	-5.068	-5.017
11.910	-4.921	-5.139
11.920	-4.770	-5.261
11.930	-4.614	-5.374
11.940	-4.454	-5.471
11.950	-4.290	-5.579
11.960	-4.122	-5.691
11.970	-3.950	-5.799
11.980	-3.775	-5.877
11.990	-3.597	-5.975
12.000	-3.415	-6.048
12.010	-3.230	-6.150
12.020	-3.042	-6.238
12.030	-2.852	-6.297
12.040	-2.659	-6.361
12.050	-2.464	-6.429
12.060	-2.266	-6.492
12.070	-2.066	-6.527
12.080	-1.865	-6.600
12.090	-1.661	-6.634
12.100	-1.457	-6.683
12.110	-1.251	-6.712
12.120	-1.044	-6.746
12.130	-0.835	-6.781
12.140	-0.627	-6.790
12.150	-0.417	-6.805
12.160	-0.207	-6.815
12.170	0.003	-6.820
12.180	0.213	-6.820
12.190	0.422	-6.825
12.200	0.632	-6.825
12.210	0.841	-6.820
12.220	1.049	-6.820
12.230	1.256	-6.820
12.240	1.462	-6.810
12.250	1.666	-6.800
12.260	1.870	-6.786
12.270	2.071	-6.781
12.280	2.271	-6.756
12.290	2.468	-6.737
12.300	2.664	-6.702
12.310	2.857	-6.678
12.320	3.047	-6.639
12.330	3.235	-6.605
12.340	3.419	-6.546
12.350	3.601	-6.507
12.360	3.780	-6.444
12.370	3.955	-6.404
12.380	4.126	-6.321
12.390	4.294	-6.282
12.400	4.458	-6.194
12.410	4.618	-6.131
12.420	4.773	-6.038
12.430	4.925	-5.960
12.440	5.072	-5.867
12.450	5.214	-5.789
12.460	5.352	-5.691
12.470	5.485	-5.579
12.480	5.613	-5.471
12.490	5.736	-5.335
12.500	5.854	-5.266
12.510	5.966	-5.149
12.520	6.073	-5.017
12.530	6.175	-4.915
12.540	6.271	-4.783
12.550	6.362	-4.670
12.560	6.446	-4.533
12.570	6.525	-4.392
12.580	6.598	-4.255
12.590	6.665	-4.118
12.600	6.727	-3.942
12.610	6.782	-3.845
12.620	6.831	-3.703
12.630	6.873	-3.552
12.640	6.910	-3.395
12.650	6.941	-3.258
12.660	6.965	-3.097
12.670	6.983	-2.951
12.680	6.994	-2.794
12.690	7.000	-2.638
12.700	6.999	-2.482
12.710	6.991	-2.291
12.720	6.978	-2.164
12.730	6.958	-2.008
12.740	6.932	-1.842
12.750	6.900	-1.685
12.760	6.861	-1.519
12.770	6.816	-1.353
12.780	6.766	-1.197
12.790	6.709	-1.021
12.800	6.646	-0.870
12.810	6.577	-0.699
12.820	6.502	-0.498
12.830	6.421	-0.381
12.840	6.335	-0.230
12.850	6.242	-0.068
12.860	6.145	0.098
12.870	6.041	0.244
12.880	5.932	0.401
12.890	5.818	0.547
12.900	5.699	0.689
12.910	5.574	0.826
12.920	5.445	0.972
12.930	5.310	1.114
12.940	5.171	1.260
12.950	5.027	1.387
12.960	4.879	1.553
12.970	4.726	1.641
12.980	4.569	1.754
12.990	4.408	1.876
13.000	4.243	1.988
13.010	4.074	2.091
13.020	3.902	2.198
13.030	3.726	2.301
13.040	3.546	2.399
13.050	3.364	2.491
13.060	3.178	2.570
13.070	2.989	2.677
13.080	2.798	2.731
13.090	2.604	2.809
13.100	2.408	2.872
13.110	2.210	2.936
13.120	2.010	2.995
13.130	1.808	3.043
13.140	1.604	3.092
13.150	1.399	3.141
13.160	1.193	3.170
13.170	0.985	3.205
13.180	0.777	3.229
13.190	0.568	3.249
13.200	0.358	3.268
13.210	0.149	3.283
13.220	-0.061	3.288
13.230	-0.271	3.288
13.240	-0.481	3.283
13.250	-0.690	3.283
13.260	-0.899	3.288
13.270	-1.107	3.283
13.280	-1.314	3.283
13.290	-1.519	3.278
13.300	-1.724	3.263
13.310	-1.926	3.244
13.320	-2.127	3.234
13.330	-2.326	3.210
13.340	-2.523	3.190
13.350	-2.718	3.161
13.360	-2.910	3.122
13.370	-3.100	3.083
13.380	-3.287	3.034
13.390	-3.471	2.990
13.400	-3.651	2.916
13.410	-3.829	2.877
13.420	-4.003	2.814
13.430	-4.173	2.745
13.440	-4.340	2.677
13.450	-4.503	2.599
13.460	-4.662	2.511
13.470	-4.816	2.428
13.480	-4.966	2.340
13.490	-5.112	2.242
13.500	-5.253	2.135
13.510	-5.390	2.037
13.520	-5.521	1.925
13.530	-5.648	1.817
13.540	-5.769	1.661
13.550	-5.886	1.578
13.560	-5.997	1.456
13.570	-6.102	1.329
13.580	-6.202	1.192
13.590	-6.297	1.050
13.600	-6.386	0.904
13.610	-6.469	0.777
13.620	-6.546	0.630
13.630	-6.618	0.489
13.640	-6.683	0.327
13.650	-6.743	0.142
13.660	-6.796	0.029
13.670	-6.843	-0.122
13.680	-6.884	-0.293
13.690	-6.919	-0.430
13.700	-6.948	-0.601
13.710	-6.970	-0.757
13.720	-6.987	-0.918
13.730	-6.996	-1.080
13.740	-7.000	-1.246
13.750	-6.997	-1.412
13.760	-6.988	-1.617
13.770	-6.973	-1.734
13.780	-6.951	-1.900
13.790	-6.923	-2.052
13.800	-6.889	-2.218
13.810	-6.849	-2.374
13.820	-6.803	-2.535
13.830	-6.750	-2.687
13.840	-6.692	-2.838
13.850	-6.627	-3.009
13.860	-6.556	-3.151
13.870	-6.480	-3.341
13.880	-6.397	-3.454
13.890	-6.309	-3.596
13.900	-6.215	-3.742
13.910	-6.116	-3.889
13.920	-6.011	-4.025
13.930	-5.901	-4.167
13.940	-5.785	-4.314
13.950	-5.665	-4.441
13.960	-5.539	-4.568
13.970	-5.408	-4.704
13.980	-5.272	-4.871
13.990	-5.131	-4.949
14.000	-4.986	-5.076
14.010	-4.837	-5.193
14.020	-4.683	-5.300
14.030	-4.525	-5.423
14.040	-4.362	-5.530
14.050	-4.196	-5.633
14.060	-4.026	-5.725
14.070	-3.853	-5.828
14.080	-3.676	-5.926
14.090	-3.495	-6.014
14.100	-3.312	-6.092
14.110	-3.125	-6.170
14.120	-2.936	-6.273
14.130	-2.744	-6.326
14.140	-2.550	-6.380
14.150	-2.353	-6.444
14.160	-2.154	-6.507
14.170	-1.953	-6.546
14.180	-1.751	-6.610
14.190	-1.547	-6.654
14.200	-1.341	-6.693
14.210	-1.135	-6.722
14.220	-0.927	-6.751
14.230	-0.718	-6.781
14.240	-0.509	-6.790
14.250	-0.300	-6.800
14.260	-0.090	-6.810
14.270	0.120	-6.815
14.280	0.330	-6.815
14.290	0.540	-6.815
14.300	0.749	-6.815
14.310	0.957	-6.815
14.320	1.165	-6.815
14.330	1.371	-6.810
14.340	1.577	-6.795
14.350	1.780	-6.790
14.360	1.983	-6.776
14.370	2.183	-6.766
14.380	2.382	-6.742
14.390	2.578	-6.712
14.400	2.772	-6.688
14.410	2.964	-6.659
14.420	3.153	-6.615
14.430	3.339	-6.566
14.440	3.522	-6.522
14.450	3.702	-6.488
14.460	3.878	-6.429
14.470	4.051	-6.365
14.480	4.221	-6.307
14.490	4.386	-6.229
14.500	4.548	-6.160
14.510	4.705	-6.072
14.520	4.859	-5.994
14.530	5.008	-5.916
14.540	5.152	-5.818
14.550	5.292	-5.711
14.560	5.427	-5.628
14.570	5.557	-5.525
14.580	5.682	-5.427
14.590	5.802	-5.300
14.600	5.917	-5.188
14.610	6.027	-5.076
14.620	6.131	-4.958
14.630	6.229	-4.846
14.640	6.322	-4.714
14.650	6.410	-4.573
14.660	6.491	-4.450
14.670	6.567	-4.323
14.680	6.637	-4.182
14.690	6.700	-4.045
14.700	6.758	-3.903
14.710	6.810	-3.747
14.720	6.855	-3.600
14.730	6.895	-3.468
14.740	6.928	-3.317
14.750	6.955	-3.156
14.760	6.976	-3.019
14.770	6.990	-2.858
14.780	6.998	-2.711
14.790	7.000	-2.545
14.800	6.995	-2.389
14.810	6.985	-2.228
14.820	6.968	-2.057
14.830	6.944	-1.910
14.840	6.915	-1.749
14.850	6.879	-1.588
14.860	6.837	-1.422
14.870	6.789	-1.251
14.880	6.734	-1.094
14.890	6.674	-0.933
14.900	6.608	-0.762
14.910	6.535	-0.606
14.920	6.457	-0.440
14.930	6.373	-0.298
14.940	6.284	-0.132
14.950	6.188	0.029
14.960	6.087	0.181
14.970	5.981	0.327
14.980	5.869	0.489
14.990	5.752	0.630
15.000	5.630	0.772
15.010	5.502	0.909
15.020	5.370	1.055
15.030	5.233	1.202
15.040	5.091	1.334
15.050	4.945	1.470
15.060	4.794	1.593
15.070	4.639	1.720
15.080	4.480	1.832
15.090	4.316	1.939
15.100	4.149	2.052
15.110	3.978	2.154
15.120	3.803	2.252
15.130	3.625	2.355
15.140	3.444	2.447
15.150	3.260	2.535
15.160	3.073	2.623
15.170	2.882	2.692
15.180	2.690	2.770
15.190	2.495	2.848
15.200	2.297	2.907
15.210	2.098	2.970
15.220	1.897	3.024
15.230	1.694	3.068
15.240	1.489	3.117
15.250	1.284	3.156
15.260	1.077	3.190
15.270	0.869	3.214
15.280	0.660	3.234
15.290	0.451	3.249
15.300	0.241	3.273
15.310	0.031	3.278
15.320	-0.179	3.283
15.330	-0.389	3.283
15.340	-0.598	3.283
15.350	-0.807	3.283
15.360	-1.016	3.283
15.370	-1.223	3.283
15.380	-1.429	3.283
15.390	-1.634	3.263
15.400	-1.837	3.249
15.410	-2.039	3.239
15.420	-2.239	3.214
15.430	-2.437	3.195
15.440	-2.633	3.166
15.450	-2.826	3.136
15.460	-3.017	3.092
15.470	-3.205	3.053
15.480	-3.390	3.004
15.490	-3.572	2.956
15.500	-3.751	2.897
15.510	-3.927	2.833
15.520	-4.099	2.770
15.530	-4.267	2.697
15.540	-4.432	2.623
15.550	-4.592	2.540
15.560	-4.749	2.457
15.570	-4.901	2.364
15.580	-5.049	2.267
15.590	-5.192	2.169
15.600	-5.330	2.071
15.610	-5.464	1.969
15.620	-5.593	1.856
15.630	-5.717	1.744
15.640	-5.835	1.622
15.650	-5.949	1.500
15.660	-6.057	1.378
15.670	-6.159	1.251
15.680	-6.256	1.099
15.690	-6.347	0.957
15.700	-6.433	0.816
15.710	-6.513	0.679
15.720	-6.587	0.532
15.730	-6.655	0.391
15.740	-6.717	0.239
15.750	-6.773	0.093
15.760	-6.823	-0.068
15.770	-6.867	-0.230
15.780	-6.905	-0.381
15.790	-6.936	-0.542
15.800	-6.961	-0.699
15.810	-6.980	-0.865
15.820	-6.993	-1.031
15.830	-6.999	-1.187
15.840	-6.999	-1.348
15.850	-6.993	-1.519
15.860	-6.980	-1.681
15.870	-6.962	-1.837
15.880	-6.937	-2.008
15.890	-6.905	-2.159
15.900	-6.868	-2.320
15.910	-6.824	-2.467
15.920	-6.774	-2.633
15.930	-6.718	-2.780
15.940	-6.656	-2.941
15.950	-6.588	-3.092
15.960	-6.514	-3.249
15.970	-6.434	-3.400
15.980	-6.349	-3.547
15.990	-6.257	-3.693
16.000	-6.160	-3.840
16.010	-6.058	-3.972
16.020	-5.950	-4.113
16.030	-5.837	-4.250
16.040	-5.718	-4.392
16.050	-5.595	-4.529
16.060	-5.466	-4.670
16.070	-5.332	-4.783
16.080	-5.194	-4.915
16.090	-5.051	-5.032
16.100	-4.903	-5.154
16.110	-4.751	-5.271
16.120	-4.595	-5.383
16.130	-4.434	-5.486
16.140	-4.270	-5.594
16.150	-4.101	-5.701
16.160	-3.929	-5.799
16.170	-3.754	-5.887
16.180	-3.575	-5.979
16.190	-3.393	-6.058
16.200	-3.208	-6.155
16.210	-3.020	-6.219
16.220	-2.829	-6.307
16.230	-2.635	-6.365
16.240	-2.440	-6.434
16.250	-2.242	-6.497
16.260	-2.042	-6.532
16.270	-1.840	-6.600
16.280	-1.637	-6.639
16.290	-1.432	-6.683
16.300	-1.226	-6.712
16.310	-1.018	-6.751
16.320	-0.810	-6.776
16.330	-0.601	-6.790
16.340	-0.392	-6.805
16.350	-0.182	-6.815
16.360	0.028	-6.820
16.370	0.238	-6.820
16.380	0.448	-6.820
16.390	0.657	-6.820
16.400	0.866	-6.820
16.410	1.074	-6.820
16.420	1.281	-6.815
16.430	1.487	-6.805
16.440	1.691	-6.800
16.450	1.894	-6.781
16.460	2.095	-6.771
16.470	2.295	-6.751
16.480	2.492	-6.727
16.490	2.687	-6.698
16.500	2.880	-6.673
16.510	3.070	-6.629
16.520	3.257	-6.595
16.530	3.442	-6.541
16.540	3.623	-6.507
16.550	3.801	-6.444
16.560	3.976	-6.395
16.570	4.147	-6.331
16.580	4.314	-6.273
16.590	4.477	-6.190
16.600	4.637	-6.121
16.610	4.792	-6.033
16.620	4.943	-5.955
16.630	5.089	-5.862
16.640	5.231	-5.774
16.650	5.368	-5.681
16.660	5.501	-5.569
16.670	5.628	-5.462
16.680	5.750	-5.359
16.690	5.867	-5.256
16.700	5.979	-5.115
16.710	6.086	-5.007
16.720	6.187	-4.871
16.730	6.282	-4.753
16.740	6.372	-4.626
16.750	6.456	-4.514
16.760	6.534	-4.382
16.770	6.607	-4.240
16.780	6.673	-4.099
16.790	6.734	-3.967
16.800	6.788	-3.830
16.810	6.836	-3.683
16.820	6.878	-3.532
16.830	6.914	-3.390
16.840	6.944	-3.244
16.850	6.967	-3.087
16.860	6.984	-2.931
16.870	6.995	-2.775
16.880	7.000	-2.623
16.890	6.998	-2.467
16.900	6.990	-2.316
16.910	6.976	-2.149
16.920	6.955	-1.993
16.930	6.928	-1.837
16.940	6.895	-1.676
16.950	6.856	-1.505
16.960	6.811	-1.343
16.970	6.759	-1.172
16.980	6.701	-1.011
16.990	6.638	-0.860
17.000	6.568	-0.694
17.010	6.492	-0.528
17.020	6.411	-0.371
17.030	6.324	-0.215
17.040	6.231	-0.054
17.050	6.132	0.107
17.060	6.028	0.259
17.070	5.919	0.410
17.080	5.804	0.557
17.090	5.684	0.694
17.100	5.559	0.835
17.110	5.429	0.977
17.120	5.294	1.128
17.130	5.154	1.270
17.140	5.010	1.397
17.150	4.861	1.524
17.160	4.708	1.646
17.170	4.550	1.778
17.180	4.388	1.881
17.190	4.223	1.993
17.200	4.054	2.096
17.210	3.881	2.203
17.220	3.704	2.306
17.230	3.524	2.404
17.240	3.341	2.550
17.250	3.155	2.570
17.260	2.966	2.672
17.270	2.775	2.736
17.280	2.581	2.809
17.290	2.384	2.877
17.300	2.186	2.941
17.310	1.986	3.000
17.320	1.783	3.053
17.330	1.579	3.097
17.340	1.374	3.136
17.350	1.168	3.175
17.360	0.960	3.205
17.370	0.752	3.229
17.380	0.543	3.244
17.390	0.333	3.268
17.400	0.123	3.283
17.410	-0.087	3.283
17.420	-0.297	3.283
17.430	-0.506	3.288
17.440	-0.716	3.288
17.450	-0.924	3.288
17.460	-1.132	3.283
17.470	-1.339	3.283
17.480	-1.544	3.278
17.490	-1.748	3.263
17.500	-1.951	3.244
17.510	-2.151	3.229
17.520	-2.350	3.210
17.530	-2.547	3.190
17.540	-2.741	3.156
17.550	-2.933	3.122
17.560	-3.123	3.078
17.570	-3.309	3.034
17.580	-3.493	2.985
17.590	-3.673	2.926
17.600	-3.850	2.868
17.610	-4.024	2.809
17.620	-4.194	2.736
17.630	-4.360	2.662
17.640	-4.522	2.579
17.650	-4.681	2.506
17.660	-4.835	2.408
17.670	-4.984	2.330
17.680	-5.129	2.213
17.690	-5.270	2.120
17.700	-5.406	2.022
17.710	-5.537	1.910
17.720	-5.663	1.803
17.730	-5.784	1.685
17.740	-5.899	1.563
17.750	-6.010	1.446
17.760	-6.115	1.314
17.770	-6.214	1.177
17.780	-6.308	1.036
17.790	-6.396	0.884
17.800	-6.479	0.752
17.810	-6.555	0.611
17.820	-6.626	0.459
17.830	-6.691	0.308
17.840	-6.749	0.156
17.850	-6.802	0.020
17.860	-6.849	-0.151
17.870	-6.889	-0.308
17.880	-6.923	-0.454
17.890	-6.951	-0.620
17.900	-6.973	-0.782
17.910	-6.988	-0.938
17.920	-6.997	-1.104
17.930	-7.000	-1.265
17.940	-6.997	-1.431
17.950	-6.987	-1.597
17.960	-6.971	-1.764
17.970	-6.948	-1.915
17.980	-6.920	-2.076
17.990	-6.885	-2.233
18.000	-6.844	-2.399
18.010	-6.797	-2.560
18.020	-6.743	-2.711
18.030	-6.684	-2.868
18.040	-6.619	-3.024
18.050	-6.547	-3.166
18.060	-6.470	-3.327
18.070	-6.387	-3.473
18.080	-6.298	-3.605
18.090	-6.204	-3.757
18.100	-6.104	-3.903
18.110	-5.998	-4.050
18.120	-5.887	-4.201
18.130	-5.771	-4.328
18.140	-5.650	-4.455
18.150	-5.523	-4.592
18.160	-5.392	-4.724
18.170	-5.255	-4.861
18.180	-5.114	-4.973
18.190	-4.968	-5.100
18.200	-4.818	-5.213
18.210	-4.664	-5.315
18.220	-4.505	-5.437
18.230	-4.342	-5.545
18.240	-4.176	-5.657
18.250	-4.005	-5.755
18.260	-3.831	-5.843
18.270	-3.654	-5.940
18.280	-3.473	-6.023
18.290	-3.289	-6.106
18.300	-3.103	-6.180
