0.010	1.000	1.001	-0.112
0.020	1.000	1.001	-0.103
0.030	1.000	1.001	-0.112
0.040	1.000	1.001	-0.107
0.050	1.000	0.997	-0.112
0.060	1.000	0.997	-0.112
0.070	1.000	1.001	-0.107
0.080	1.000	1.001	-0.107
0.090	1.000	0.997	-0.103
0.100	1.000	0.997	-0.112
0.110	1.000	1.001	-0.107
0.120	1.000	0.997	-0.107
0.130	1.000	1.001	-0.112
0.140	1.000	1.001	-0.107
0.150	1.000	0.997	-0.107
0.160	1.000	0.997	-0.117
0.170	1.000	1.001	-0.112
0.180	1.000	1.001	-0.103
0.190	1.000	0.997	-0.103
0.200	1.000	1.001	-0.107
0.210	1.000	0.997	-0.112
0.220	1.000	0.997	-0.112
0.230	1.000	0.997	-0.107
0.240	1.000	1.001	-0.112
0.250	1.000	1.001	-0.107
0.260	1.000	0.997	-0.103
0.270	1.000	0.997	-0.112
0.280	1.000	1.001	-0.112
0.290	1.000	0.997	-0.107
0.300	1.000	0.997	-0.112
0.310	1.000	1.001	-0.107
0.320	1.000	0.997	-0.112
0.330	1.000	0.997	-0.107
0.340	1.000	0.997	-0.112
0.350	1.000	0.997	-0.112
0.360	1.000	0.997	-0.112
0.370	1.000	0.997	-0.117
0.380	1.000	0.997	-0.112
0.390	1.000	1.001	-0.112
0.400	1.000	0.997	-0.112
0.410	1.000	0.997	-0.112
0.420	1.000	0.997	-0.107
0.430	1.000	0.997	-0.112
0.440	1.000	0.997	-0.112
0.450	1.000	0.997	-0.112
0.460	1.000	0.997	-0.112
0.470	1.000	0.997	-0.112
0.480	1.000	0.997	-0.112
0.490	1.000	1.001	-0.112
0.500	1.000	0.997	-0.112
0.510	1.000	0.997	-0.107
0.520	1.000	0.997	-0.112
0.530	1.000	1.001	-0.103
0.540	1.000	0.997	-0.117
0.550	1.000	0.997	-0.107
0.560	1.000	0.997	-0.112
0.570	1.000	0.997	-0.112
0.580	1.000	0.997	-0.112
0.590	1.000	0.997	-0.107
0.600	1.000	0.997	-0.112
0.610	1.000	1.001	-0.112
0.620	1.000	0.997	-0.107
0.630	1.000	0.997	-0.112
0.640	1.000	0.997	-0.107
0.650	1.000	0.997	-0.107
0.660	1.000	1.001	-0.117
0.670	1.000	0.997	-0.112
0.680	1.000	1.001	-0.112
0.690	1.000	0.997	-0.107
0.700	1.000	0.997	-0.112
0.710	1.000	1.001	-0.112
0.720	1.000	0.997	-0.107
0.730	1.000	0.997	-0.112
0.740	1.000	0.997	-0.112
0.750	1.000	0.997	-0.112
0.760	1.000	0.997	-0.107
0.770	1.000	0.997	-0.107
0.780	1.000	0.997	-0.112
0.790	1.000	0.997	-0.107
0.800	1.000	0.997	-0.112
0.810	1.000	0.997	-0.103
0.820	1.000	0.997	-0.112
0.830	1.000	0.997	-0.107
0.840	1.000	1.001	-0.107
0.850	1.000	0.997	-0.112
0.860	1.000	0.997	-0.112
0.870	1.000	0.997	-0.107
0.880	1.000	1.001	-0.112
0.890	1.000	0.997	-0.107
0.900	1.000	0.997	-0.107
0.910	1.000	0.997	-0.103
0.920	1.000	0.997	-0.103
0.930	1.000	0.997	-0.107
0.940	1.000	0.997	-0.107
0.950	1.000	0.997	-0.107
0.960	1.000	1.001	-0.117
0.970	1.000	0.997	-0.112
0.980	1.000	1.001	-0.107
0.990	1.000	1.001	-0.107
1.000	1.000	0.997	-0.112
1.010	1.000	0.997	-0.107
1.020	1.000	0.997	-0.107
1.030	1.000	1.001	-0.103
1.040	1.000	0.997	-0.107
1.050	1.000	0.997	-0.112
1.060	1.000	0.997	-0.112
1.070	1.000	0.997	-0.107
1.080	1.000	0.997	-0.107
1.090	1.000	0.997	-0.107
1.100	1.000	0.997	-0.112
1.110	1.000	0.997	-0.107
1.120	1.000	0.997	-0.112
1.130	1.000	0.997	-0.107
1.140	1.000	0.997	-0.107
1.150	1.000	0.997	-0.112
1.160	1.000	1.001	-0.107
1.170	1.000	0.997	-0.112
1.180	1.000	1.001	-0.107
1.190	1.000	1.001	-0.112
1.200	1.000	1.001	-0.107
1.210	1.000	1.001	-0.107
1.220	1.000	0.997	-0.107
1.230	1.000	0.997	-0.112
1.240	1.000	0.997	-0.112
1.250	1.000	1.001	-0.112
1.260	1.000	0.997	-0.112
1.270	1.000	0.997	-0.112
1.280	1.000	0.997	-0.112
1.290	1.000	0.997	-0.107
1.300	1.000	0.997	-0.112
1.310	1.000	0.997	-0.112
1.320	1.000	0.997	-0.103
1.330	1.000	0.997	-0.112
1.340	1.000	0.997	-0.107
1.350	1.000	0.997	-0.112
1.360	1.000	0.997	-0.107
1.370	1.000	0.997	-0.107
1.380	1.000	0.997	-0.107
1.390	1.000	0.997	-0.112
1.400	1.000	0.997	-0.107
1.410	1.000	0.997	-0.112
1.420	1.000	0.997	-0.112
1.430	1.000	0.997	-0.103
1.440	1.000	0.997	-0.112
1.450	1.000	0.997	-0.117
1.460	1.000	0.997	-0.112
1.470	1.000	1.001	-0.112
1.480	0.000	0.997	-0.107
1.490	0.000	0.992	0.611
1.500	0.000	0.938	2.364
1.510	0.000	0.865	3.444
1.520	0.000	0.738	4.397
1.530	0.000	0.493	5.769
1.540	0.000	0.230	6.346
1.550	0.000	0.166	6.590
1.560	0.000	0.010	5.779
1.570	0.000	-0.200	4.563
1.580	0.000	-0.274	3.327
1.590	0.000	-0.342	-0.689
1.600	0.000	-0.332	-1.637
1.610	0.000	-0.274	-2.799
1.620	0.000	-0.112	-3.166
1.630	0.000	-0.068	-3.063
1.640	0.000	-0.010	-1.617
1.650	0.000	0.015	0.445
1.660	0.000	0.005	0.821
1.670	0.000	-0.078	1.519
1.680	0.000	-0.117	1.216
1.690	0.000	-0.127	0.806
1.700	0.000	-0.142	-0.230
1.710	0.000	-0.137	-0.620
1.720	0.000	-0.117	-0.845
1.730	0.000	-0.098	-0.801
1.740	0.000	-0.078	-0.606
1.750	0.000	-0.068	-0.220
1.760	0.000	-0.068	-0.039
1.770	0.000	-0.068	-0.073
1.780	0.000	-0.068	-0.107
1.790	0.000	-0.068	-0.112
1.800	0.000	-0.068	-0.112
1.810	0.000	-0.068	-0.107
1.820	0.000	-0.068	-0.107
1.830	0.000	-0.068	-0.112
1.840	0.000	-0.068	-0.107
1.850	0.000	-0.068	-0.107
1.860	0.000	-0.068	-0.112
1.870	0.000	-0.068	-0.112
1.880	0.000	-0.073	-0.112
1.890	0.000	-0.068	-0.132
1.900	0.000	-0.068	-0.132
1.910	0.000	-0.068	-0.112
1.920	0.000	-0.068	-0.112
1.930	0.000	-0.068	-0.122
1.940	0.000	-0.068	-0.142
1.950	0.000	-0.068	-0.161
1.960	0.000	-0.068	-0.176
1.970	0.000	-0.064	-0.205
1.980	0.000	-0.059	-0.186
1.990	0.000	-0.059	-0.147
2.000	0.000	-0.059	-0.112
2.010	0.000	-0.059	-0.117
2.020	0.000	-0.059	-0.127
2.030	0.000	-0.054	-0.156
2.040	0.000	-0.059	-0.156
2.050	0.000	-0.059	-0.151
2.060	0.000	-0.054	-0.210
2.070	0.000	-0.054	-0.205
2.080	0.000	-0.049	-0.200
2.090	0.000	-0.044	-0.171
2.100	0.000	-0.044	-0.132
2.110	0.000	-0.044	-0.112
2.120	0.000	-0.044	-0.112
2.130	0.000	-0.044	-0.117
2.140	0.000	-0.044	-0.122
2.150	0.000	-0.044	-0.127
2.160	0.000	-0.039	-0.142
2.170	0.000	-0.039	-0.127
2.180	0.000	-0.039	-0.112
2.190	0.000	-0.039	-0.117
2.200	0.000	-0.039	-0.122
2.210	0.000	-0.039	-0.132
2.220	0.000	-0.039	-0.147
2.230	0.000	-0.034	-0.161
2.240	0.000	-0.034	-0.166
2.250	0.000	-0.029	-0.112
2.260	0.000	-0.029	-0.112
2.270	0.000	-0.029	-0.107
2.280	0.000	-0.034	-0.107
2.290	0.000	-0.034	-0.142
2.300	0.000	-0.034	-0.166
2.310	0.000	-0.029	-0.181
2.320	0.000	-0.024	-0.142
2.330	0.000	-0.029	-0.107
2.340	0.000	-0.024	-0.107
2.350	0.000	-0.024	-0.107
2.360	0.000	-0.020	-0.112
2.370	0.000	-0.024	-0.107
2.380	0.000	-0.024	-0.112
2.390	0.000	-0.024	-0.112
2.400	0.000	-0.024	-0.107
2.410	0.000	-0.024	-0.112
2.420	0.000	-0.024	-0.107
2.430	0.000	-0.020	-0.112
2.440	0.000	-0.024	-0.107
2.450	0.000	-0.024	-0.112
2.460	0.000	-0.024	-0.122
2.470	0.000	-0.024	-0.127
2.480	0.000	-0.020	-0.127
2.490	0.000	-0.024	-0.112
2.500	0.000	-0.020	-0.117
2.510	0.000	-0.020	-0.107
2.520	0.000	-0.024	-0.112
2.530	0.000	-0.020	-0.147
2.540	0.000	-0.020	-0.137
2.550	0.000	-0.020	-0.112
2.560	0.000	-0.020	-0.107
2.570	0.000	-0.020	-0.112
2.580	0.000	-0.020	-0.107
2.590	0.000	-0.020	-0.112
2.600	0.000	-0.020	-0.112
2.610	0.000	-0.020	-0.107
2.620	0.000	-0.020	-0.117
2.630	0.000	-0.020	-0.117
2.640	0.000	-0.020	-0.122
2.650	0.000	-0.020	-0.127
2.660	0.000	-0.020	-0.137
2.670	0.000	-0.015	-0.137
2.680	0.000	-0.015	-0.137
2.690	0.000	-0.015	-0.107
2.700	0.000	-0.015	-0.112
2.710	0.000	-0.015	-0.112
2.720	0.000	-0.015	-0.112
2.730	0.000	-0.015	-0.107
2.740	0.000	-0.015	-0.107
2.750	0.000	-0.020	-0.112
2.760	0.000	-0.015	-0.166
2.770	0.000	-0.015	-0.171
2.780	0.000	-0.010	-0.137
2.790	0.000	-0.015	-0.112
2.800	0.000	-0.015	-0.112
2.810	0.000	-0.015	-0.112
2.820	0.000	-0.010	-0.107
2.830	0.000	-0.015	-0.112
2.840	0.000	-0.015	-0.117
2.850	0.000	-0.015	-0.117
2.860	0.000	-0.015	-0.122
2.870	0.000	-0.010	-0.117
2.880	0.000	-0.010	-0.112
2.890	0.000	-0.010	-0.112
2.900	0.000	-0.010	-0.112
2.910	0.000	-0.015	-0.112
2.920	0.000	-0.010	-0.127
2.930	0.000	-0.015	-0.122
2.940	0.000	-0.010	-0.117
2.950	0.000	-0.010	-0.112
2.960	0.000	-0.010	-0.112
2.970	0.000	-0.010	-0.107
2.980	0.000	-0.010	-0.103
2.990	0.000	-0.010	-0.112
3.000	0.000	-0.010	-0.117
3.010	0.000	-0.010	-0.107
3.020	0.000	-0.010	-0.112
3.030	0.000	-0.010	-0.112
3.040	0.000	-0.010	-0.112
3.050	0.000	-0.010	-0.112
3.060	0.000	-0.010	-0.112
3.070	0.000	-0.010	-0.112
3.080	0.000	-0.010	-0.107
3.090	0.000	-0.010	-0.112
3.100	0.000	-0.010	-0.107
3.110	0.000	-0.010	-0.103
3.120	0.000	-0.010	-0.107
3.130	0.000	-0.010	-0.112
3.140	0.000	-0.010	-0.112
3.150	0.000	-0.005	-0.112
3.160	0.000	-0.010	-0.112
3.170	0.000	-0.010	-0.117
3.180	0.000	-0.010	-0.137
3.190	0.000	-0.005	-0.137
3.200	0.000	-0.010	-0.122
3.210	0.000	-0.005	-0.112
3.220	0.000	-0.005	-0.112
3.230	0.000	-0.010	-0.112
3.240	0.000	-0.005	-0.122
3.250	0.000	-0.010	-0.147
3.260	0.000	-0.005	-0.132
3.270	0.000	0.000	-0.107
3.280	0.000	-0.005	-0.107
3.290	0.000	-0.005	-0.107
3.300	0.000	-0.005	-0.112
3.310	0.000	-0.005	-0.112
3.320	0.000	0.000	-0.107
3.330	0.000	-0.005	-0.112
3.340	0.000	-0.005	-0.112
3.350	0.000	-0.005	-0.107
3.360	0.000	-0.005	-0.112
3.370	0.000	-0.005	-0.112
3.380	0.000	-0.005	-0.107
3.390	0.000	-0.005	-0.112
3.400	0.000	-0.005	-0.112
3.410	0.000	-0.005	-0.112
3.420	0.000	-0.005	-0.112
3.430	0.000	-0.005	-0.112
3.440	0.000	-0.005	-0.112
3.450	0.000	-0.005	-0.112
3.460	0.000	-0.005	-0.107
3.470	0.000	-0.005	-0.103
3.480	0.000	-0.005	-0.107
3.490	0.000	-0.005	-0.112
3.500	0.000	-0.005	-0.112
3.510	0.000	-0.005	-0.107
3.520	0.000	-0.005	-0.112
3.530	0.000	-0.005	-0.112
3.540	0.000	-0.005	-0.112
3.550	0.000	-0.005	-0.107
3.560	0.000	-0.005	-0.112
3.570	0.000	-0.005	-0.112
3.580	0.000	-0.005	-0.112
3.590	0.000	-0.005	-0.112
3.600	0.000	-0.005	-0.107
3.610	0.000	0.000	-0.112
3.620	0.000	0.000	-0.112
3.630	0.000	-0.005	-0.107
3.640	0.000	-0.005	-0.122
3.650	0.000	-0.005	-0.132
3.660	0.000	0.000	-0.117
3.670	0.000	0.000	-0.103
3.680	0.000	-0.005	-0.112
3.690	0.000	0.000	-0.117
3.700	0.000	0.000	-0.112
3.710	0.000	0.000	-0.112
3.720	0.000	-0.005	-0.112
3.730	0.000	0.000	-0.117
3.740	0.000	0.000	-0.112
3.750	0.000	0.000	-0.112
3.760	0.000	-0.005	-0.107
3.770	0.000	0.000	-0.112
3.780	0.000	0.000	-0.112
3.790	0.000	-0.005	-0.107
3.800	0.000	-0.005	-0.122
3.810	0.000	0.000	-0.127
3.820	0.000	0.000	-0.122
3.830	0.000	0.000	-0.107
3.840	0.000	0.000	-0.107
3.850	0.000	0.000	-0.112
3.860	0.000	0.000	-0.112
3.870	0.000	0.005	-0.107
3.880	0.000	0.000	-0.112
3.890	0.000	0.005	-0.107
3.900	0.000	0.000	-0.112
3.910	0.000	0.000	-0.112
3.920	0.000	0.000	-0.107
3.930	0.000	0.000	-0.112
3.940	0.000	0.000	-0.112
3.950	0.000	0.000	-0.107
3.960	0.000	0.005	-0.112
3.970	0.000	0.000	-0.112
3.980	0.000	0.000	-0.112
3.990	0.000	0.000	-0.112
4.000	0.000	0.000	-0.107
4.010	0.000	0.000	-0.112
4.020	0.000	0.005	-0.112
4.030	0.000	0.000	-0.112
4.040	0.000	0.000	-0.103
4.050	0.000	0.000	-0.112
4.060	0.000	0.000	-0.112
4.070	0.000	0.000	-0.112
4.080	0.000	0.000	-0.112
4.090	0.000	0.000	-0.112
4.100	0.000	0.000	-0.112
4.110	0.000	0.000	-0.112
4.120	0.000	0.000	-0.112
4.130	0.000	0.000	-0.112
4.140	0.000	0.000	-0.112
4.150	0.000	0.000	-0.107
4.160	0.000	0.000	-0.112
4.170	0.000	0.000	-0.107
4.180	0.000	0.005	-0.107
4.190	0.000	0.000	-0.107
4.200	0.000	0.000	-0.107
4.210	0.000	0.000	-0.112
4.220	0.000	0.000	-0.112
4.230	0.000	0.000	-0.112
4.240	0.000	0.000	-0.112
4.250	0.000	0.005	-0.107
4.260	0.000	0.000	-0.107
4.270	0.000	0.000	-0.112
4.280	0.000	0.000	-0.117
4.290	0.000	0.005	-0.112
4.300	0.000	0.000	-0.107
4.310	0.000	0.000	-0.107
4.320	0.000	0.000	-0.112
4.330	0.000	0.005	-0.112
4.340	0.000	0.000	-0.112
4.350	0.000	0.000	-0.112
4.360	0.000	0.000	-0.112
4.370	0.000	0.000	-0.107
4.380	0.000	0.005	-0.112
4.390	0.000	0.000	-0.112
4.400	0.000	0.000	-0.117
4.410	0.000	0.000	-0.107
4.420	0.000	0.005	-0.112
4.430	0.000	0.000	-0.107
4.440	0.000	0.000	-0.107
4.450	0.000	0.000	-0.112
4.460	0.000	0.000	-0.107
4.470	0.000	0.000	-0.112
4.480	0.000	0.000	-0.112
4.490	0.000	0.000	-0.107
4.500	0.000	0.000	-0.112
4.510	0.000	0.000	-0.112
4.520	0.000	0.000	-0.112
4.530	0.000	0.000	-0.107
4.540	0.000	0.000	-0.107
4.550	0.000	0.000	-0.112
4.560	0.000	0.000	-0.107
4.570	0.000	0.000	-0.112
4.580	0.000	0.000	-0.112
4.590	0.000	0.005	-0.107
4.600	0.000	0.005	-0.107
4.610	0.000	0.000	-0.112
4.620	0.000	0.000	-0.112
4.630	0.000	0.000	-0.112
4.640	0.000	0.000	-0.112
4.650	0.000	0.000	-0.107
4.660	0.000	0.000	-0.107
4.670	0.000	0.000	-0.107
4.680	0.000	0.000	-0.112
4.690	0.000	0.000	-0.107
4.700	0.000	0.000	-0.112
4.710	0.000	0.000	-0.112
4.720	0.000	0.000	-0.112
4.730	0.000	0.000	-0.112
4.740	0.000	0.000	-0.112
4.750	0.000	0.000	-0.112
4.760	0.000	0.000	-0.112
4.770	0.000	0.000	-0.112
4.780	0.000	0.000	-0.107
4.790	0.000	0.000	-0.103
4.800	0.000	0.000	-0.112
4.810	0.000	0.005	-0.112
4.820	0.000	0.000	-0.112
4.830	0.000	0.000	-0.107
4.840	0.000	0.000	-0.112
4.850	0.000	0.000	-0.112
4.860	0.000	0.000	-0.107
4.870	0.000	0.000	-0.103
4.880	0.000	0.000	-0.112
4.890	0.000	0.000	-0.107
4.900	0.000	0.000	-0.107
4.910	0.000	0.000	-0.112
4.920	0.000	0.005	-0.107
4.930	0.000	0.000	-0.107
4.940	0.000	0.000	-0.107
4.950	0.000	0.000	-0.107
4.960	0.000	0.000	-0.112
4.970	0.000	0.000	-0.112
4.980	0.000	0.000	-0.112
4.990	0.000	0.000	-0.107
5.000	0.000	0.000	-0.112
5.010	0.000	0.000	-0.112
5.020	0.000	0.000	-0.112
5.030	0.000	0.000	-0.112
5.040	0.000	-0.005	-0.107
5.050	0.000	0.005	-0.117
5.060	0.000	0.000	-0.112
5.070	0.000	0.000	-0.117
5.080	0.000	0.000	-0.112
5.090	0.000	0.000	-0.112
5.100	0.000	0.005	-0.107
5.110	0.000	0.005	-0.112
5.120	0.000	0.000	-0.112
5.130	0.000	0.000	-0.107
5.140	0.000	0.000	-0.112
5.150	0.000	0.000	-0.107
5.160	0.000	0.000	-0.107
5.170	0.000	0.005	-0.107
5.180	0.000	0.005	-0.112
5.190	0.000	0.000	-0.112
5.200	0.000	0.000	-0.112
5.210	0.000	0.000	-0.112
5.220	0.000	0.000	-0.112
5.230	0.000	0.000	-0.107
5.240	0.000	0.000	-0.112
5.250	0.000	0.000	-0.112
5.260	0.000	0.000	-0.112
5.270	0.000	0.000	-0.112
5.280	0.000	0.000	-0.107
5.290	0.000	0.000	-0.112
5.300	0.000	0.000	-0.107
5.310	0.000	0.005	-0.112
5.320	0.000	0.000	-0.107
5.330	0.000	0.000	-0.112
5.340	0.000	0.000	-0.112
5.350	0.000	0.005	-0.112
5.360	0.000	0.000	-0.107
5.370	0.000	0.000	-0.107
5.380	0.000	0.000	-0.107
5.390	0.000	0.000	-0.107
5.400	0.000	0.000	-0.112
5.410	0.000	0.000	-0.112
5.420	0.000	0.000	-0.112
5.430	0.000	0.005	-0.112
5.440	0.000	0.000	-0.103
5.450	0.000	0.000	-0.112
5.460	0.000	0.000	-0.107
5.470	0.000	0.000	-0.112
5.480	0.000	0.000	-0.112
5.490	0.000	0.000	-0.107
5.500	0.000	0.000	-0.107
5.510	0.000	0.000	-0.112
5.520	0.000	0.000	-0.117
5.530	0.000	0.000	-0.112
5.540	0.000	0.000	-0.112
5.550	0.000	0.000	-0.107
5.560	0.000	0.005	-0.107
5.570	0.000	0.000	-0.112
5.580	0.000	0.000	-0.107
5.590	0.000	0.000	-0.103
5.600	0.000	0.000	-0.112
5.610	0.000	0.000	-0.112
5.620	0.000	0.000	-0.112
5.630	0.000	0.005	-0.107
5.640	0.000	0.000	-0.112
5.650	0.000	0.000	-0.112
5.660	0.000	0.000	-0.107
5.670	0.000	0.000	-0.107
5.680	0.000	0.000	-0.112
5.690	0.000	0.000	-0.112
5.700	0.000	0.000	-0.112
5.710	0.000	0.000	-0.107
5.720	0.000	0.000	-0.112
5.730	0.000	0.000	-0.107
5.740	0.000	0.000	-0.107
5.750	0.000	0.000	-0.107
5.760	0.000	0.000	-0.112
5.770	0.000	0.000	-0.107
5.780	0.000	0.000	-0.107
5.790	0.000	0.000	-0.117
5.800	0.000	0.000	-0.112
5.810	0.000	0.000	-0.112
5.820	0.000	0.000	-0.107
5.830	0.000	0.000	-0.112
5.840	0.000	0.000	-0.112
5.850	0.000	0.000	-0.112
5.860	0.000	0.000	-0.112
5.870	0.000	0.000	-0.112
5.880	0.000	0.000	-0.107
5.890	0.000	0.000	-0.112
5.900	0.000	0.000	-0.107
5.910	0.000	0.000	-0.112
5.920	0.000	0.000	-0.107
5.930	0.000	0.000	-0.112
5.940	0.000	0.000	-0.107
5.950	0.000	0.000	-0.112
5.960	0.000	0.000	-0.107
5.970	0.000	0.000	-0.107
5.980	0.000	0.000	-0.112
5.990	0.000	0.000	-0.112
6.000	0.000	0.000	-0.107
6.010	0.000	0.005	-0.112
6.020	0.000	0.000	-0.112
6.030	0.000	0.000	-0.112
6.040	0.000	0.000	-0.112
6.050	0.000	0.000	-0.112
6.060	0.000	0.000	-0.112
6.070	0.000	0.000	-0.107
6.080	0.000	0.005	-0.107
6.090	0.000	0.000	-0.112
6.100	0.000	0.000	-0.112
6.110	0.000	0.000	-0.107
6.120	0.000	0.000	-0.112
6.130	0.000	0.000	-0.112
6.140	0.000	0.000	-0.112
6.150	0.000	0.005	-0.112
6.160	0.000	0.000	-0.107
6.170	0.000	0.000	-0.103
6.180	0.000	0.000	-0.112
6.190	0.000	0.000	-0.112
6.200	0.000	0.000	-0.112
6.210	0.000	0.000	-0.112
6.220	0.000	0.000	-0.103
6.230	0.000	0.005	-0.112
6.240	0.000	0.005	-0.112
6.250	0.000	0.000	-0.112
6.260	0.000	0.000	-0.117
6.270	0.000	0.005	-0.107
6.280	0.000	0.000	-0.112
6.290	0.000	0.000	-0.112
6.300	0.000	0.000	-0.112
6.310	0.000	0.000	-0.107
6.320	0.000	0.000	-0.112
6.330	0.000	0.005	-0.112
6.340	0.000	0.000	-0.107
6.350	0.000	0.000	-0.112
6.360	0.000	0.000	-0.107
6.370	0.000	0.005	-0.112
6.380	0.000	0.000	-0.107
6.390	0.000	0.000	-0.107
6.400	0.000	0.005	-0.107
6.410	0.000	0.000	-0.112
6.420	0.000	0.005	-0.112
6.430	0.000	0.000	-0.107
6.440	0.000	0.005	-0.107
6.450	0.000	0.000	-0.107
6.460	0.000	0.000	-0.112
6.470	0.000	0.000	-0.112
6.480	0.000	0.000	-0.112
6.490	0.000	0.000	-0.112
6.500	1.000	0.000	-0.103
6.510	1.000	0.020	-1.588
6.520	1.000	0.088	-3.024
6.530	1.000	0.161	-3.815
6.540	1.000	0.401	-5.281
6.550	1.000	0.479	-5.559
6.560	1.000	0.640	-5.999
6.570	1.000	0.791	-6.483
6.580	1.000	0.977	-5.896
6.590	1.000	1.182	-4.143
6.600	1.000	1.285	-2.482
6.610	1.000	1.314	-0.650
6.620	1.000	1.304	1.324
6.630	1.000	1.207	2.868
6.640	1.000	1.133	2.750
6.650	1.000	1.055	1.661
6.660	1.000	1.021	0.430
6.670	1.000	1.021	-0.703
6.680	1.000	1.041	-1.153
6.690	1.000	1.080	-1.182
6.700	1.000	1.109	-0.845
6.710	1.000	1.124	-0.318
6.720	1.000	1.128	0.137
6.730	1.000	1.114	0.371
6.740	1.000	1.099	0.366
6.750	1.000	1.080	0.093
6.760	1.000	1.085	-0.220
6.770	1.000	1.080	-0.259
6.780	1.000	1.085	-0.103
6.790	1.000	1.085	-0.107
6.800	1.000	1.089	-0.103
6.810	1.000	1.089	-0.098
6.820	1.000	1.085	-0.103
6.830	1.000	1.089	-0.107
6.840	1.000	1.089	-0.103
6.850	1.000	1.089	-0.098
6.860	1.000	1.089	-0.078
6.870	1.000	1.085	-0.059
6.880	1.000	1.085	-0.078
6.890	1.000	1.085	-0.103
6.900	1.000	1.085	-0.098
6.910	1.000	1.085	-0.073
6.920	1.000	1.085	-0.054
6.930	1.000	1.080	0.005
6.940	1.000	1.080	0.015
6.950	1.000	1.075	0.015
6.960	1.000	1.070	0.029
6.970	1.000	1.065	-0.000
6.980	1.000	1.065	-0.073
6.990	1.000	1.060	-0.107
7.000	1.000	1.065	-0.107
7.010	1.000	1.065	-0.107
7.020	1.000	1.060	-0.064
7.030	1.000	1.060	-0.064
7.040	1.000	1.060	-0.083
7.050	1.000	1.060	-0.068
7.060	1.000	1.060	-0.049
7.070	1.000	1.055	-0.020
7.080	1.000	1.055	-0.005
7.090	1.000	1.050	-0.029
7.100	1.000	1.050	-0.078
7.110	1.000	1.050	-0.112
7.120	1.000	1.050	-0.107
7.130	1.000	1.050	-0.103
7.140	1.000	1.050	-0.098
7.150	1.000	1.050	-0.078
7.160	1.000	1.050	-0.073
7.170	1.000	1.050	-0.054
7.180	1.000	1.045	-0.049
7.190	1.000	1.045	-0.064
7.200	1.000	1.041	-0.098
7.210	1.000	1.041	-0.112
7.220	1.000	1.041	-0.112
7.230	1.000	1.045	-0.112
7.240	1.000	1.041	-0.064
7.250	1.000	1.041	-0.059
7.260	1.000	1.041	-0.078
7.270	1.000	1.041	-0.088
7.280	1.000	1.036	-0.078
7.290	1.000	1.036	-0.112
7.300	1.000	1.036	-0.107
7.310	1.000	1.036	-0.107
7.320	1.000	1.036	-0.103
7.330	1.000	1.036	-0.098
7.340	1.000	1.041	-0.098
7.350	1.000	1.036	-0.059
7.360	1.000	1.036	-0.039
7.370	1.000	1.036	-0.054
7.380	1.000	1.031	-0.059
7.390	1.000	1.031	-0.103
7.400	1.000	1.031	-0.107
7.410	1.000	1.031	-0.103
7.420	1.000	1.031	-0.098
7.430	1.000	1.031	-0.078
7.440	1.000	1.031	-0.068
7.450	1.000	1.026	-0.044
7.460	1.000	1.026	-0.059
7.470	1.000	1.026	-0.083
7.480	1.000	1.021	-0.083
7.490	1.000	1.021	-0.098
7.500	1.000	1.021	-0.112
7.510	1.000	1.021	-0.112
7.520	1.000	1.021	-0.107
7.530	1.000	1.021	-0.112
7.540	1.000	1.021	-0.107
7.550	1.000	1.021	-0.107
7.560	1.000	1.021	-0.098
7.570	1.000	1.021	-0.093
7.580	1.000	1.021	-0.088
7.590	1.000	1.021	-0.078
7.600	1.000	1.016	-0.064
7.610	1.000	1.016	-0.103
7.620	1.000	1.016	-0.112
7.630	1.000	1.016	-0.107
7.640	1.000	1.016	-0.107
7.650	1.000	1.016	-0.107
7.660	1.000	1.016	-0.107
7.670	1.000	1.016	-0.103
7.680	1.000	1.016	-0.098
7.690	1.000	1.016	-0.093
7.700	1.000	1.016	-0.088
7.710	1.000	1.016	-0.083
7.720	1.000	1.016	-0.078
7.730	1.000	1.016	-0.068
7.740	1.000	1.011	-0.064
7.750	1.000	1.011	-0.103
7.760	1.000	1.011	-0.107
7.770	1.000	1.011	-0.103
7.780	1.000	1.011	-0.107
7.790	1.000	1.011	-0.107
7.800	1.000	1.011	-0.103
7.810	1.000	1.011	-0.112
7.820	1.000	1.011	-0.112
7.830	1.000	1.011	-0.107
7.840	1.000	1.011	-0.112
7.850	1.000	1.011	-0.107
7.860	1.000	1.011	-0.112
7.870	1.000	1.011	-0.107
7.880	1.000	1.011	-0.103
7.890	1.000	1.011	-0.103
7.900	1.000	1.011	-0.103
7.910	1.000	1.011	-0.103
7.920	1.000	1.011	-0.098
7.930	1.000	1.011	-0.093
7.940	1.000	1.006	-0.088
7.950	1.000	1.006	-0.107
7.960	1.000	1.006	-0.107
7.970	1.000	1.006	-0.112
7.980	1.000	1.011	-0.112
7.990	1.000	1.011	-0.093
8.000	1.000	1.001	-0.054
8.010	1.000	1.001	-0.098
8.020	1.000	1.001	-0.107
8.030	1.000	1.001	-0.112
8.040	1.000	1.001	-0.112
8.050	1.000	1.001	-0.107
8.060	1.000	1.001	-0.107
8.070	1.000	1.001	-0.112
8.080	1.000	1.001	-0.107
8.090	1.000	1.001	-0.107
8.100	1.000	1.001	-0.107
8.110	1.000	1.001	-0.112
8.120	1.000	1.001	-0.112
8.130	1.000	1.001	-0.112
8.140	1.000	1.001	-0.112
8.150	1.000	1.001	-0.117
8.160	1.000	1.001	-0.112
8.170	1.000	1.001	-0.107
8.180	1.000	1.001	-0.107
8.190	1.000	1.001	-0.107
8.200	1.000	1.001	-0.103
8.210	1.000	1.001	-0.112
8.220	1.000	1.001	-0.107
8.230	1.000	1.001	-0.117
8.240	1.000	1.001	-0.112
8.250	1.000	1.001	-0.107
8.260	1.000	1.001	-0.107
8.270	1.000	1.001	-0.107
8.280	1.000	1.001	-0.112
8.290	1.000	1.001	-0.112
8.300	1.000	1.001	-0.112
8.310	1.000	1.001	-0.112
8.320	1.000	1.001	-0.107
8.330	1.000	1.001	-0.112
8.340	1.000	1.001	-0.112
8.350	1.000	1.001	-0.112
8.360	1.000	1.001	-0.107
8.370	1.000	1.001	-0.103
8.380	1.000	1.001	-0.112
8.390	1.000	1.001	-0.112
8.400	1.000	1.001	-0.103
8.410	1.000	1.001	-0.107
8.420	1.000	1.001	-0.112
8.430	1.000	1.001	-0.112
8.440	1.000	1.001	-0.112
8.450	1.000	1.001	-0.112
8.460	1.000	1.001	-0.112
8.470	1.000	1.001	-0.107
8.480	1.000	1.001	-0.107
8.490	1.000	1.001	-0.112
8.500	1.000	1.001	-0.112
8.510	1.000	1.001	-0.112
8.520	1.000	1.001	-0.112
8.530	1.000	1.001	-0.107
8.540	1.000	1.001	-0.112
8.550	1.000	1.001	-0.112
8.560	1.000	1.001	-0.112
8.570	1.000	1.001	-0.107
8.580	1.000	1.001	-0.107
8.590	1.000	1.001	-0.112
8.600	1.000	1.001	-0.107
8.610	1.000	1.001	-0.112
8.620	1.000	1.001	-0.112
8.630	1.000	1.001	-0.107
8.640	1.000	1.001	-0.112
8.650	1.000	1.001	-0.112
8.660	1.000	1.001	-0.107
8.670	1.000	1.001	-0.112
8.680	1.000	1.001	-0.107
8.690	1.000	1.001	-0.112
8.700	1.000	1.001	-0.107
8.710	1.000	1.001	-0.107
8.720	1.000	1.001	-0.112
8.730	1.000	1.001	-0.112
8.740	1.000	1.001	-0.112
8.750	1.000	1.001	-0.107
8.760	1.000	1.001	-0.112
8.770	1.000	1.001	-0.103
8.780	1.000	1.001	-0.107
8.790	1.000	1.001	-0.107
8.800	1.000	1.001	-0.107
8.810	1.000	1.001	-0.112
8.820	1.000	1.001	-0.112
8.830	1.000	1.001	-0.112
8.840	1.000	1.001	-0.112
8.850	1.000	1.001	-0.112
8.860	1.000	1.001	-0.107
8.870	1.000	1.001	-0.107
8.880	1.000	1.001	-0.107
8.890	1.000	1.001	-0.107
8.900	1.000	1.001	-0.107
8.910	1.000	1.001	-0.107
8.920	1.000	1.001	-0.112
8.930	1.000	1.001	-0.112
8.940	1.000	1.001	-0.107
8.950	1.000	1.001	-0.112
8.960	1.000	1.001	-0.107
8.970	1.000	1.001	-0.117
8.980	1.000	1.001	-0.107
8.990	1.000	1.001	-0.112
9.000	1.000	1.001	-0.107
9.010	1.000	1.001	-0.112
9.020	1.000	1.001	-0.107
9.030	1.000	1.001	-0.112
9.040	1.000	1.001	-0.112
9.050	1.000	1.001	-0.112
9.060	1.000	1.001	-0.107
9.070	1.000	1.001	-0.107
9.080	1.000	1.001	-0.107
9.090	1.000	1.001	-0.112
9.100	1.000	1.001	-0.107
9.110	1.000	1.001	-0.112
9.120	1.000	1.001	-0.112
9.130	1.000	1.001	-0.103
9.140	1.000	1.001	-0.112
9.150	1.000	1.001	-0.112
9.160	1.000	1.001	-0.107
9.170	1.000	1.001	-0.112
9.180	1.000	1.001	-0.107
9.190	1.000	1.001	-0.112
9.200	1.000	1.001	-0.112
9.210	1.000	1.001	-0.112
9.220	1.000	1.001	-0.107
9.230	1.000	1.001	-0.107
9.240	1.000	1.001	-0.107
9.250	1.000	1.001	-0.107
9.260	1.000	1.001	-0.112
9.270	1.000	1.001	-0.107
9.280	1.000	1.001	-0.112
9.290	1.000	1.001	-0.112
9.300	1.000	1.001	-0.107
9.310	1.000	1.001	-0.117
9.320	1.000	1.001	-0.112
9.330	1.000	1.001	-0.112
9.340	1.000	1.001	-0.112
9.350	1.000	1.001	-0.117
9.360	1.000	1.001	-0.112
9.370	1.000	1.001	-0.107
9.380	1.000	1.001	-0.107
9.390	1.000	1.001	-0.112
9.400	1.000	1.001	-0.112
9.410	1.000	1.001	-0.112
9.420	1.000	1.001	-0.117
9.430	1.000	1.001	-0.112
9.440	1.000	1.001	-0.112
9.450	1.000	1.001	-0.117
9.460	1.000	1.001	-0.107
9.470	1.000	1.001	-0.112
9.480	1.000	1.001	-0.112
9.490	1.000	1.001	-0.112
9.500	1.000	1.001	-0.107
9.510	1.000	1.001	-0.107
9.520	1.000	1.001	-0.112
9.530	1.000	1.001	-0.107
9.540	1.000	1.001	-0.107
9.550	1.000	1.001	-0.107
9.560	1.000	1.001	-0.112
9.570	1.000	1.001	-0.107
9.580	1.000	1.001	-0.107
9.590	1.000	1.001	-0.107
9.600	1.000	1.001	-0.112
9.610	1.000	1.001	-0.107
9.620	1.000	1.001	-0.107
9.630	1.000	1.001	-0.112
9.640	1.000	1.001	-0.107
9.650	1.000	1.001	-0.107
9.660	1.000	1.001	-0.112
9.670	1.000	1.001	-0.107
9.680	1.000	1.001	-0.112
9.690	1.000	1.001	-0.112
9.700	1.000	1.001	-0.112
9.710	1.000	1.001	-0.112
9.720	1.000	1.001	-0.112
9.730	1.000	1.001	-0.112
9.740	1.000	1.001	-0.107
9.750	1.000	1.001	-0.112
9.760	1.000	1.001	-0.112
9.770	1.000	1.001	-0.107
9.780	1.000	1.001	-0.107
9.790	1.000	1.001	-0.107
9.800	1.000	1.001	-0.112
9.810	1.000	1.001	-0.112
9.820	1.000	1.001	-0.112
9.830	1.000	1.001	-0.107
9.840	1.000	1.001	-0.107
9.850	1.000	1.001	-0.107
9.860	1.000	1.001	-0.112
9.870	1.000	1.001	-0.107
9.880	1.000	1.001	-0.112
9.890	1.000	1.001	-0.107
9.900	1.000	1.001	-0.107
9.910	1.000	1.001	-0.112
9.920	1.000	1.001	-0.112
9.930	1.000	1.001	-0.107
9.940	1.000	1.001	-0.107
9.950	1.000	1.001	-0.107
9.960	1.000	1.001	-0.112
9.970	1.000	1.001	-0.112
9.980	1.000	1.001	-0.112
9.990	1.000	1.001	-0.112
10.000	1.000	1.001	-0.107
10.010	1.000	1.001	-0.112
10.020	1.000	1.001	-0.107
10.030	1.000	1.001	-0.107
10.040	1.000	1.001	-0.107
10.050	1.000	1.001	-0.112
10.060	1.000	1.001	-0.107
10.070	1.000	1.001	-0.107
10.080	1.000	1.001	-0.112
10.090	1.000	1.001	-0.112
10.100	1.000	1.001	-0.112
10.110	1.000	1.001	-0.107
10.120	1.000	1.001	-0.107
10.130	1.000	1.001	-0.112
10.140	1.000	1.001	-0.107
10.150	1.000	1.001	-0.112
10.160	1.000	1.001	-0.112
10.170	1.000	1.001	-0.112
10.180	1.000	1.001	-0.112
10.190	1.000	1.001	-0.112
10.200	1.000	1.001	-0.112
10.210	1.000	1.001	-0.112
10.220	1.000	1.001	-0.112
10.230	1.000	1.001	-0.112
10.240	1.000	1.001	-0.112
10.250	1.000	1.001	-0.107
10.260	1.000	1.001	-0.112
10.270	1.000	1.001	-0.107
10.280	1.000	1.001	-0.112
10.290	1.000	1.001	-0.112
10.300	1.000	1.001	-0.107
10.310	1.000	1.001	-0.112
10.320	1.000	1.001	-0.107
10.330	1.000	1.001	-0.112
10.340	1.000	1.001	-0.112
10.350	1.000	1.001	-0.112
10.360	1.000	1.001	-0.107
10.370	1.000	1.001	-0.112
10.380	1.000	1.001	-0.117
10.390	1.000	1.001	-0.107
10.400	1.000	1.001	-0.112
10.410	1.000	1.001	-0.112
10.420	1.000	1.001	-0.112
10.430	1.000	1.001	-0.107
10.440	1.000	1.001	-0.107
10.450	1.000	1.001	-0.112
10.460	1.000	1.001	-0.112
10.470	1.000	1.001	-0.107
10.480	1.000	1.001	-0.112
10.490	1.000	1.001	-0.112
10.500	1.000	1.001	-0.107
10.510	1.000	1.001	-0.107
10.520	1.000	1.001	-0.107
10.530	1.000	1.001	-0.107
10.540	1.000	1.001	-0.107
10.550	1.000	1.001	-0.107
10.560	1.000	1.001	-0.112
10.570	1.000	1.001	-0.107
10.580	1.000	1.001	-0.112
10.590	1.000	1.001	-0.107
10.600	1.000	1.001	-0.112
10.610	1.000	1.001	-0.107
10.620	1.000	1.001	-0.107
10.630	1.000	1.001	-0.107
10.640	1.000	1.001	-0.103
10.650	1.000	1.001	-0.112
10.660	1.000	1.001	-0.107
10.670	1.000	1.001	-0.107
10.680	1.000	0.997	-0.107
10.690	1.000	1.001	-0.112
10.700	1.000	0.997	-0.112
10.710	1.000	1.001	-0.107
10.720	1.000	1.001	-0.103
10.730	1.000	1.001	-0.098
10.740	1.000	0.997	-0.093
10.750	1.000	1.001	-0.112
10.760	1.000	1.001	-0.112
10.770	1.000	0.997	-0.093
10.780	1.000	0.997	-0.107
10.790	1.000	0.997	-0.107
10.800	1.000	1.001	-0.107
10.810	1.000	0.997	-0.103
10.820	1.000	0.997	-0.107
10.830	1.000	0.997	-0.107
10.840	1.000	0.997	-0.107
10.850	1.000	0.997	-0.112
10.860	1.000	0.997	-0.107
10.870	1.000	0.997	-0.107
10.880	1.000	0.997	-0.112
10.890	1.000	0.997	-0.107
10.900	1.000	0.997	-0.112
10.910	1.000	0.997	-0.112
10.920	1.000	0.997	-0.107
10.930	1.000	0.997	-0.107
10.940	1.000	0.997	-0.107
10.950	1.000	0.997	-0.112
10.960	1.000	0.997	-0.112
10.970	1.000	0.997	-0.112
10.980	1.000	0.997	-0.103
10.990	1.000	0.997	-0.112
11.000	1.000	0.997	-0.107
11.010	1.000	0.997	-0.112
11.020	1.000	0.997	-0.107
11.030	1.000	1.001	-0.112
11.040	1.000	0.997	-0.103
11.050	1.000	0.997	-0.107
11.060	1.000	1.001	-0.112
11.070	1.000	0.997	-0.103
11.080	1.000	0.997	-0.112
11.090	1.000	1.001	-0.112
11.100	1.000	0.997	-0.107
11.110	1.000	0.997	-0.112
11.120	1.000	0.997	-0.107
11.130	1.000	0.997	-0.112
11.140	1.000	0.997	-0.107
11.150	1.000	0.997	-0.107
11.160	1.000	0.997	-0.112
11.170	1.000	0.997	-0.112
11.180	1.000	0.997	-0.107
11.190	1.000	0.997	-0.107
11.200	1.000	0.997	-0.107
11.210	1.000	0.997	-0.112
11.220	1.000	1.001	-0.112
11.230	1.000	0.997	-0.107
11.240	1.000	0.997	-0.112
11.250	1.000	0.997	-0.112
11.260	1.000	0.997	-0.112
11.270	1.000	0.997	-0.107
11.280	1.000	0.997	-0.107
11.290	1.000	0.997	-0.107
11.300	1.000	0.997	-0.112
11.310	1.000	0.997	-0.112
11.320	1.000	0.997	-0.112
11.330	1.000	0.997	-0.112
11.340	1.000	0.997	-0.112
11.350	1.000	0.997	-0.112
11.360	1.000	0.997	-0.107
11.370	1.000	0.997	-0.107
11.380	1.000	0.997	-0.112
11.390	1.000	0.997	-0.112
11.400	1.000	0.997	-0.107
11.410	1.000	0.997	-0.117
11.420	1.000	0.997	-0.112
11.430	1.000	0.997	-0.107
11.440	1.000	0.997	-0.112
11.450	1.000	0.997	-0.112
11.460	1.000	0.997	-0.112
11.470	1.000	0.997	-0.112
11.480	1.000	0.997	-0.107
11.490	1.000	0.997	-0.107
11.500	1.000	0.997	-0.112
11.510	1.000	0.997	-0.107
11.520	1.000	0.997	-0.112
11.530	0.000	0.997	-0.112
11.540	0.000	0.977	1.221
11.550	0.000	0.914	2.692
11.560	0.000	0.816	3.752
11.570	0.000	0.689	4.734
11.580	0.000	0.513	5.545
11.590	0.000	0.352	6.141
11.600	0.000	0.151	6.390
11.610	0.000	-0.093	4.998
11.620	0.000	-0.288	3.854
11.630	0.000	-0.327	3.112
11.640	0.000	-0.371	-0.870
11.650	0.000	-0.347	-1.866
11.660	0.000	-0.293	-2.960
11.670	0.000	-0.195	-3.312
11.680	0.000	-0.093	-2.643
11.690	0.000	-0.034	-1.993
11.700	0.000	0.010	0.342
11.710	0.000	-0.005	0.889
11.720	0.000	-0.044	1.407
11.730	0.000	-0.093	1.080
11.740	0.000	-0.117	0.347
11.750	0.000	-0.127	-0.347
11.760	0.000	-0.122	-0.650
11.770	0.000	-0.093	-0.816
11.780	0.000	-0.073	-0.699
11.790	0.000	-0.064	-0.381
11.800	0.000	-0.059	-0.039
11.810	0.000	-0.059	0.034
11.820	0.000	-0.064	-0.005
11.830	0.000	-0.068	-0.059
11.840	0.000	-0.073	-0.137
11.850	0.000	-0.068	-0.117
11.860	0.000	-0.068	-0.112
11.870	0.000	-0.068	-0.107
11.880	0.000	-0.068	-0.107
11.890	0.000	-0.068	-0.112
11.900	0.000	-0.068	-0.112
11.910	0.000	-0.068	-0.112
11.920	0.000	-0.068	-0.112
11.930	0.000	-0.068	-0.112
11.940	0.000	-0.068	-0.117
11.950	0.000	-0.073	-0.132
11.960	0.000	-0.068	-0.181
11.970	0.000	-0.068	-0.195
11.980	0.000	-0.064	-0.191
11.990	0.000	-0.064	-0.142
12.000	0.000	-0.064	-0.112
12.010	0.000	-0.059	-0.112
12.020	0.000	-0.059	-0.112
12.030	0.000	-0.064	-0.112
12.040	0.000	-0.059	-0.156
12.050	0.000	-0.059	-0.166
12.060	0.000	-0.054	-0.156
12.070	0.000	-0.059	-0.137
12.080	0.000	-0.054	-0.147
12.090	0.000	-0.054	-0.176
12.100	0.000	-0.054	-0.156
12.110	0.000	-0.054	-0.171
12.120	0.000	-0.054	-0.186
12.130	0.000	-0.049	-0.215
12.140	0.000	-0.044	-0.195
12.150	0.000	-0.039	-0.176
12.160	0.000	-0.039	-0.112
12.170	0.000	-0.039	-0.107
12.180	0.000	-0.039	-0.112
12.190	0.000	-0.034	-0.112
12.200	0.000	-0.039	-0.112
12.210	0.000	-0.039	-0.107
12.220	0.000	-0.039	-0.122
12.230	0.000	-0.039	-0.127
12.240	0.000	-0.039	-0.127
12.250	0.000	-0.039	-0.137
12.260	0.000	-0.034	-0.142
12.270	0.000	-0.034	-0.117
12.280	0.000	-0.034	-0.112
12.290	0.000	-0.034	-0.112
12.300	0.000	-0.034	-0.112
12.310	0.000	-0.034	-0.112
12.320	0.000	-0.034	-0.122
12.330	0.000	-0.034	-0.127
12.340	0.000	-0.034	-0.142
12.350	0.000	-0.034	-0.156
12.360	0.000	-0.029	-0.166
12.370	0.000	-0.029	-0.142
12.380	0.000	-0.029	-0.107
12.390	0.000	-0.024	-0.112
12.400	0.000	-0.029	-0.107
12.410	0.000	-0.029	-0.117
12.420	0.000	-0.029	-0.122
12.430	0.000	-0.029	-0.137
12.440	0.000	-0.024	-0.147
12.450	0.000	-0.024	-0.132
12.460	0.000	-0.024	-0.112
12.470	0.000	-0.024	-0.107
12.480	0.000	-0.024	-0.112
12.490	0.000	-0.024	-0.112
12.500	0.000	-0.024	-0.112
12.510	0.000	-0.020	-0.117
12.520	0.000	-0.024	-0.103
12.530	0.000	-0.024	-0.122
12.540	0.000	-0.024	-0.137
12.550	0.000	-0.024	-0.156
12.560	0.000	-0.020	-0.161
12.570	0.000	-0.020	-0.127
12.580	0.000	-0.020	-0.112
12.590	0.000	-0.015	-0.107
12.600	0.000	-0.020	-0.103
12.610	0.000	-0.015	-0.112
12.620	0.000	-0.020	-0.112
12.630	0.000	-0.020	-0.112
12.640	0.000	-0.015	-0.112
12.650	0.000	-0.020	-0.107
12.660	0.000	-0.020	-0.112
12.670	0.000	-0.020	-0.132
12.680	0.000	-0.020	-0.151
12.690	0.000	-0.015	-0.137
12.700	0.000	-0.015	-0.127
12.710	0.000	-0.015	-0.112
12.720	0.000	-0.015	-0.112
12.730	0.000	-0.015	-0.112
12.740	0.000	-0.015	-0.107
12.750	0.000	-0.015	-0.112
12.760	0.000	-0.015	-0.112
12.770	0.000	-0.015	-0.107
12.780	0.000	-0.015	-0.107
12.790	0.000	-0.015	-0.107
12.800	0.000	-0.015	-0.117
12.810	0.000	-0.015	-0.112
12.820	0.000	-0.015	-0.112
12.830	0.000	-0.015	-0.107
12.840	0.000	-0.015	-0.107
12.850	0.000	-0.015	-0.107
12.860	0.000	-0.015	-0.112
12.870	0.000	-0.015	-0.112
12.880	0.000	-0.015	-0.117
12.890	0.000	-0.015	-0.122
12.900	0.000	-0.015	-0.127
12.910	0.000	-0.015	-0.127
12.920	0.000	-0.015	-0.127
12.930	0.000	-0.015	-0.127
12.940	0.000	-0.015	-0.127
12.950	0.000	-0.015	-0.137
12.960	0.000	-0.010	-0.137
12.970	0.000	-0.005	-0.112
12.980	0.000	-0.005	-0.107
12.990	0.000	-0.010	-0.107
13.000	0.000	-0.010	-0.117
13.010	0.000	-0.010	-0.112
13.020	0.000	-0.010	-0.107
13.030	0.000	-0.010	-0.112
13.040	0.000	-0.010	-0.103
13.050	0.000	-0.010	-0.112
13.060	0.000	-0.010	-0.107
13.070	0.000	-0.005	-0.107
13.080	0.000	-0.010	-0.112
13.090	0.000	-0.010	-0.107
13.100	0.000	-0.010	-0.122
13.110	0.000	-0.010	-0.117
13.120	0.000	-0.010	-0.107
13.130	0.000	-0.005	-0.107
13.140	0.000	-0.010	-0.112
13.150	0.000	-0.010	-0.107
13.160	0.000	-0.010	-0.127
13.170	0.000	-0.005	-0.127
13.180	0.000	-0.005	-0.117
13.190	0.000	-0.005	-0.107
13.200	0.000	-0.005	-0.112
13.210	0.000	-0.010	-0.112
13.220	0.000	-0.005	-0.122
13.230	0.000	-0.005	-0.107
13.240	0.000	-0.005	-0.107
13.250	0.000	-0.005	-0.112
13.260	0.000	-0.005	-0.112
13.270	0.000	-0.005	-0.107
13.280	0.000	-0.005	-0.103
13.290	0.000	-0.005	-0.112
13.300	0.000	-0.005	-0.107
13.310	0.000	-0.005	-0.112
13.320	0.000	-0.005	-0.107
13.330	0.000	-0.005	-0.107
13.340	0.000	-0.005	-0.107
13.350	0.000	-0.005	-0.107
13.360	0.000	-0.005	-0.107
13.370	0.000	-0.010	-0.112
13.380	0.000	-0.005	-0.151
13.390	0.000	-0.005	-0.142
13.400	0.000	-0.005	-0.112
13.410	0.000	-0.005	-0.107
13.420	0.000	-0.005	-0.112
13.430	0.000	0.000	-0.107
13.440	0.000	-0.005	-0.112
13.450	0.000	-0.005	-0.107
13.460	0.000	-0.005	-0.112
13.470	0.000	-0.005	-0.112
13.480	0.000	-0.005	-0.107
13.490	0.000	-0.005	-0.107
13.500	0.000	-0.005	-0.112
13.510	0.000	-0.005	-0.112
13.520	0.000	-0.005	-0.112
13.530	0.000	-0.005	-0.107
13.540	0.000	-0.005	-0.107
13.550	0.000	-0.005	-0.112
13.560	0.000	-0.005	-0.112
13.570	0.000	-0.005	-0.112
13.580	0.000	0.000	-0.112
13.590	0.000	-0.005	-0.103
13.600	0.000	0.000	-0.112
13.610	0.000	-0.005	-0.112
13.620	0.000	-0.005	-0.112
13.630	0.000	-0.005	-0.112
13.640	0.000	-0.005	-0.112
13.650	0.000	-0.005	-0.112
13.660	0.000	0.000	-0.112
13.670	0.000	0.000	-0.112
13.680	0.000	0.000	-0.107
13.690	0.000	-0.005	-0.117
13.700	0.000	-0.005	-0.112
13.710	0.000	0.000	-0.122
13.720	0.000	0.000	-0.107
13.730	0.000	0.000	-0.112
13.740	0.000	-0.005	-0.107
13.750	0.000	0.000	-0.112
13.760	0.000	0.000	-0.112
13.770	0.000	-0.005	-0.112
13.780	0.000	-0.005	-0.112
13.790	0.000	0.000	-0.117
13.800	0.000	0.000	-0.112
13.810	0.000	0.000	-0.112
13.820	0.000	-0.005	-0.107
13.830	0.000	0.000	-0.112
13.840	0.000	0.000	-0.107
13.850	0.000	0.000	-0.112
13.860	0.000	0.000	-0.112
13.870	0.000	0.000	-0.112
13.880	0.000	0.000	-0.117
13.890	0.000	0.000	-0.112
13.900	0.000	0.000	-0.112
13.910	0.000	0.000	-0.112
13.920	0.000	-0.005	-0.112
13.930	0.000	0.000	-0.112
13.940	0.000	-0.005	-0.103
13.950	0.000	0.000	-0.112
13.960	0.000	0.000	-0.112
13.970	0.000	0.000	-0.107
13.980	0.000	0.000	-0.107
13.990	0.000	0.000	-0.107
14.000	0.000	0.000	-0.112
14.010	0.000	0.000	-0.112
14.020	0.000	0.000	-0.107
14.030	0.000	0.000	-0.107
14.040	0.000	-0.005	-0.107
14.050	0.000	0.000	-0.112
14.060	0.000	0.000	-0.112
14.070	0.000	0.000	-0.112
14.080	0.000	0.000	-0.112
14.090	0.000	0.000	-0.112
14.100	0.000	0.000	-0.112
14.110	0.000	0.000	-0.107
14.120	0.000	0.000	-0.112
14.130	0.000	0.000	-0.107
14.140	0.000	0.000	-0.112
14.150	0.000	0.000	-0.112
14.160	0.000	-0.005	-0.107
14.170	0.000	0.000	-0.112
14.180	0.000	0.000	-0.112
14.190	0.000	0.000	-0.107
14.200	0.000	0.000	-0.107
14.210	0.000	0.005	-0.107
14.220	0.000	0.000	-0.112
14.230	0.000	0.000	-0.112
14.240	0.000	0.000	-0.112
14.250	0.000	0.000	-0.107
14.260	0.000	-0.005	-0.107
14.270	0.000	0.000	-0.117
14.280	0.000	0.000	-0.112
14.290	0.000	0.000	-0.112
14.300	0.000	0.000	-0.112
14.310	0.000	0.000	-0.112
14.320	0.000	0.000	-0.112
14.330	0.000	0.000	-0.112
14.340	0.000	0.000	-0.112
14.350	0.000	0.000	-0.107
14.360	0.000	0.000	-0.112
14.370	0.000	0.000	-0.112
14.380	0.000	0.000	-0.107
14.390	0.000	0.000	-0.112
14.400	0.000	0.000	-0.107
14.410	0.000	0.000	-0.112
14.420	0.000	0.000	-0.107
14.430	0.000	0.000	-0.107
14.440	0.000	0.000	-0.112
14.450	0.000	0.000	-0.112
14.460	0.000	0.000	-0.103
