0.010	0.000	-0.015	-0.112
0.020	0.000	-0.015	-0.112
0.030	0.000	-0.020	-0.112
0.040	0.000	-0.015	-0.117
0.050	0.000	-0.015	-0.107
0.060	0.000	-0.015	-0.107
0.070	0.000	-0.015	-0.107
0.080	0.000	-0.015	-0.112
0.090	0.000	-0.020	-0.112
0.100	0.000	-0.015	-0.122
0.110	0.000	-0.015	-0.107
0.120	0.000	-0.015	-0.112
0.130	0.000	-0.020	-0.112
0.140	0.000	-0.015	-0.122
0.150	0.000	-0.015	-0.112
0.160	0.000	-0.015	-0.107
0.170	0.000	-0.015	-0.103
0.180	0.000	-0.015	-0.107
0.190	0.000	-0.015	-0.112
0.200	0.000	-0.015	-0.112
0.210	0.000	-0.015	-0.112
0.220	0.000	-0.015	-0.112
0.230	0.000	-0.015	-0.112
0.240	0.000	-0.015	-0.107
0.250	0.000	-0.015	-0.112
0.260	0.000	-0.015	-0.112
0.270	0.000	-0.015	-0.112
0.280	0.000	-0.015	-0.112
0.290	0.000	-0.015	-0.107
0.300	0.000	-0.015	-0.112
0.310	0.000	-0.015	-0.117
0.320	0.000	-0.015	-0.117
0.330	0.000	-0.015	-0.122
0.340	0.000	-0.015	-0.122
0.350	0.000	-0.015	-0.117
0.360	0.000	-0.015	-0.122
0.370	0.000	-0.015	-0.122
0.380	0.000	-0.010	-0.122
0.390	0.000	-0.015	-0.112
0.400	0.000	-0.015	-0.117
0.410	0.000	-0.015	-0.112
0.420	0.000	-0.015	-0.117
0.430	0.000	-0.015	-0.122
0.440	0.000	-0.015	-0.117
0.450	0.000	-0.015	-0.122
0.460	0.000	-0.015	-0.122
0.470	0.000	-0.010	-0.127
0.480	0.000	-0.010	-0.112
0.490	0.000	-0.010	-0.107
0.500	0.000	-0.010	-0.112
0.510	0.000	-0.010	-0.112
0.520	0.000	-0.015	-0.107
0.530	0.000	-0.015	-0.112
0.540	0.000	-0.010	-0.122
0.550	0.000	-0.010	-0.112
0.560	0.000	-0.010	-0.107
0.570	0.000	-0.015	-0.112
0.580	0.000	-0.010	-0.117
0.590	0.000	-0.010	-0.112
0.600	0.000	-0.010	-0.112
0.610	0.000	-0.015	-0.112
0.620	0.000	-0.010	-0.112
0.630	0.000	-0.010	-0.112
0.640	0.000	-0.010	-0.112
0.650	0.000	-0.010	-0.107
0.660	0.000	-0.015	-0.112
0.670	0.000	-0.010	-0.117
0.680	0.000	-0.010	-0.112
0.690	0.000	-0.010	-0.107
0.700	0.000	-0.010	-0.112
0.710	0.000	-0.010	-0.112
0.720	0.000	-0.010	-0.112
0.730	0.000	-0.010	-0.107
0.740	0.000	-0.010	-0.107
0.750	0.000	-0.010	-0.112
0.760	0.000	-0.010	-0.107
0.770	0.000	-0.010	-0.107
0.780	0.000	-0.010	-0.112
0.790	0.000	-0.010	-0.112
0.800	0.000	-0.010	-0.112
0.810	0.000	-0.010	-0.107
0.820	0.000	-0.010	-0.112
0.830	0.000	-0.010	-0.112
0.840	0.000	-0.010	-0.112
0.850	0.000	-0.010	-0.112
0.860	0.000	-0.005	-0.107
0.870	0.000	-0.010	-0.107
0.880	0.000	-0.010	-0.112
0.890	0.000	-0.010	-0.117
0.900	0.000	-0.010	-0.117
0.910	0.000	-0.010	-0.112
0.920	0.000	-0.010	-0.117
0.930	0.000	-0.005	-0.117
0.940	0.000	-0.010	-0.112
0.950	0.000	-0.010	-0.112
0.960	0.000	-0.010	-0.112
0.970	0.000	-0.005	-0.122
0.980	0.000	-0.005	-0.112
0.990	0.000	-0.010	-0.107
1.000	0.000	-0.005	-0.112
1.010	0.000	-0.005	-0.112
1.020	0.000	-0.005	-0.107
1.030	0.000	-0.005	-0.112
1.040	0.000	-0.005	-0.107
1.050	0.000	-0.005	-0.112
1.060	0.000	-0.005	-0.107
1.070	0.000	-0.005	-0.112
1.080	0.000	-0.010	-0.112
1.090	0.000	-0.005	-0.117
1.100	0.000	-0.005	-0.112
1.110	0.000	-0.005	-0.112
1.120	0.000	-0.005	-0.112
1.130	0.000	-0.005	-0.112
1.140	0.000	-0.005	-0.107
1.150	0.000	-0.005	-0.107
1.160	0.000	-0.005	-0.112
1.170	0.000	-0.005	-0.112
1.180	0.000	-0.005	-0.112
1.190	0.000	-0.005	-0.112
1.200	0.000	-0.005	-0.112
1.210	0.000	-0.005	-0.112
1.220	0.000	-0.005	-0.112
1.230	0.000	-0.010	-0.107
1.240	0.000	-0.010	-0.117
1.250	0.000	-0.005	-0.127
1.260	0.000	-0.005	-0.122
1.270	0.000	-0.005	-0.112
1.280	0.000	-0.005	-0.107
1.290	0.000	-0.005	-0.107
1.300	0.000	-0.005	-0.107
1.310	0.000	-0.005	-0.107
1.320	0.000	-0.005	-0.112
1.330	0.000	-0.005	-0.112
1.340	0.000	-0.005	-0.112
1.350	0.000	-0.005	-0.107
1.360	0.000	-0.005	-0.107
1.370	0.000	-0.005	-0.103
1.380	0.000	-0.005	-0.112
1.390	0.000	-0.005	-0.112
1.400	0.000	-0.005	-0.112
1.410	0.000	-0.005	-0.107
1.420	0.000	-0.005	-0.112
1.430	0.000	-0.005	-0.112
1.440	0.000	-0.005	-0.107
1.450	0.000	-0.005	-0.112
1.460	0.000	-0.005	-0.112
1.470	0.000	-0.005	-0.112
1.480	0.000	-0.005	-0.103
1.490	0.000	-0.005	-0.112
1.500	0.000	-0.005	-0.103
1.510	0.000	-0.005	-0.107
1.520	0.000	-0.005	-0.107
1.530	0.000	-0.005	-0.112
1.540	0.000	-0.005	-0.112
1.550	0.000	-0.005	-0.112
1.560	0.000	-0.005	-0.112
1.570	0.000	-0.005	-0.112
1.580	0.000	-0.005	-0.112
1.590	0.000	-0.005	-0.112
1.600	0.000	-0.005	-0.112
1.610	0.000	-0.005	-0.112
1.620	0.000	-0.005	-0.107
1.630	0.000	-0.005	-0.107
1.640	0.000	-0.005	-0.107
1.650	0.000	-0.005	-0.107
1.660	0.000	-0.005	-0.112
1.670	0.000	-0.005	-0.107
1.680	0.000	-0.005	-0.112
1.690	0.000	-0.005	-0.112
1.700	0.000	-0.005	-0.112
1.710	0.000	-0.005	-0.107
1.720	0.000	-0.005	-0.112
1.730	0.000	-0.005	-0.112
1.740	0.000	-0.005	-0.112
1.750	0.000	-0.005	-0.112
1.760	0.000	-0.005	-0.117
1.770	0.000	-0.005	-0.112
1.780	0.000	-0.005	-0.107
1.790	0.000	-0.005	-0.112
1.800	0.000	-0.005	-0.112
1.810	0.000	-0.005	-0.112
1.820	0.000	-0.005	-0.107
1.830	0.000	-0.005	-0.107
1.840	0.000	-0.005	-0.112
1.850	0.000	-0.005	-0.112
1.860	0.000	-0.005	-0.117
1.870	0.000	-0.005	-0.112
1.880	0.000	-0.005	-0.112
1.890	0.000	-0.005	-0.117
1.900	0.000	-0.005	-0.112
1.910	0.000	-0.005	-0.112
1.920	0.000	0.000	-0.112
1.930	0.000	-0.005	-0.112
1.940	0.000	-0.005	-0.117
1.950	0.000	0.000	-0.112
1.960	0.000	0.000	-0.107
1.970	0.000	0.000	-0.112
1.980	0.000	0.000	-0.107
1.990	0.000	-0.005	-0.103
2.000	0.000	-0.005	-0.112
2.010	0.000	-0.005	-0.107
2.020	0.000	-0.005	-0.117
2.030	0.000	0.000	-0.112
2.040	0.000	-0.005	-0.112
2.050	0.000	0.000	-0.107
2.060	0.000	-0.005	-0.112
2.070	0.000	-0.005	-0.112
2.080	0.000	0.000	-0.112
2.090	0.000	0.000	-0.107
2.100	0.000	0.000	-0.112
2.110	0.000	-0.005	-0.112
2.120	0.000	-0.005	-0.112
2.130	0.000	-0.005	-0.107
2.140	0.000	-0.005	-0.112
2.150	0.000	0.000	-0.112
2.160	0.000	-0.005	-0.112
2.170	0.000	0.000	-0.112
2.180	0.000	0.000	-0.107
2.190	0.000	-0.005	-0.117
2.200	0.000	0.000	-0.112
2.210	0.000	0.000	-0.112
2.220	0.000	0.000	-0.112
2.230	0.000	0.000	-0.112
2.240	0.000	0.000	-0.107
2.250	0.000	0.000	-0.112
2.260	0.000	-0.005	-0.107
2.270	0.000	0.000	-0.107
2.280	0.000	0.000	-0.112
2.290	0.000	0.000	-0.112
2.300	0.000	0.000	-0.107
2.310	0.000	-0.005	-0.112
2.320	0.000	0.000	-0.112
2.330	0.000	0.000	-0.112
2.340	0.000	0.000	-0.107
2.350	0.000	-0.005	-0.112
2.360	0.000	-0.005	-0.112
2.370	0.000	-0.005	-0.112
2.380	0.000	0.000	-0.112
2.390	0.000	-0.005	-0.112
2.400	0.000	-0.005	-0.112
2.410	0.000	0.000	-0.117
2.420	0.000	0.000	-0.107
2.430	0.000	0.000	-0.112
2.440	0.000	0.000	-0.112
2.450	0.000	-0.005	-0.112
2.460	0.000	0.000	-0.112
2.470	0.000	0.000	-0.103
2.480	0.000	0.000	-0.112
2.490	0.000	0.000	-0.112
2.500	0.000	0.000	-0.112
2.510	0.000	-0.005	-0.107
2.520	0.000	0.000	-0.117
2.530	0.000	0.000	-0.112
2.540	0.000	0.000	-0.112
2.550	0.000	0.000	-0.103
2.560	0.000	0.000	-0.112
2.570	0.000	0.000	-0.112
2.580	0.000	0.000	-0.107
2.590	0.000	0.000	-0.117
2.600	0.000	0.000	-0.107
2.610	0.000	0.000	-0.112
2.620	0.000	0.000	-0.112
2.630	0.000	0.000	-0.107
2.640	0.000	0.000	-0.112
2.650	0.000	0.000	-0.107
2.660	0.000	0.000	-0.112
2.670	0.000	0.000	-0.107
2.680	0.000	-0.005	-0.107
2.690	0.000	0.000	-0.117
2.700	0.000	0.000	-0.112
2.710	0.000	0.000	-0.107
2.720	0.000	0.000	-0.112
2.730	0.000	0.000	-0.107
2.740	0.000	0.000	-0.112
2.750	0.000	0.000	-0.112
2.760	0.000	0.000	-0.117
2.770	0.000	0.000	-0.112
2.780	0.000	0.000	-0.112
2.790	0.000	0.000	-0.112
2.800	0.000	0.000	-0.112
2.810	0.000	0.000	-0.112
2.820	0.000	-0.005	-0.107
2.830	0.000	0.000	-0.112
2.840	0.000	0.000	-0.112
2.850	0.000	-0.005	-0.107
2.860	0.000	0.000	-0.117
2.870	0.000	0.000	-0.112
2.880	0.000	0.000	-0.103
2.890	0.000	0.000	-0.112
2.900	0.000	0.000	-0.112
2.910	0.000	0.000	-0.112
2.920	0.000	0.000	-0.107
2.930	0.000	0.000	-0.107
2.940	0.000	0.000	-0.112
2.950	0.000	0.000	-0.107
2.960	0.000	0.000	-0.107
2.970	0.000	0.000	-0.112
2.980	0.000	0.000	-0.112
2.990	0.000	0.000	-0.107
3.000	0.000	0.000	-0.112
3.010	0.000	0.000	-0.112
3.020	0.000	0.000	-0.107
3.030	0.000	0.000	-0.112
3.040	0.000	-0.005	-0.112
3.050	0.000	0.000	-0.117
3.060	0.000	-0.005	-0.112
3.070	0.000	0.000	-0.107
3.080	0.000	0.000	-0.107
3.090	0.000	-0.005	-0.107
3.100	0.000	0.000	-0.117
3.110	0.000	0.000	-0.112
3.120	0.000	0.005	-0.107
3.130	0.000	0.000	-0.112
3.140	0.000	0.000	-0.112
3.150	0.000	0.005	-0.107
3.160	0.000	0.000	-0.112
3.170	0.000	0.000	-0.107
3.180	1.000	0.000	-0.107
3.190	1.000	-0.005	-0.166
3.200	1.000	0.005	-0.694
3.210	1.000	0.103	-3.219
3.220	1.000	0.147	-3.752
3.230	1.000	0.244	-4.455
3.240	1.000	0.415	-5.344
3.250	1.000	0.601	-5.740
3.260	1.000	0.728	-6.258
3.270	1.000	0.923	-6.688
3.280	1.000	1.177	-6.224
3.290	1.000	1.339	-5.281
3.300	1.000	1.456	-3.522
3.310	1.000	1.529	-0.288
3.320	1.000	1.514	1.158
3.330	1.000	1.456	2.736
3.340	1.000	1.314	4.123
3.350	1.000	1.216	4.538
3.360	1.000	1.001	3.947
3.370	1.000	0.923	3.390
3.380	1.000	0.835	1.676
3.390	1.000	0.806	0.274
3.400	1.000	0.816	-1.089
3.410	1.000	0.874	-2.340
3.420	1.000	0.943	-2.848
3.430	1.000	1.075	-2.887
3.440	1.000	1.133	-2.487
3.450	1.000	1.182	-1.895
3.460	1.000	1.226	-0.830
3.470	1.000	1.236	0.318
3.480	1.000	1.216	0.747
3.490	1.000	1.163	1.383
3.500	1.000	1.133	1.412
3.510	1.000	1.089	1.309
3.520	1.000	1.045	0.894
3.530	1.000	1.026	0.445
3.540	1.000	1.016	0.034
3.550	1.000	1.016	-0.269
3.560	1.000	1.021	-0.425
3.570	1.000	1.031	-0.489
3.580	1.000	1.045	-0.479
3.590	1.000	1.050	-0.410
3.600	1.000	1.060	-0.283
3.610	1.000	1.060	-0.151
3.620	1.000	1.060	-0.112
3.630	1.000	1.060	-0.112
3.640	1.000	1.060	-0.107
3.650	1.000	1.060	-0.112
3.660	1.000	1.060	-0.112
3.670	1.000	1.060	-0.112
3.680	1.000	1.060	-0.112
3.690	1.000	1.060	-0.103
3.700	1.000	1.060	-0.112
3.710	1.000	1.060	-0.112
3.720	1.000	1.060	-0.107
3.730	1.000	1.060	-0.107
3.740	1.000	1.060	-0.112
3.750	1.000	1.060	-0.107
3.760	1.000	1.060	-0.112
3.770	1.000	1.060	-0.112
3.780	1.000	1.060	-0.107
3.790	1.000	1.060	-0.112
3.800	1.000	1.060	-0.107
3.810	1.000	1.060	-0.112
3.820	1.000	1.060	-0.107
3.830	1.000	1.060	-0.112
3.840	1.000	1.060	-0.107
3.850	1.000	1.060	-0.112
3.860	1.000	1.060	-0.107
3.870	1.000	1.060	-0.107
3.880	1.000	1.060	-0.107
3.890	1.000	1.060	-0.107
3.900	1.000	1.060	-0.112
3.910	1.000	1.060	-0.107
3.920	1.000	1.060	-0.107
3.930	1.000	1.060	-0.107
3.940	1.000	1.060	-0.112
3.950	1.000	1.060	-0.107
3.960	1.000	1.060	-0.112
3.970	1.000	1.060	-0.107
3.980	1.000	1.060	-0.103
3.990	1.000	1.060	-0.093
4.000	1.000	1.060	-0.093
4.010	1.000	1.060	-0.093
4.020	1.000	1.060	-0.088
4.030	1.000	1.060	-0.088
4.040	1.000	1.060	-0.083
4.050	1.000	1.060	-0.073
4.060	1.000	1.060	-0.064
4.070	1.000	1.060	-0.054
4.080	1.000	1.060	-0.039
4.090	1.000	1.055	-0.034
4.100	1.000	1.055	-0.034
4.110	1.000	1.050	-0.059
4.120	1.000	1.050	-0.098
4.130	1.000	1.050	-0.112
4.140	1.000	1.050	-0.107
4.150	1.000	1.050	-0.107
4.160	1.000	1.045	-0.112
4.170	1.000	1.050	-0.107
4.180	1.000	1.050	-0.107
4.190	1.000	1.050	-0.107
4.200	1.000	1.050	-0.107
4.210	1.000	1.050	-0.107
4.220	1.000	1.050	-0.107
4.230	1.000	1.050	-0.107
4.240	1.000	1.050	-0.107
4.250	1.000	1.050	-0.107
4.260	1.000	1.050	-0.103
4.270	1.000	1.050	-0.098
4.280	1.000	1.050	-0.088
4.290	1.000	1.050	-0.083
4.300	1.000	1.050	-0.078
4.310	1.000	1.045	-0.073
4.320	1.000	1.050	-0.098
4.330	1.000	1.045	-0.103
4.340	1.000	1.050	-0.112
4.350	1.000	1.045	-0.112
4.360	1.000	1.045	-0.103
4.370	1.000	1.045	-0.107
4.380	1.000	1.050	-0.098
4.390	1.000	1.045	-0.093
4.400	1.000	1.045	-0.083
4.410	1.000	1.045	-0.078
4.420	1.000	1.041	-0.078
4.430	1.000	1.041	-0.078
4.440	1.000	1.041	-0.098
4.450	1.000	1.041	-0.107
4.460	1.000	1.041	-0.112
4.470	1.000	1.041	-0.107
4.480	1.000	1.041	-0.112
4.490	1.000	1.041	-0.107
4.500	1.000	1.041	-0.107
4.510	1.000	1.041	-0.107
4.520	1.000	1.041	-0.098
4.530	1.000	1.041	-0.098
4.540	1.000	1.036	-0.088
4.550	1.000	1.041	-0.103
4.560	1.000	1.041	-0.103
4.570	1.000	1.036	-0.088
4.580	1.000	1.036	-0.098
4.590	1.000	1.036	-0.107
4.600	1.000	1.036	-0.103
4.610	1.000	1.036	-0.107
4.620	1.000	1.036	-0.107
4.630	1.000	1.036	-0.098
4.640	1.000	1.036	-0.103
4.650	1.000	1.036	-0.093
4.660	1.000	1.036	-0.088
4.670	1.000	1.036	-0.088
4.680	1.000	1.036	-0.078
4.690	1.000	1.036	-0.073
4.700	1.000	1.036	-0.068
4.710	1.000	1.031	-0.064
4.720	1.000	1.031	-0.068
4.730	1.000	1.031	-0.083
4.740	1.000	1.031	-0.093
4.750	1.000	1.026	-0.103
4.760	1.000	1.031	-0.112
4.770	1.000	1.026	-0.103
4.780	1.000	1.031	-0.112
4.790	1.000	1.031	-0.103
4.800	1.000	1.031	-0.098
4.810	1.000	1.026	-0.098
4.820	1.000	1.026	-0.107
4.830	1.000	1.026	-0.112
4.840	1.000	1.031	-0.112
4.850	1.000	1.031	-0.098
4.860	1.000	1.026	-0.078
4.870	1.000	1.026	-0.083
4.880	1.000	1.026	-0.088
4.890	1.000	1.026	-0.088
4.900	1.000	1.026	-0.088
4.910	1.000	1.026	-0.083
4.920	1.000	1.026	-0.078
4.930	1.000	1.021	-0.078
4.940	1.000	1.016	-0.083
4.950	1.000	1.016	-0.098
4.960	1.000	1.021	-0.107
4.970	1.000	1.021	-0.112
4.980	1.000	1.021	-0.112
4.990	1.000	1.021	-0.107
5.000	1.000	1.016	-0.107
5.010	1.000	1.021	-0.107
5.020	1.000	1.016	-0.103
5.030	1.000	1.016	-0.112
5.040	1.000	1.016	-0.112
5.050	1.000	1.021	-0.107
5.060	1.000	1.016	-0.103
5.070	1.000	1.021	-0.107
5.080	1.000	1.016	-0.093
5.090	1.000	1.016	-0.093
5.100	1.000	1.016	-0.103
5.110	1.000	1.016	-0.107
5.120	1.000	1.016	-0.107
5.130	1.000	1.016	-0.112
5.140	1.000	1.016	-0.112
5.150	1.000	1.016	-0.107
5.160	1.000	1.016	-0.107
5.170	1.000	1.016	-0.112
5.180	1.000	1.016	-0.112
5.190	1.000	1.016	-0.112
5.200	1.000	1.021	-0.112
5.210	1.000	1.016	-0.093
5.220	1.000	1.016	-0.088
5.230	1.000	1.016	-0.088
5.240	1.000	1.016	-0.093
5.250	1.000	1.016	-0.088
5.260	1.000	1.016	-0.088
5.270	1.000	1.016	-0.093
5.280	1.000	1.011	-0.083
5.290	1.000	1.016	-0.098
5.300	1.000	1.016	-0.103
5.310	1.000	1.016	-0.098
5.320	1.000	1.011	-0.093
5.330	1.000	1.011	-0.098
5.340	1.000	1.011	-0.112
5.350	1.000	1.011	-0.107
5.360	1.000	1.016	-0.107
5.370	1.000	1.011	-0.093
5.380	1.000	1.011	-0.088
5.390	1.000	1.011	-0.098
5.400	1.000	1.011	-0.107
5.410	1.000	1.011	-0.112
5.420	1.000	1.011	-0.107
5.430	1.000	1.011	-0.107
5.440	1.000	1.011	-0.107
5.450	1.000	1.011	-0.112
5.460	1.000	1.011	-0.103
5.470	1.000	1.011	-0.107
5.480	1.000	1.011	-0.107
5.490	1.000	1.011	-0.107
5.500	1.000	1.011	-0.112
5.510	1.000	1.011	-0.112
5.520	1.000	1.011	-0.107
5.530	1.000	1.011	-0.107
5.540	1.000	1.011	-0.103
5.550	1.000	1.011	-0.107
5.560	1.000	1.011	-0.103
5.570	1.000	1.011	-0.103
5.580	1.000	1.011	-0.107
5.590	1.000	1.011	-0.112
5.600	1.000	1.011	-0.107
5.610	1.000	1.011	-0.103
5.620	1.000	1.011	-0.103
5.630	1.000	1.011	-0.098
5.640	1.000	1.006	-0.098
5.650	1.000	1.011	-0.107
5.660	1.000	1.006	-0.107
5.670	1.000	1.011	-0.112
5.680	1.000	1.006	-0.103
5.690	1.000	1.011	-0.107
5.700	1.000	1.011	-0.103
5.710	1.000	1.006	-0.103
5.720	1.000	1.006	-0.112
5.730	1.000	1.011	-0.107
5.740	1.000	1.011	-0.112
5.750	1.000	1.006	-0.107
5.760	1.000	1.006	-0.117
5.770	1.000	1.006	-0.112
5.780	1.000	1.006	-0.112
5.790	1.000	1.011	-0.112
5.800	1.000	1.006	-0.107
5.810	1.000	1.011	-0.107
5.820	1.000	1.006	-0.103
5.830	1.000	1.006	-0.098
5.840	1.000	1.006	-0.112
5.850	1.000	1.006	-0.107
5.860	1.000	1.006	-0.107
5.870	1.000	1.006	-0.112
5.880	1.000	1.006	-0.107
5.890	1.000	1.006	-0.107
5.900	1.000	1.006	-0.112
5.910	1.000	1.006	-0.112
5.920	1.000	1.006	-0.107
5.930	1.000	1.006	-0.112
5.940	1.000	1.006	-0.112
5.950	1.000	1.006	-0.112
5.960	1.000	1.006	-0.103
5.970	1.000	1.006	-0.107
5.980	1.000	1.006	-0.107
5.990	1.000	1.006	-0.112
6.000	1.000	1.006	-0.107
6.010	1.000	1.006	-0.107
6.020	1.000	1.006	-0.107
6.030	1.000	1.011	-0.112
6.040	1.000	1.006	-0.103
6.050	1.000	1.006	-0.103
6.060	1.000	1.001	-0.103
6.070	1.000	1.001	-0.107
6.080	1.000	1.001	-0.107
6.090	1.000	1.006	-0.112
6.100	1.000	1.006	-0.107
6.110	1.000	1.001	-0.112
6.120	1.000	1.006	-0.112
6.130	1.000	1.006	-0.112
6.140	1.000	1.006	-0.107
6.150	1.000	1.006	-0.107
6.160	1.000	1.006	-0.112
6.170	1.000	1.001	-0.107
6.180	1.000	1.006	-0.112
6.190	1.000	1.006	-0.107
6.200	1.000	1.006	-0.112
6.210	1.000	1.001	-0.112
6.220	1.000	1.001	-0.112
6.230	1.000	1.006	-0.107
6.240	1.000	1.006	-0.107
6.250	1.000	1.001	-0.112
6.260	1.000	1.001	-0.112
6.270	1.000	1.006	-0.107
6.280	1.000	1.001	-0.112
6.290	1.000	1.001	-0.112
6.300	1.000	1.001	-0.112
6.310	1.000	1.006	-0.107
6.320	1.000	1.006	-0.112
6.330	1.000	1.006	-0.107
6.340	1.000	1.001	-0.107
6.350	1.000	1.001	-0.107
6.360	1.000	1.001	-0.107
6.370	1.000	1.006	-0.112
6.380	1.000	1.001	-0.112
6.390	1.000	1.001	-0.112
6.400	1.000	1.001	-0.112
6.410	1.000	1.006	-0.107
6.420	1.000	1.001	-0.107
6.430	1.000	1.006	-0.112
6.440	1.000	1.006	-0.112
6.450	1.000	1.001	-0.107
6.460	1.000	1.001	-0.112
6.470	1.000	1.006	-0.112
6.480	1.000	1.006	-0.107
6.490	1.000	1.001	-0.103
6.500	1.000	1.001	-0.112
6.510	1.000	1.001	-0.112
6.520	1.000	1.001	-0.107
6.530	1.000	1.001	-0.112
6.540	1.000	1.001	-0.112
6.550	1.000	1.001	-0.112
6.560	1.000	1.006	-0.112
6.570	1.000	1.006	-0.107
6.580	1.000	1.006	-0.103
6.590	1.000	1.001	-0.098
6.600	1.000	1.001	-0.112
6.610	1.000	1.001	-0.107
6.620	1.000	1.001	-0.107
6.630	1.000	1.001	-0.117
6.640	1.000	1.001	-0.112
6.650	1.000	1.001	-0.112
6.660	1.000	1.001	-0.112
6.670	1.000	1.001	-0.112
6.680	1.000	1.001	-0.112
6.690	1.000	1.001	-0.112
6.700	1.000	1.001	-0.112
6.710	1.000	1.001	-0.112
6.720	1.000	1.001	-0.112
6.730	1.000	1.001	-0.112
6.740	1.000	1.001	-0.112
6.750	1.000	1.001	-0.112
6.760	1.000	1.001	-0.107
6.770	1.000	1.001	-0.112
6.780	1.000	1.001	-0.112
6.790	1.000	1.001	-0.107
6.800	1.000	1.001	-0.112
6.810	1.000	1.001	-0.107
6.820	1.000	1.001	-0.107
6.830	1.000	1.001	-0.112
6.840	1.000	1.001	-0.112
6.850	1.000	1.001	-0.112
6.860	1.000	1.001	-0.112
6.870	1.000	1.001	-0.107
6.880	1.000	1.001	-0.112
6.890	1.000	1.001	-0.107
6.900	1.000	1.001	-0.107
6.910	1.000	1.001	-0.112
6.920	1.000	1.001	-0.112
6.930	1.000	1.001	-0.107
6.940	1.000	1.001	-0.112
6.950	1.000	1.001	-0.112
6.960	1.000	1.001	-0.112
6.970	1.000	1.001	-0.112
6.980	1.000	1.001	-0.112
6.990	1.000	1.001	-0.112
7.000	1.000	1.006	-0.107
7.010	1.000	1.001	-0.103
7.020	1.000	1.001	-0.112
7.030	1.000	1.001	-0.107
7.040	1.000	1.001	-0.112
7.050	1.000	1.001	-0.112
7.060	1.000	1.001	-0.112
7.070	1.000	1.001	-0.107
7.080	1.000	1.001	-0.112
7.090	1.000	1.001	-0.107
7.100	1.000	1.001	-0.107
7.110	1.000	1.001	-0.112
7.120	1.000	1.006	-0.107
7.130	1.000	1.001	-0.103
7.140	1.000	1.001	-0.112
7.150	1.000	1.001	-0.107
7.160	1.000	1.001	-0.112
7.170	1.000	1.001	-0.112
7.180	1.000	1.001	-0.107
7.190	1.000	1.001	-0.112
7.200	1.000	1.001	-0.112
7.210	1.000	1.001	-0.112
7.220	1.000	1.001	-0.112
7.230	1.000	1.001	-0.107
7.240	1.000	1.001	-0.107
7.250	1.000	1.001	-0.112
7.260	1.000	1.001	-0.112
7.270	1.000	1.001	-0.112
7.280	1.000	1.001	-0.112
7.290	1.000	1.001	-0.107
7.300	1.000	1.001	-0.112
7.310	1.000	1.001	-0.112
7.320	1.000	1.001	-0.107
7.330	1.000	1.001	-0.107
7.340	1.000	1.001	-0.112
7.350	1.000	1.001	-0.112
7.360	1.000	1.001	-0.112
7.370	1.000	1.001	-0.112
7.380	1.000	1.001	-0.107
7.390	1.000	1.001	-0.112
7.400	1.000	1.001	-0.112
7.410	1.000	1.001	-0.112
7.420	1.000	1.001	-0.107
7.430	1.000	1.001	-0.112
7.440	1.000	1.001	-0.107
7.450	1.000	1.001	-0.112
7.460	1.000	1.001	-0.112
7.470	1.000	1.001	-0.107
7.480	1.000	1.001	-0.107
7.490	1.000	1.001	-0.112
7.500	1.000	1.001	-0.103
7.510	1.000	1.001	-0.112
7.520	1.000	1.001	-0.107
7.530	1.000	1.001	-0.112
7.540	1.000	1.001	-0.112
7.550	1.000	1.001	-0.107
7.560	1.000	1.001	-0.103
7.570	1.000	1.001	-0.107
7.580	1.000	1.001	-0.107
7.590	1.000	1.001	-0.112
7.600	1.000	1.001	-0.112
7.610	1.000	1.001	-0.107
7.620	1.000	1.001	-0.112
7.630	1.000	1.001	-0.112
7.640	1.000	1.001	-0.112
7.650	1.000	1.001	-0.107
7.660	1.000	1.001	-0.107
7.670	1.000	1.001	-0.107
7.680	1.000	1.001	-0.112
7.690	1.000	1.001	-0.112
7.700	1.000	1.001	-0.107
7.710	1.000	1.001	-0.112
7.720	1.000	1.001	-0.112
7.730	1.000	1.001	-0.107
7.740	1.000	1.001	-0.112
7.750	1.000	1.001	-0.107
7.760	1.000	1.001	-0.112
7.770	1.000	1.001	-0.112
7.780	1.000	1.001	-0.112
7.790	1.000	1.001	-0.112
7.800	1.000	1.001	-0.112
7.810	1.000	1.001	-0.107
7.820	1.000	1.001	-0.117
7.830	1.000	1.001	-0.107
7.840	1.000	1.001	-0.112
7.850	1.000	1.001	-0.112
7.860	1.000	1.001	-0.107
7.870	1.000	1.001	-0.117
7.880	1.000	1.001	-0.112
7.890	1.000	1.001	-0.112
7.900	1.000	1.001	-0.107
7.910	1.000	1.001	-0.117
7.920	1.000	1.001	-0.112
7.930	1.000	1.001	-0.112
7.940	1.000	1.001	-0.107
7.950	1.000	1.001	-0.107
7.960	1.000	1.001	-0.112
7.970	1.000	1.001	-0.112
7.980	1.000	1.001	-0.107
7.990	1.000	1.001	-0.107
8.000	1.000	1.001	-0.107
8.010	1.000	1.001	-0.107
8.020	1.000	1.001	-0.112
8.030	1.000	1.001	-0.107
8.040	1.000	1.001	-0.103
8.050	1.000	1.001	-0.107
8.060	1.000	1.001	-0.112
8.070	1.000	1.006	-0.107
8.080	1.000	1.001	-0.103
8.090	1.000	1.001	-0.103
8.100	1.000	1.001	-0.112
8.110	1.000	1.001	-0.112
8.120	1.000	1.001	-0.107
8.130	1.000	1.001	-0.107
8.140	1.000	1.001	-0.107
8.150	1.000	1.001	-0.112
8.160	1.000	1.001	-0.112
8.170	1.000	1.001	-0.107
8.180	1.000	1.001	-0.107
8.190	1.000	1.001	-0.112
8.200	0.000	1.001	-0.117
8.210	0.000	1.001	-0.039
8.220	0.000	0.977	1.202
8.230	0.000	0.909	2.775
8.240	0.000	0.782	4.260
8.250	0.000	0.635	5.149
8.260	0.000	0.513	5.608
8.270	0.000	0.269	6.404
8.280	0.000	0.127	6.585
8.290	0.000	-0.083	6.776
8.300	0.000	-0.293	5.569
8.310	0.000	-0.435	3.249
8.320	0.000	-0.508	0.953
8.330	0.000	-0.513	-0.816
8.340	0.000	-0.459	-2.550
8.350	0.000	-0.352	-3.972
8.360	0.000	-0.234	-4.617
8.370	0.000	-0.103	-4.343
8.380	0.000	0.029	-3.683
8.390	0.000	0.122	-2.379
8.400	0.000	0.156	-0.816
8.410	0.000	0.161	0.664
8.420	0.000	0.137	1.475
8.430	0.000	0.064	2.208
8.440	0.000	-0.010	2.369
8.450	0.000	-0.078	2.242
8.460	0.000	-0.137	1.661
8.470	0.000	-0.186	0.625
8.480	0.000	-0.191	0.156
8.490	0.000	-0.195	-0.474
8.500	0.000	-0.176	-0.909
8.510	0.000	-0.147	-1.251
8.520	0.000	-0.117	-1.304
8.530	0.000	-0.083	-1.275
8.540	0.000	-0.054	-1.031
8.550	0.000	-0.020	-0.606
8.560	0.000	-0.015	-0.191
8.570	0.000	-0.010	0.073
8.580	0.000	-0.015	0.200
8.590	0.000	-0.029	0.254
8.600	0.000	-0.044	0.220
8.610	0.000	-0.054	0.127
8.620	0.000	-0.059	-0.029
8.630	0.000	-0.059	-0.122
8.640	0.000	-0.059	-0.112
8.650	0.000	-0.059	-0.112
8.660	0.000	-0.059	-0.112
8.670	0.000	-0.054	-0.112
8.680	0.000	-0.059	-0.107
8.690	0.000	-0.059	-0.112
8.700	0.000	-0.059	-0.117
8.710	0.000	-0.059	-0.112
8.720	0.000	-0.059	-0.112
8.730	0.000	-0.059	-0.112
8.740	0.000	-0.059	-0.112
8.750	0.000	-0.059	-0.112
8.760	0.000	-0.059	-0.112
8.770	0.000	-0.059	-0.112
8.780	0.000	-0.059	-0.107
8.790	0.000	-0.059	-0.112
8.800	0.000	-0.059	-0.117
8.810	0.000	-0.059	-0.112
8.820	0.000	-0.059	-0.112
8.830	0.000	-0.059	-0.112
8.840	0.000	-0.059	-0.117
8.850	0.000	-0.059	-0.122
8.860	0.000	-0.059	-0.122
8.870	0.000	-0.059	-0.122
8.880	0.000	-0.059	-0.127
8.890	0.000	-0.059	-0.132
8.900	0.000	-0.054	-0.127
8.910	0.000	-0.059	-0.122
8.920	0.000	-0.059	-0.117
8.930	0.000	-0.054	-0.127
8.940	0.000	-0.059	-0.132
8.950	0.000	-0.054	-0.142
8.960	0.000	-0.054	-0.132
8.970	0.000	-0.054	-0.122
8.980	0.000	-0.054	-0.122
8.990	0.000	-0.054	-0.122
9.000	0.000	-0.054	-0.127
9.010	0.000	-0.054	-0.132
9.020	0.000	-0.049	-0.142
9.030	0.000	-0.054	-0.137
9.040	0.000	-0.054	-0.151
9.050	0.000	-0.049	-0.161
9.060	0.000	-0.049	-0.171
9.070	0.000	-0.044	-0.156
9.080	0.000	-0.044	-0.132
9.090	0.000	-0.044	-0.107
9.100	0.000	-0.044	-0.112
9.110	0.000	-0.039	-0.112
9.120	0.000	-0.044	-0.107
9.130	0.000	-0.044	-0.112
9.140	0.000	-0.044	-0.107
9.150	0.000	-0.044	-0.107
9.160	0.000	-0.044	-0.112
9.170	0.000	-0.044	-0.112
9.180	0.000	-0.044	-0.117
9.190	0.000	-0.044	-0.122
9.200	0.000	-0.044	-0.122
9.210	0.000	-0.044	-0.127
9.220	0.000	-0.039	-0.137
9.230	0.000	-0.039	-0.137
9.240	0.000	-0.034	-0.122
9.250	0.000	-0.034	-0.112
9.260	0.000	-0.039	-0.112
9.270	0.000	-0.034	-0.112
9.280	0.000	-0.039	-0.112
9.290	0.000	-0.039	-0.112
9.300	0.000	-0.034	-0.122
9.310	0.000	-0.039	-0.107
9.320	0.000	-0.039	-0.117
9.330	0.000	-0.034	-0.127
9.340	0.000	-0.034	-0.117
9.350	0.000	-0.039	-0.112
9.360	0.000	-0.034	-0.122
9.370	0.000	-0.034	-0.117
9.380	0.000	-0.039	-0.112
9.390	0.000	-0.034	-0.127
9.400	0.000	-0.034	-0.122
9.410	0.000	-0.034	-0.117
9.420	0.000	-0.034	-0.122
9.430	0.000	-0.034	-0.122
9.440	0.000	-0.034	-0.122
9.450	0.000	-0.034	-0.122
9.460	0.000	-0.034	-0.127
9.470	0.000	-0.034	-0.127
9.480	0.000	-0.029	-0.137
9.490	0.000	-0.029	-0.122
9.500	0.000	-0.029	-0.107
9.510	0.000	-0.029	-0.107
9.520	0.000	-0.029	-0.107
9.530	0.000	-0.029	-0.112
9.540	0.000	-0.029	-0.112
9.550	0.000	-0.029	-0.112
9.560	0.000	-0.029	-0.112
9.570	0.000	-0.029	-0.107
9.580	0.000	-0.024	-0.112
9.590	0.000	-0.029	-0.112
9.600	0.000	-0.029	-0.112
9.610	0.000	-0.029	-0.117
9.620	0.000	-0.024	-0.122
9.630	0.000	-0.024	-0.107
9.640	0.000	-0.029	-0.107
9.650	0.000	-0.024	-0.117
9.660	0.000	-0.029	-0.107
9.670	0.000	-0.024	-0.122
9.680	0.000	-0.029	-0.117
9.690	0.000	-0.024	-0.132
9.700	0.000	-0.029	-0.122
9.710	0.000	-0.024	-0.137
9.720	0.000	-0.024	-0.127
9.730	0.000	-0.024	-0.122
9.740	0.000	-0.024	-0.117
9.750	0.000	-0.024	-0.107
9.760	0.000	-0.024	-0.112
9.770	0.000	-0.024	-0.107
9.780	0.000	-0.020	-0.112
9.790	0.000	-0.020	-0.112
9.800	0.000	-0.020	-0.107
9.810	0.000	-0.024	-0.107
9.820	0.000	-0.020	-0.117
9.830	0.000	-0.024	-0.107
9.840	0.000	-0.020	-0.117
9.850	0.000	-0.024	-0.112
9.860	0.000	-0.024	-0.117
9.870	0.000	-0.024	-0.127
9.880	0.000	-0.020	-0.132
9.890	0.000	-0.024	-0.117
9.900	0.000	-0.020	-0.117
9.910	0.000	-0.020	-0.112
9.920	0.000	-0.020	-0.112
9.930	0.000	-0.020	-0.112
9.940	0.000	-0.020	-0.107
9.950	0.000	-0.020	-0.112
9.960	0.000	-0.020	-0.112
9.970	0.000	-0.020	-0.107
9.980	0.000	-0.020	-0.112
9.990	0.000	-0.020	-0.112
10.000	0.000	-0.020	-0.112
10.010	0.000	-0.020	-0.112
10.020	0.000	-0.020	-0.117
10.030	0.000	-0.020	-0.117
10.040	0.000	-0.020	-0.112
10.050	0.000	-0.020	-0.117
10.060	0.000	-0.020	-0.117
10.070	0.000	-0.020	-0.117
10.080	0.000	-0.020	-0.122
10.090	0.000	-0.020	-0.122
10.100	0.000	-0.020	-0.122
10.110	0.000	-0.020	-0.127
10.120	0.000	-0.015	-0.127
10.130	0.000	-0.020	-0.107
10.140	0.000	-0.015	-0.112
10.150	0.000	-0.015	-0.117
10.160	0.000	-0.020	-0.112
10.170	0.000	-0.015	-0.117
10.180	0.000	-0.015	-0.117
10.190	0.000	-0.015	-0.107
10.200	0.000	-0.015	-0.107
10.210	0.000	-0.015	-0.112
10.220	0.000	-0.015	-0.112
10.230	0.000	-0.015	-0.103
10.240	0.000	-0.015	-0.103
10.250	0.000	-0.015	-0.107
10.260	0.000	-0.015	-0.107
10.270	0.000	-0.015	-0.112
10.280	0.000	-0.015	-0.112
10.290	0.000	-0.015	-0.107
10.300	0.000	-0.015	-0.112
10.310	0.000	-0.015	-0.107
10.320	0.000	-0.015	-0.112
10.330	0.000	-0.015	-0.112
10.340	0.000	-0.015	-0.107
10.350	0.000	-0.020	-0.107
10.360	0.000	-0.015	-0.127
10.370	0.000	-0.015	-0.127
10.380	0.000	-0.015	-0.117
10.390	0.000	-0.015	-0.117
10.400	0.000	-0.015	-0.112
10.410	0.000	-0.015	-0.112
10.420	0.000	-0.015	-0.112
10.430	0.000	-0.015	-0.112
10.440	0.000	-0.015	-0.107
10.450	0.000	-0.015	-0.117
10.460	0.000	-0.015	-0.112
10.470	0.000	-0.015	-0.117
10.480	0.000	-0.015	-0.117
10.490	0.000	-0.015	-0.117
10.500	0.000	-0.015	-0.117
10.510	0.000	-0.015	-0.117
10.520	0.000	-0.015	-0.122
10.530	0.000	-0.015	-0.122
10.540	0.000	-0.010	-0.122
10.550	0.000	-0.015	-0.107
10.560	0.000	-0.015	-0.107
10.570	0.000	-0.010	-0.112
10.580	0.000	-0.015	-0.112
10.590	0.000	-0.010	-0.112
10.600	0.000	-0.010	-0.112
10.610	0.000	-0.015	-0.107
10.620	0.000	-0.015	-0.117
10.630	0.000	-0.010	-0.117
10.640	0.000	-0.010	-0.112
10.650	0.000	-0.010	-0.112
10.660	0.000	-0.010	-0.107
10.670	0.000	-0.010	-0.107
10.680	0.000	-0.015	-0.112
10.690	0.000	-0.015	-0.117
10.700	0.000	-0.010	-0.127
10.710	0.000	-0.015	-0.117
10.720	0.000	-0.010	-0.122
10.730	0.000	-0.010	-0.122
10.740	0.000	-0.010	-0.112
10.750	0.000	-0.010	-0.112
10.760	0.000	-0.010	-0.107
10.770	0.000	-0.010	-0.103
10.780	0.000	-0.005	-0.107
10.790	0.000	-0.010	-0.107
10.800	0.000	-0.010	-0.112
10.810	0.000	-0.010	-0.112
10.820	0.000	-0.010	-0.103
10.830	0.000	-0.010	-0.112
10.840	0.000	-0.010	-0.112
10.850	0.000	-0.010	-0.112
10.860	0.000	-0.010	-0.112
10.870	0.000	-0.010	-0.107
10.880	0.000	-0.010	-0.112
10.890	0.000	-0.010	-0.107
10.900	0.000	-0.010	-0.107
10.910	0.000	-0.010	-0.112
10.920	0.000	-0.010	-0.112
10.930	0.000	-0.010	-0.107
10.940	0.000	-0.010	-0.112
10.950	0.000	-0.010	-0.112
10.960	0.000	-0.010	-0.112
10.970	0.000	-0.010	-0.112
10.980	0.000	-0.010	-0.112
10.990	0.000	-0.005	-0.112
11.000	0.000	-0.010	-0.107
11.010	0.000	-0.010	-0.112
11.020	0.000	-0.010	-0.112
11.030	0.000	-0.005	-0.117
11.040	0.000	-0.010	-0.107
11.050	0.000	-0.010	-0.112
11.060	0.000	-0.010	-0.117
11.070	0.000	-0.010	-0.117
11.080	0.000	-0.005	-0.122
11.090	0.000	-0.005	-0.117
11.100	0.000	-0.005	-0.112
11.110	0.000	-0.005	-0.112
11.120	0.000	-0.005	-0.107
11.130	0.000	-0.010	-0.112
11.140	0.000	-0.010	-0.103
11.150	0.000	-0.010	-0.122
11.160	0.000	-0.005	-0.122
11.170	0.000	-0.010	-0.103
11.180	0.000	-0.005	-0.117
11.190	0.000	-0.005	-0.107
11.200	0.000	-0.005	-0.112
11.210	0.000	-0.005	-0.112
11.220	0.000	-0.005	-0.107
11.230	0.000	-0.005	-0.112
11.240	0.000	-0.005	-0.107
11.250	0.000	-0.005	-0.112
11.260	0.000	-0.005	-0.112
11.270	0.000	-0.005	-0.107
11.280	0.000	-0.005	-0.112
11.290	0.000	-0.005	-0.112
11.300	0.000	-0.010	-0.107
11.310	0.000	-0.010	-0.117
11.320	0.000	-0.005	-0.122
11.330	0.000	-0.005	-0.112
11.340	0.000	-0.005	-0.112
11.350	0.000	-0.005	-0.112
11.360	0.000	-0.005	-0.112
11.370	0.000	-0.005	-0.107
11.380	0.000	-0.005	-0.112
11.390	0.000	-0.005	-0.112
11.400	0.000	-0.010	-0.117
11.410	0.000	-0.005	-0.117
11.420	0.000	-0.005	-0.107
11.430	0.000	-0.005	-0.112
11.440	0.000	-0.005	-0.107
11.450	0.000	-0.005	-0.112
11.460	0.000	-0.005	-0.112
11.470	0.000	-0.005	-0.112
11.480	0.000	-0.005	-0.112
11.490	0.000	-0.005	-0.112
11.500	0.000	-0.005	-0.107
11.510	0.000	-0.005	-0.112
11.520	0.000	-0.005	-0.107
11.530	0.000	-0.005	-0.112
11.540	0.000	-0.005	-0.117
11.550	0.000	-0.005	-0.112
11.560	0.000	-0.005	-0.107
11.570	0.000	-0.005	-0.112
11.580	0.000	-0.005	-0.112
11.590	0.000	-0.005	-0.103
11.600	0.000	-0.005	-0.107
11.610	0.000	-0.010	-0.107
11.620	0.000	-0.005	-0.122
11.630	0.000	-0.005	-0.122
11.640	0.000	-0.005	-0.112
11.650	0.000	-0.005	-0.107
11.660	0.000	-0.005	-0.107
11.670	0.000	-0.005	-0.112
11.680	0.000	-0.005	-0.107
11.690	0.000	-0.005	-0.103
11.700	0.000	-0.005	-0.112
11.710	0.000	-0.005	-0.107
11.720	0.000	-0.005	-0.107
11.730	0.000	-0.005	-0.112
11.740	0.000	-0.005	-0.112
11.750	0.000	-0.005	-0.112
11.760	0.000	-0.005	-0.107
11.770	0.000	-0.005	-0.107
11.780	0.000	0.000	-0.107
11.790	0.000	-0.005	-0.112
11.800	0.000	-0.005	-0.107
11.810	0.000	-0.005	-0.112
11.820	0.000	-0.005	-0.112
11.830	0.000	-0.005	-0.107
11.840	0.000	-0.005	-0.112
11.850	0.000	-0.005	-0.107
11.860	0.000	-0.005	-0.107
11.870	0.000	-0.005	-0.107
11.880	0.000	-0.005	-0.112
11.890	0.000	-0.005	-0.117
11.900	0.000	-0.005	-0.112
11.910	0.000	0.000	-0.112
11.920	0.000	-0.005	-0.112
11.930	0.000	-0.005	-0.117
11.940	0.000	-0.005	-0.112
11.950	0.000	-0.005	-0.107
11.960	0.000	-0.005	-0.107
11.970	0.000	-0.005	-0.112
11.980	0.000	-0.005	-0.112
11.990	0.000	-0.005	-0.112
12.000	0.000	-0.005	-0.112
12.010	0.000	0.000	-0.112
12.020	0.000	-0.005	-0.112
12.030	0.000	-0.005	-0.112
12.040	0.000	-0.005	-0.112
12.050	0.000	0.000	-0.112
12.060	0.000	-0.005	-0.107
12.070	0.000	0.000	-0.112
12.080	0.000	-0.005	-0.103
12.090	0.000	-0.005	-0.103
12.100	0.000	-0.005	-0.112
12.110	0.000	-0.005	-0.107
12.120	0.000	-0.005	-0.112
12.130	0.000	0.000	-0.112
12.140	0.000	-0.005	-0.112
12.150	0.000	0.000	-0.107
12.160	0.000	-0.005	-0.107
12.170	0.000	-0.005	-0.117
12.180	0.000	-0.005	-0.112
12.190	0.000	0.000	-0.112
12.200	0.000	0.000	-0.112
12.210	0.000	-0.005	-0.112
12.220	0.000	-0.005	-0.112
12.230	0.000	0.000	-0.112
12.240	0.000	-0.005	-0.107
12.250	0.000	0.000	-0.112
12.260	0.000	0.000	-0.107
12.270	0.000	0.000	-0.112
12.280	0.000	0.000	-0.112
12.290	0.000	-0.005	-0.107
12.300	0.000	-0.005	-0.107
12.310	0.000	0.000	-0.112
12.320	0.000	0.000	-0.112
12.330	0.000	0.000	-0.107
12.340	0.000	-0.005	-0.112
12.350	0.000	-0.005	-0.112
12.360	0.000	0.000	-0.112
12.370	0.000	-0.005	-0.112
12.380	0.000	0.000	-0.112
12.390	0.000	0.000	-0.112
12.400	0.000	0.000	-0.112
12.410	0.000	0.000	-0.107
12.420	0.000	-0.005	-0.112
12.430	0.000	0.000	-0.112
12.440	0.000	-0.005	-0.112
12.450	0.000	-0.005	-0.112
12.460	0.000	-0.005	-0.112
12.470	0.000	0.000	-0.117
12.480	0.000	0.005	-0.112
12.490	0.000	0.000	-0.112
12.500	0.000	0.000	-0.112
12.510	0.000	0.000	-0.107
12.520	0.000	0.000	-0.112
12.530	0.000	0.000	-0.107
12.540	0.000	-0.005	-0.112
12.550	0.000	0.000	-0.112
12.560	0.000	0.000	-0.112
12.570	0.000	0.000	-0.107
12.580	0.000	0.000	-0.107
12.590	0.000	0.000	-0.112
12.600	0.000	0.000	-0.112
12.610	0.000	0.000	-0.117
12.620	0.000	0.000	-0.107
12.630	0.000	0.000	-0.112
12.640	0.000	0.000	-0.107
12.650	0.000	0.000	-0.107
12.660	0.000	0.000	-0.107
12.670	0.000	0.000	-0.107
12.680	0.000	0.000	-0.107
12.690	0.000	0.000	-0.112
12.700	0.000	-0.005	-0.112
12.710	0.000	-0.005	-0.112
12.720	0.000	0.000	-0.112
12.730	0.000	0.000	-0.112
12.740	0.000	0.000	-0.107
12.750	0.000	0.000	-0.107
12.760	0.000	0.000	-0.112
12.770	0.000	0.000	-0.112
12.780	0.000	0.000	-0.112
12.790	0.000	0.000	-0.107
12.800	0.000	0.000	-0.112
12.810	0.000	0.000	-0.107
12.820	0.000	0.000	-0.107
12.830	0.000	0.000	-0.107
12.840	0.000	0.000	-0.107
12.850	0.000	0.000	-0.107
12.860	0.000	0.000	-0.107
12.870	0.000	0.000	-0.112
12.880	0.000	0.000	-0.112
12.890	0.000	0.000	-0.112
12.900	0.000	0.000	-0.112
12.910	0.000	0.000	-0.117
12.920	0.000	0.000	-0.107
12.930	0.000	0.000	-0.107
12.940	0.000	0.000	-0.112
12.950	0.000	0.000	-0.107
12.960	0.000	0.000	-0.103
12.970	0.000	0.000	-0.112
12.980	0.000	0.000	-0.112
12.990	0.000	0.000	-0.112
13.000	0.000	0.000	-0.112
13.010	0.000	0.000	-0.112
13.020	0.000	0.000	-0.112
13.030	0.000	0.000	-0.107
13.040	0.000	0.000	-0.112
13.050	0.000	0.000	-0.112
13.060	0.000	0.000	-0.103
13.070	0.000	0.000	-0.112
13.080	0.000	0.000	-0.107
13.090	0.000	-0.005	-0.112
13.100	0.000	0.000	-0.112
13.110	0.000	0.000	-0.112
13.120	0.000	0.000	-0.112
13.130	0.000	0.000	-0.112
13.140	0.000	0.000	-0.112
13.150	0.000	0.000	-0.103
13.160	0.000	0.000	-0.112
13.170	0.000	0.000	-0.112
13.180	0.000	0.000	-0.112
13.190	0.000	0.000	-0.107
13.200	0.000	0.000	-0.107
13.210	0.000	0.000	-0.112
13.220	0.000	0.000	-0.107
13.230	1.000	0.000	-0.103
13.240	1.000	0.000	-0.435
13.250	1.000	0.064	-2.716
13.260	1.000	0.127	-3.381
13.270	1.000	0.230	-4.270
13.280	1.000	0.410	-5.344
13.290	1.000	0.567	-5.789
13.300	1.000	0.694	-6.297
13.310	1.000	0.889	-6.473
13.320	1.000	1.133	-6.053
13.330	1.000	1.270	-5.608
13.340	1.000	1.470	-2.477
13.350	1.000	1.495	-1.060
13.360	1.000	1.500	0.845
13.370	1.000	1.456	2.452
13.380	1.000	1.324	3.981
13.390	1.000	1.216	4.289
13.400	1.000	1.075	4.079
13.410	1.000	0.928	3.014
13.420	1.000	0.860	2.184
13.430	1.000	0.816	-0.362
13.440	1.000	0.816	-0.874
13.450	1.000	0.845	-1.803
13.460	1.000	0.914	-2.452
13.470	1.000	1.016	-2.755
13.480	1.000	1.080	-2.750
13.490	1.000	1.182	-1.656
13.500	1.000	1.212	-1.202
13.510	1.000	1.226	-0.278
13.520	1.000	1.216	0.650
13.530	1.000	1.182	1.143
13.540	1.000	1.143	1.343
13.550	1.000	1.104	1.397
13.560	1.000	1.055	1.050
13.570	1.000	1.026	0.694
13.580	1.000	1.016	0.298
13.590	1.000	1.001	-0.147
13.600	1.000	1.006	-0.376
13.610	1.000	1.016	-0.464
13.620	1.000	1.026	-0.508
13.630	1.000	1.036	-0.474
13.640	1.000	1.050	-0.410
13.650	1.000	1.055	-0.303
13.660	1.000	1.055	-0.107
13.670	1.000	1.060	-0.112
13.680	1.000	1.060	-0.112
13.690	1.000	1.060	-0.112
13.700	1.000	1.060	-0.112
13.710	1.000	1.060	-0.117
13.720	1.000	1.060	-0.112
13.730	1.000	1.060	-0.112
13.740	1.000	1.060	-0.107
13.750	1.000	1.060	-0.103
13.760	1.000	1.060	-0.107
13.770	1.000	1.060	-0.107
13.780	1.000	1.055	-0.103
13.790	1.000	1.060	-0.107
13.800	1.000	1.060	-0.103
13.810	1.000	1.060	-0.107
13.820	1.000	1.055	-0.103
13.830	1.000	1.060	-0.112
13.840	1.000	1.060	-0.112
13.850	1.000	1.060	-0.112
13.860	1.000	1.060	-0.112
13.870	1.000	1.060	-0.107
13.880	1.000	1.060	-0.112
13.890	1.000	1.060	-0.107
13.900	1.000	1.060	-0.107
13.910	1.000	1.060	-0.098
13.920	1.000	1.060	-0.098
13.930	1.000	1.055	-0.098
13.940	1.000	1.060	-0.103
13.950	1.000	1.060	-0.098
13.960	1.000	1.060	-0.083
13.970	1.000	1.055	-0.073
13.980	1.000	1.060	-0.078
13.990	1.000	1.060	-0.073
14.000	1.000	1.055	-0.049
14.010	1.000	1.055	-0.054
14.020	1.000	1.055	-0.068
14.030	1.000	1.055	-0.078
14.040	1.000	1.050	-0.098
14.050	1.000	1.050	-0.103
14.060	1.000	1.050	-0.112
14.070	1.000	1.050	-0.107
14.080	1.000	1.050	-0.112
14.090	1.000	1.050	-0.112
14.100	1.000	1.050	-0.112
14.110	1.000	1.050	-0.112
14.120	1.000	1.050	-0.112
14.130	1.000	1.050	-0.107
14.140	1.000	1.050	-0.107
14.150	1.000	1.050	-0.103
14.160	1.000	1.050	-0.107
14.170	1.000	1.050	-0.103
14.180	1.000	1.055	-0.098
14.190	1.000	1.050	-0.093
14.200	1.000	1.050	-0.078
14.210	1.000	1.050	-0.083
14.220	1.000	1.050	-0.073
14.230	1.000	1.050	-0.073
14.240	1.000	1.045	-0.073
14.250	1.000	1.045	-0.088
14.260	1.000	1.045	-0.107
14.270	1.000	1.045	-0.107
14.280	1.000	1.045	-0.103
14.290	1.000	1.045	-0.107
14.300	1.000	1.041	-0.112
14.310	1.000	1.045	-0.112
14.320	1.000	1.045	-0.107
14.330	1.000	1.045	-0.103
14.340	1.000	1.045	-0.098
14.350	1.000	1.045	-0.083
14.360	1.000	1.041	-0.078
14.370	1.000	1.041	-0.098
14.380	1.000	1.041	-0.107
14.390	1.000	1.041	-0.112
14.400	1.000	1.041	-0.107
14.410	1.000	1.045	-0.112
14.420	1.000	1.045	-0.093
14.430	1.000	1.045	-0.068
14.440	1.000	1.036	-0.049
14.450	1.000	1.036	-0.049
14.460	1.000	1.036	-0.093
14.470	1.000	1.036	-0.103
14.480	1.000	1.036	-0.112
14.490	1.000	1.036	-0.112
14.500	1.000	1.036	-0.112
14.510	1.000	1.036	-0.112
14.520	1.000	1.036	-0.112
14.530	1.000	1.036	-0.112
14.540	1.000	1.036	-0.107
14.550	1.000	1.036	-0.103
14.560	1.000	1.036	-0.103
14.570	1.000	1.036	-0.103
14.580	1.000	1.036	-0.098
14.590	1.000	1.036	-0.098
14.600	1.000	1.036	-0.093
14.610	1.000	1.036	-0.083
14.620	1.000	1.036	-0.078
14.630	1.000	1.036	-0.078
14.640	1.000	1.036	-0.078
14.650	1.000	1.036	-0.064
14.660	1.000	1.026	-0.054
14.670	1.000	1.031	-0.098
14.680	1.000	1.026	-0.103
14.690	1.000	1.031	-0.107
14.700	1.000	1.026	-0.107
14.710	1.000	1.031	-0.107
14.720	1.000	1.031	-0.107
14.730	1.000	1.026	-0.103
14.740	1.000	1.026	-0.107
14.750	1.000	1.031	-0.112
14.760	1.000	1.031	-0.088
14.770	1.000	1.026	-0.083
14.780	1.000	1.026	-0.078
14.790	1.000	1.026	-0.093
14.800	1.000	1.026	-0.098
14.810	1.000	1.026	-0.103
14.820	1.000	1.026	-0.098
14.830	1.000	1.026	-0.098
14.840	1.000	1.021	-0.098
14.850	1.000	1.021	-0.107
14.860	1.000	1.026	-0.107
14.870	1.000	1.026	-0.103
14.880	1.000	1.021	-0.088
14.890	1.000	1.021	-0.103
14.900	1.000	1.026	-0.112
14.910	1.000	1.021	-0.103
14.920	1.000	1.021	-0.103
14.930	1.000	1.021	-0.107
14.940	1.000	1.021	-0.103
14.950	1.000	1.021	-0.112
14.960	1.000	1.026	-0.107
14.970	1.000	1.021	-0.093
14.980	1.000	1.021	-0.078
14.990	1.000	1.021	-0.083
15.000	1.000	1.021	-0.083
15.010	1.000	1.021	-0.078
15.020	1.000	1.016	-0.073
15.030	1.000	1.016	-0.083
15.040	1.000	1.016	-0.112
15.050	1.000	1.016	-0.112
15.060	1.000	1.016	-0.112
15.070	1.000	1.016	-0.112
15.080	1.000	1.016	-0.112
15.090	1.000	1.016	-0.107
15.100	1.000	1.016	-0.112
15.110	1.000	1.016	-0.107
15.120	1.000	1.016	-0.107
15.130	1.000	1.016	-0.107
15.140	1.000	1.016	-0.107
15.150	1.000	1.016	-0.107
15.160	1.000	1.016	-0.112
15.170	1.000	1.016	-0.103
15.180	1.000	1.016	-0.103
15.190	1.000	1.016	-0.103
15.200	1.000	1.016	-0.098
15.210	1.000	1.016	-0.093
15.220	1.000	1.016	-0.093
15.230	1.000	1.016	-0.088
15.240	1.000	1.016	-0.083
15.250	1.000	1.011	-0.083
15.260	1.000	1.011	-0.107
15.270	1.000	1.016	-0.112
15.280	1.000	1.011	-0.103
15.290	1.000	1.011	-0.107
15.300	1.000	1.011	-0.112
15.310	1.000	1.011	-0.112
15.320	1.000	1.011	-0.112
15.330	1.000	1.016	-0.112
15.340	1.000	1.016	-0.098
15.350	1.000	1.011	-0.088
15.360	1.000	1.011	-0.093
15.370	1.000	1.006	-0.107
15.380	1.000	1.011	-0.112
15.390	1.000	1.011	-0.107
