0.010	1.000	1.192	0.264
0.020	1.000	1.177	0.620
0.030	1.000	1.143	0.884
0.040	1.000	1.124	0.928
0.050	1.000	1.080	0.953
0.060	1.000	1.045	0.826
0.070	1.000	1.026	0.601
0.080	1.000	1.006	0.518
0.090	0.000	0.982	0.371
0.100	0.000	0.948	1.759
0.110	0.000	0.860	3.239
0.120	0.000	0.772	4.309
0.130	0.000	0.620	5.007
0.140	0.000	0.420	5.530
0.150	0.000	0.259	5.095
0.160	0.000	0.098	4.563
0.170	0.000	-0.010	4.060
0.180	0.000	-0.122	2.960
0.190	0.000	-0.210	1.700
0.200	0.000	-0.264	0.718
0.210	0.000	-0.269	-0.107
0.220	0.000	-0.269	-0.635
0.230	0.000	-0.249	-0.957
0.240	0.000	-0.215	-1.133
0.250	0.000	-0.186	-1.241
0.260	0.000	-0.151	-1.168
0.270	0.000	-0.117	-1.109
0.280	0.000	-0.093	-0.992
0.290	0.000	-0.073	-0.772
0.300	1.000	-0.044	-0.586
0.310	1.000	-0.015	-1.720
0.320	1.000	0.049	-3.117
0.330	1.000	0.137	-4.045
0.340	1.000	0.274	-4.880
0.350	1.000	0.440	-5.486
0.360	1.000	0.591	-5.486
0.370	1.000	0.747	-5.183
0.380	1.000	0.909	-4.343
0.390	1.000	1.036	-3.346
0.400	1.000	1.109	-2.501
0.410	1.000	1.168	-1.480
0.420	1.000	1.192	-0.313
0.430	1.000	1.192	0.327
0.440	1.000	1.177	0.664
0.450	1.000	1.153	0.860
0.460	1.000	1.119	0.928
0.470	1.000	1.080	0.957
0.480	1.000	1.055	0.865
0.490	1.000	1.026	0.660
0.500	1.000	1.001	0.508
0.510	0.000	0.982	0.376
0.520	0.000	0.957	1.534
0.530	0.000	0.865	3.214
0.540	0.000	0.743	4.494
0.550	0.000	0.591	5.203
0.560	0.000	0.449	5.467
0.570	0.000	0.283	5.247
0.580	0.000	0.117	4.631
0.590	0.000	-0.005	3.981
0.600	0.000	-0.117	2.970
0.610	0.000	-0.205	1.773
0.620	0.000	-0.249	0.738
0.630	0.000	-0.264	-0.068
0.640	0.000	-0.264	-0.567
0.650	0.000	-0.244	-0.826
0.660	0.000	-0.215	-1.036
0.670	0.000	-0.181	-1.177
0.680	0.000	-0.147	-1.114
0.690	0.000	-0.117	-1.080
0.700	0.000	-0.093	-0.933
0.710	0.000	-0.073	-0.752
0.720	1.000	-0.054	-0.576
0.730	1.000	-0.020	-1.925
0.740	1.000	0.059	-3.356
0.750	1.000	0.147	-4.138
0.760	1.000	0.283	-5.007
0.770	1.000	0.464	-5.388
0.780	1.000	0.611	-5.393
0.790	1.000	0.772	-5.051
0.800	1.000	0.923	-4.162
0.810	1.000	1.045	-3.298
0.820	1.000	1.119	-2.428
0.830	1.000	1.172	-1.319
0.840	1.000	1.197	-0.195
0.850	1.000	1.192	0.303
0.860	1.000	1.177	0.645
0.870	1.000	1.143	0.899
0.880	1.000	1.114	0.933
0.890	1.000	1.075	0.957
0.900	1.000	1.050	0.850
0.910	1.000	1.031	0.640
0.920	1.000	1.001	0.498
0.930	0.000	0.982	0.371
0.940	0.000	0.957	1.500
0.950	0.000	0.870	3.219
0.960	0.000	0.743	4.489
0.970	0.000	0.596	5.198
0.980	0.000	0.449	5.467
0.990	0.000	0.288	5.296
1.000	0.000	0.117	4.670
1.010	0.000	0.000	4.021
1.020	0.000	-0.117	3.004
1.030	0.000	-0.210	1.778
1.040	0.000	-0.254	0.738
1.050	0.000	-0.269	0.044
1.060	0.000	-0.264	-0.513
1.070	0.000	-0.239	-0.894
1.080	0.000	-0.215	-1.055
1.090	0.000	-0.186	-1.182
1.100	0.000	-0.147	-1.114
1.110	0.000	-0.117	-1.080
1.120	0.000	-0.088	-0.933
1.130	0.000	-0.068	-0.718
1.140	1.000	-0.054	-0.552
1.150	1.000	-0.020	-1.700
1.160	1.000	0.039	-3.112
1.170	1.000	0.137	-4.050
1.180	1.000	0.269	-4.856
1.190	1.000	0.435	-5.511
1.200	1.000	0.591	-5.476
1.210	1.000	0.743	-5.198
1.220	1.000	0.904	-4.382
1.230	1.000	1.031	-3.376
1.240	1.000	1.119	-2.374
1.250	1.000	1.172	-1.319
1.260	1.000	1.192	-0.332
1.270	1.000	1.192	0.254
1.280	1.000	1.177	0.611
1.290	1.000	1.148	0.874
1.300	1.000	1.124	0.928
1.310	1.000	1.080	0.957
1.320	1.000	1.050	0.835
1.330	1.000	1.026	0.655
1.340	1.000	1.001	0.518
1.350	0.000	0.977	0.332
1.360	0.000	0.957	1.475
1.370	0.000	0.879	3.087
1.380	0.000	0.772	4.270
1.390	0.000	0.620	4.993
1.400	0.000	0.479	5.281
1.410	0.000	0.313	5.183
1.420	0.000	0.137	4.841
1.430	0.000	0.020	4.040
1.440	0.000	-0.103	3.200
1.450	0.000	-0.195	1.993
1.460	0.000	-0.244	0.904
1.470	0.000	-0.269	0.059
1.480	0.000	-0.269	-0.430
1.490	0.000	-0.249	-0.801
1.500	0.000	-0.220	-1.050
1.510	0.000	-0.191	-1.177
1.520	0.000	-0.151	-1.163
1.530	0.000	-0.122	-1.085
1.540	0.000	-0.093	-0.948
1.550	0.000	-0.073	-0.733
1.560	1.000	-0.054	-0.586
1.570	1.000	-0.029	-1.676
1.580	1.000	0.049	-3.327
1.590	1.000	0.142	-4.152
1.600	1.000	0.278	-4.993
1.610	1.000	0.430	-5.545
1.620	1.000	0.611	-5.427
1.630	1.000	0.772	-5.125
1.640	1.000	0.923	-4.211
1.650	1.000	1.036	-3.439
1.660	1.000	1.119	-2.457
1.670	1.000	1.177	-1.226
1.680	1.000	1.202	-0.239
1.690	1.000	1.197	0.352
1.700	1.000	1.182	0.645
1.710	1.000	1.158	0.889
1.720	1.000	1.119	0.967
1.730	1.000	1.085	0.997
1.740	1.000	1.055	0.899
1.750	1.000	1.026	0.645
1.760	1.000	0.997	0.537
1.770	0.000	0.977	0.347
1.780	0.000	0.962	1.138
1.790	0.000	0.904	2.868
1.800	0.000	0.791	3.952
1.810	0.000	0.645	4.880
1.820	0.000	0.484	5.305
1.830	0.000	0.288	5.315
1.840	0.000	0.127	4.827
1.850	0.000	0.020	4.094
1.860	0.000	-0.107	3.200
1.870	0.000	-0.200	1.935
1.880	0.000	-0.249	0.879
1.890	0.000	-0.274	0.020
1.900	0.000	-0.269	-0.542
1.910	0.000	-0.254	-0.845
1.920	0.000	-0.225	-1.065
1.930	0.000	-0.191	-1.226
1.940	0.000	-0.151	-1.158
1.950	0.000	-0.117	-1.138
1.960	0.000	-0.093	-0.982
1.970	0.000	-0.068	-0.762
1.980	1.000	-0.054	-0.616
1.990	1.000	-0.024	-1.724
2.000	1.000	0.064	-3.381
2.010	1.000	0.151	-4.128
2.020	1.000	0.293	-5.022
2.030	1.000	0.474	-5.383
2.040	1.000	0.640	-5.359
2.050	1.000	0.777	-5.002
2.060	1.000	0.909	-4.319
2.070	1.000	1.050	-3.224
2.080	1.000	1.119	-2.413
2.090	1.000	1.172	-1.299
2.100	1.000	1.197	-0.166
2.110	1.000	1.197	0.288
2.120	1.000	1.177	0.635
2.130	1.000	1.148	0.909
2.140	1.000	1.124	0.943
2.150	1.000	1.080	0.972
2.160	1.000	1.045	0.845
2.170	1.000	1.031	0.660
2.180	1.000	1.006	0.528
2.190	0.000	0.977	0.342
2.200	0.000	0.957	1.529
2.210	0.000	0.874	3.127
2.220	0.000	0.787	3.991
2.230	0.000	0.645	4.875
2.240	0.000	0.445	5.530
2.250	0.000	0.283	5.344
2.260	0.000	0.127	4.861
2.270	0.000	-0.010	4.021
2.280	0.000	-0.127	2.931
2.290	0.000	-0.191	2.125
2.300	0.000	-0.244	1.016
2.310	0.000	-0.269	0.005
2.320	0.000	-0.269	-0.454
2.330	0.000	-0.249	-0.821
2.340	0.000	-0.215	-1.085
2.350	0.000	-0.191	-1.197
2.360	0.000	-0.151	-1.177
2.370	0.000	-0.117	-1.099
2.380	0.000	-0.098	-0.982
2.390	1.000	-0.073	-0.777
2.400	1.000	-0.034	-2.052
2.410	1.000	0.044	-3.415
2.420	1.000	0.161	-4.231
2.430	1.000	0.303	-5.076
2.440	1.000	0.464	-5.452
2.450	1.000	0.630	-5.300
2.460	1.000	0.791	-4.949
2.470	1.000	0.928	-4.108
2.480	1.000	1.031	-3.434
2.490	1.000	1.114	-2.443
2.500	1.000	1.177	-1.212
2.510	1.000	1.197	-0.410
2.520	1.000	1.197	0.259
2.530	1.000	1.177	0.679
2.540	1.000	1.153	0.904
2.550	1.000	1.114	0.962
2.560	1.000	1.089	0.977
2.570	1.000	1.055	0.889
2.580	1.000	1.026	0.655
2.590	1.000	0.997	0.518
2.600	0.000	0.977	0.347
2.610	0.000	0.962	1.104
2.620	0.000	0.904	2.804
2.630	0.000	0.777	4.211
2.640	0.000	0.620	5.032
2.650	0.000	0.489	5.330
2.660	0.000	0.318	5.178
2.670	0.000	0.137	4.861
2.680	0.000	0.024	4.030
2.690	0.000	-0.098	3.254
2.700	0.000	-0.195	2.013
2.710	0.000	-0.244	1.109
2.720	0.000	-0.269	0.200
2.730	0.000	-0.269	-0.508
2.740	0.000	-0.249	-0.865
2.750	0.000	-0.230	-1.050
2.760	0.000	-0.191	-1.207
2.770	0.000	-0.151	-1.158
2.780	0.000	-0.122	-1.119
2.790	0.000	-0.093	-0.997
2.800	0.000	-0.073	-0.777
2.810	1.000	-0.054	-0.567
2.820	1.000	-0.034	-1.417
2.830	1.000	0.029	-2.892
2.840	1.000	0.147	-4.133
2.850	1.000	0.264	-4.846
2.860	1.000	0.415	-5.467
2.870	1.000	0.611	-5.418
2.880	1.000	0.772	-5.071
2.890	1.000	0.909	-4.358
2.900	1.000	1.031	-3.351
2.910	1.000	1.104	-2.487
2.920	1.000	1.168	-1.505
2.930	1.000	1.192	-0.352
2.940	1.000	1.192	0.318
2.950	1.000	1.177	0.591
2.960	1.000	1.153	0.850
2.970	1.000	1.119	0.923
2.980	1.000	1.075	0.962
2.990	1.000	1.050	0.870
3.000	1.000	1.031	0.650
3.010	1.000	1.001	0.498
3.020	0.000	0.982	0.381
3.030	0.000	0.957	1.549
3.040	0.000	0.870	3.234
3.050	0.000	0.747	4.494
3.060	0.000	0.596	5.203
3.070	0.000	0.425	5.486
3.080	0.000	0.269	5.105
3.090	0.000	0.137	4.851
3.100	0.000	0.000	3.986
3.110	0.000	-0.132	2.770
3.120	0.000	-0.200	1.969
3.130	0.000	-0.249	0.923
3.140	0.000	-0.269	-0.073
3.150	0.000	-0.269	-0.596
3.160	0.000	-0.249	-0.865
3.170	0.000	-0.220	-1.065
3.180	0.000	-0.181	-1.221
3.190	0.000	-0.147	-1.153
3.200	0.000	-0.122	-1.114
3.210	0.000	-0.088	-0.933
3.220	0.000	-0.068	-0.718
3.230	1.000	-0.054	-0.572
3.240	1.000	-0.020	-1.739
3.250	1.000	0.059	-3.346
3.260	1.000	0.176	-4.216
3.270	1.000	0.288	-5.012
3.280	1.000	0.435	-5.535
3.290	1.000	0.635	-5.320
3.300	1.000	0.801	-4.988
3.310	1.000	0.914	-4.358
3.320	1.000	1.031	-3.366
3.330	1.000	1.128	-2.252
3.340	1.000	1.172	-1.299
3.350	1.000	1.197	-0.308
3.360	1.000	1.192	0.381
3.370	1.000	1.177	0.640
3.380	1.000	1.153	0.874
3.390	1.000	1.114	0.953
3.400	1.000	1.075	0.977
3.410	1.000	1.050	0.874
3.420	1.000	1.026	0.650
3.430	1.000	0.997	0.498
3.440	0.000	0.982	0.357
3.450	0.000	0.957	1.500
3.460	0.000	0.870	3.210
3.470	0.000	0.772	4.289
3.480	0.000	0.625	5.002
3.490	0.000	0.420	5.535
3.500	0.000	0.259	5.149
3.510	0.000	0.132	4.871
3.520	0.000	-0.005	4.030
3.530	0.000	-0.137	2.731
3.540	0.000	-0.215	1.715
3.550	0.000	-0.254	0.918
3.560	0.000	-0.274	0.034
3.570	0.000	-0.269	-0.635
3.580	0.000	-0.249	-0.923
3.590	0.000	-0.215	-1.104
3.600	0.000	-0.181	-1.241
3.610	0.000	-0.142	-1.153
3.620	0.000	-0.117	-1.119
3.630	0.000	-0.093	-0.957
3.640	0.000	-0.064	-0.723
3.650	1.000	-0.049	-0.576
3.660	1.000	-0.020	-1.759
3.670	1.000	0.064	-3.337
3.680	1.000	0.176	-4.216
3.690	1.000	0.313	-4.934
3.700	1.000	0.474	-5.388
3.710	1.000	0.620	-5.349
3.720	1.000	0.772	-4.958
3.730	1.000	0.923	-4.084
3.740	1.000	1.050	-3.249
3.750	1.000	1.128	-2.281
3.760	1.000	1.172	-1.329
3.770	1.000	1.192	-0.274
3.780	1.000	1.192	0.391
3.790	1.000	1.172	0.713
3.800	1.000	1.148	0.884
3.810	1.000	1.114	0.933
3.820	1.000	1.075	0.953
3.830	1.000	1.045	0.816
3.840	1.000	1.026	0.630
3.850	1.000	1.001	0.513
3.860	0.000	0.977	0.313
3.870	0.000	0.962	1.221
3.880	0.000	0.899	2.931
3.890	0.000	0.767	4.343
3.900	0.000	0.620	5.017
3.910	0.000	0.479	5.227
3.920	0.000	0.313	5.232
3.930	0.000	0.137	4.827
3.940	0.000	-0.005	4.006
3.950	0.000	-0.107	3.195
3.960	0.000	-0.191	2.130
3.970	0.000	-0.249	0.894
3.980	0.000	-0.269	0.044
3.990	0.000	-0.269	-0.454
4.000	0.000	-0.254	-0.835
4.010	0.000	-0.220	-1.085
4.020	0.000	-0.191	-1.216
4.030	0.000	-0.151	-1.187
4.040	0.000	-0.117	-1.114
4.050	0.000	-0.093	-0.957
4.060	0.000	-0.073	-0.743
4.070	1.000	-0.054	-0.567
4.080	1.000	-0.034	-1.431
4.090	1.000	0.029	-2.887
4.100	1.000	0.151	-4.128
4.110	1.000	0.264	-4.846
4.120	1.000	0.415	-5.423
4.130	1.000	0.606	-5.408
4.140	1.000	0.777	-4.988
4.150	1.000	0.909	-4.372
4.160	1.000	1.031	-3.346
4.170	1.000	1.099	-2.462
4.180	1.000	1.163	-1.505
4.190	1.000	1.187	-0.327
4.200	1.000	1.187	0.234
4.210	1.000	1.177	0.586
4.220	1.000	1.148	0.860
4.230	1.000	1.119	0.923
4.240	1.000	1.080	0.953
4.250	1.000	1.050	0.850
4.260	1.000	1.026	0.611
4.270	1.000	1.011	0.503
4.280	0.000	0.982	0.371
4.290	0.000	0.953	1.788
4.300	0.000	0.865	3.249
4.310	0.000	0.743	4.509
4.320	0.000	0.625	4.978
4.330	0.000	0.454	5.457
4.340	0.000	0.269	5.105
4.350	0.000	0.137	4.880
4.360	0.000	0.000	4.025
4.370	0.000	-0.137	2.760
4.380	0.000	-0.215	1.764
4.390	0.000	-0.254	0.752
4.400	0.000	-0.269	-0.083
4.410	0.000	-0.269	-0.523
4.420	0.000	-0.249	-0.879
4.430	0.000	-0.215	-1.109
4.440	0.000	-0.181	-1.221
4.450	0.000	-0.147	-1.143
4.460	0.000	-0.117	-1.099
4.470	0.000	-0.088	-0.943
4.480	0.000	-0.073	-0.747
4.490	1.000	-0.054	-0.581
4.500	1.000	-0.015	-1.910
4.510	1.000	0.044	-3.122
4.520	1.000	0.147	-4.123
4.530	1.000	0.308	-4.978
4.540	1.000	0.469	-5.335
4.550	1.000	0.635	-5.281
4.560	1.000	0.772	-5.037
4.570	1.000	0.904	-4.348
4.580	1.000	1.041	-3.258
4.590	1.000	1.128	-2.262
4.600	1.000	1.172	-1.363
4.610	1.000	1.192	-0.347
4.620	1.000	1.192	0.366
4.630	1.000	1.172	0.689
4.640	1.000	1.143	0.909
4.650	1.000	1.114	0.933
4.660	1.000	1.080	0.957
4.670	1.000	1.050	0.840
4.680	1.000	1.026	0.601
4.690	1.000	1.001	0.523
4.700	0.000	0.982	0.352
4.710	0.000	0.957	1.685
4.720	0.000	0.884	3.078
4.730	0.000	0.772	4.265
4.740	0.000	0.601	5.222
4.750	0.000	0.425	5.530
4.760	0.000	0.293	5.340
4.770	0.000	0.137	4.861
4.780	0.000	-0.020	3.952
4.790	0.000	-0.122	2.995
4.800	0.000	-0.200	1.969
4.810	0.000	-0.254	0.743
4.820	0.000	-0.269	0.068
4.830	0.000	-0.269	-0.523
4.840	0.000	-0.244	-0.918
4.850	0.000	-0.215	-1.085
4.860	0.000	-0.186	-1.202
4.870	0.000	-0.147	-1.138
4.880	0.000	-0.117	-1.094
4.890	0.000	-0.088	-0.938
4.900	0.000	-0.068	-0.718
4.910	1.000	-0.049	-0.552
4.920	1.000	-0.020	-1.710
4.930	1.000	0.044	-3.141
4.940	1.000	0.161	-4.104
4.950	1.000	0.269	-4.885
4.960	1.000	0.415	-5.471
4.970	1.000	0.620	-5.315
4.980	1.000	0.782	-4.939
4.990	1.000	0.918	-4.240
5.000	1.000	1.016	-3.390
5.010	1.000	1.104	-2.482
5.020	1.000	1.172	-1.309
5.030	1.000	1.192	-0.489
5.040	1.000	1.192	0.230
5.050	1.000	1.177	0.650
5.060	1.000	1.148	0.879
5.070	1.000	1.119	0.928
5.080	1.000	1.085	0.948
5.090	1.000	1.055	0.860
5.100	1.000	1.026	0.630
5.110	1.000	1.001	0.503
5.120	0.000	0.982	0.347
5.130	0.000	0.957	1.490
5.140	0.000	0.884	3.122
5.150	0.000	0.772	4.279
5.160	0.000	0.645	4.880
5.170	0.000	0.484	5.291
5.180	0.000	0.293	5.310
5.190	0.000	0.156	4.827
5.200	0.000	0.024	4.001
5.210	0.000	-0.117	3.034
5.220	0.000	-0.186	2.193
5.230	0.000	-0.244	1.080
5.240	0.000	-0.269	0.044
5.250	0.000	-0.269	-0.430
5.260	0.000	-0.254	-0.801
5.270	0.000	-0.220	-1.060
5.280	0.000	-0.191	-1.197
5.290	0.000	-0.156	-1.177
5.300	0.000	-0.122	-1.104
5.310	0.000	-0.098	-1.001
5.320	0.000	-0.073	-0.782
5.330	1.000	-0.054	-0.581
5.340	1.000	-0.034	-1.446
5.350	1.000	0.034	-2.926
5.360	1.000	0.151	-4.128
5.370	1.000	0.269	-4.900
5.380	1.000	0.415	-5.476
5.390	1.000	0.616	-5.349
5.400	1.000	0.777	-5.012
5.410	1.000	0.884	-4.519
5.420	1.000	1.016	-3.356
5.430	1.000	1.114	-2.384
5.440	1.000	1.168	-1.514
5.450	1.000	1.192	-0.479
5.460	1.000	1.192	0.327
5.470	1.000	1.172	0.669
5.480	1.000	1.148	0.889
5.490	1.000	1.119	0.928
5.500	1.000	1.085	0.953
5.510	1.000	1.045	0.830
5.520	1.000	1.031	0.655
5.530	1.000	1.011	0.513
5.540	0.000	0.977	0.342
5.550	0.000	0.957	1.446
5.560	0.000	0.884	3.107
5.570	0.000	0.791	3.952
5.580	0.000	0.645	4.905
5.590	0.000	0.454	5.515
5.600	0.000	0.313	5.281
5.610	0.000	0.151	4.875
5.620	0.000	0.000	4.045
5.630	0.000	-0.122	2.990
5.640	0.000	-0.191	2.179
5.650	0.000	-0.244	1.065
5.660	0.000	-0.269	0.044
5.670	0.000	-0.269	-0.532
5.680	0.000	-0.249	-0.821
5.690	0.000	-0.225	-1.031
5.700	0.000	-0.186	-1.207
5.710	0.000	-0.151	-1.187
5.720	0.000	-0.122	-1.119
5.730	0.000	-0.093	-0.948
5.740	0.000	-0.078	-0.782
5.750	1.000	-0.054	-0.586
5.760	1.000	-0.020	-1.939
5.770	1.000	0.039	-3.136
5.780	1.000	0.142	-4.148
5.790	1.000	0.313	-4.968
5.800	1.000	0.469	-5.349
5.810	1.000	0.611	-5.398
5.820	1.000	0.767	-5.046
5.830	1.000	0.923	-4.128
5.840	1.000	1.045	-3.268
5.850	1.000	1.119	-2.433
5.860	1.000	1.172	-1.373
5.870	1.000	1.192	-0.215
5.880	1.000	1.192	0.357
5.890	1.000	1.177	0.625
5.900	1.000	1.153	0.865
5.910	1.000	1.114	0.938
5.920	1.000	1.085	0.967
5.930	1.000	1.050	0.860
5.940	1.000	1.026	0.616
5.950	1.000	1.001	0.513
5.960	0.000	0.982	0.371
5.970	0.000	0.957	1.505
5.980	0.000	0.865	3.219
5.990	0.000	0.772	4.299
6.000	0.000	0.620	5.017
6.010	0.000	0.425	5.525
6.020	0.000	0.259	5.110
6.030	0.000	0.132	4.866
6.040	0.000	-0.010	4.025
6.050	0.000	-0.137	2.697
6.060	0.000	-0.205	1.954
6.070	0.000	-0.249	0.874
6.080	0.000	-0.274	-0.088
6.090	0.000	-0.269	-0.630
6.100	0.000	-0.249	-0.899
6.110	0.000	-0.215	-1.099
6.120	0.000	-0.181	-1.221
6.130	0.000	-0.151	-1.158
6.140	0.000	-0.122	-1.119
6.150	0.000	-0.088	-0.943
6.160	1.000	-0.068	-0.713
6.170	1.000	-0.034	-1.783
6.180	1.000	0.024	-2.863
6.190	1.000	0.132	-4.094
6.200	1.000	0.278	-5.027
6.210	1.000	0.435	-5.554
6.220	1.000	0.581	-5.515
6.230	1.000	0.738	-5.232
6.240	1.000	0.904	-4.382
6.250	1.000	1.011	-3.449
6.260	1.000	1.099	-2.491
6.270	1.000	1.168	-1.387
6.280	1.000	1.192	-0.386
6.290	1.000	1.192	0.303
6.300	1.000	1.172	0.635
6.310	1.000	1.148	0.865
6.320	1.000	1.124	0.918
6.330	1.000	1.080	0.953
6.340	1.000	1.055	0.884
6.350	1.000	1.031	0.679
6.360	1.000	1.006	0.508
6.370	0.000	0.982	0.366
6.380	0.000	0.957	1.534
6.390	0.000	0.904	2.916
6.400	0.000	0.791	4.006
6.410	0.000	0.625	5.022
6.420	0.000	0.479	5.310
6.430	0.000	0.313	5.296
6.440	0.000	0.132	4.880
6.450	0.000	0.020	4.094
6.460	0.000	-0.112	3.200
6.470	0.000	-0.205	1.944
6.480	0.000	-0.254	0.889
6.490	0.000	-0.269	-0.000
6.500	0.000	-0.269	-0.552
6.510	0.000	-0.254	-0.855
6.520	0.000	-0.225	-1.065
6.530	0.000	-0.186	-1.236
6.540	0.000	-0.156	-1.207
6.550	0.000	-0.127	-1.138
6.560	0.000	-0.093	-0.977
6.570	0.000	-0.073	-0.747
6.580	1.000	-0.054	-0.616
6.590	1.000	-0.024	-1.685
6.600	1.000	0.059	-3.327
6.610	1.000	0.176	-4.231
6.620	1.000	0.288	-5.007
6.630	1.000	0.435	-5.530
6.640	1.000	0.635	-5.320
6.650	1.000	0.796	-4.939
6.660	1.000	0.909	-4.397
6.670	1.000	1.031	-3.371
6.680	1.000	1.128	-2.272
6.690	1.000	1.168	-1.348
6.700	1.000	1.197	-0.352
6.710	1.000	1.192	0.371
6.720	1.000	1.177	0.640
6.730	1.000	1.153	0.874
6.740	1.000	1.114	0.943
6.750	1.000	1.085	0.967
6.760	1.000	1.050	0.865
6.770	1.000	1.026	0.635
6.780	1.000	1.001	0.508
6.790	0.000	0.982	0.342
6.800	0.000	0.962	1.329
6.810	0.000	0.894	2.995
6.820	0.000	0.772	4.299
6.830	0.000	0.630	4.787
6.840	0.000	0.464	5.452
6.850	0.000	0.269	5.252
6.860	0.000	0.112	4.778
6.870	0.000	-0.029	3.986
6.880	0.000	-0.142	2.711
6.890	0.000	-0.220	1.720
6.900	0.000	-0.264	0.791
6.910	0.000	-0.274	-0.137
6.920	0.000	-0.274	-0.547
6.930	0.000	-0.254	-0.933
6.940	0.000	-0.215	-1.172
6.950	0.000	-0.181	-1.285
6.960	0.000	-0.147	-1.202
6.970	0.000	-0.122	-1.143
6.980	0.000	-0.088	-0.957
6.990	0.000	-0.068	-0.791
7.000	1.000	-0.044	-0.616
7.010	1.000	-0.015	-1.974
7.020	1.000	0.068	-3.351
7.030	1.000	0.191	-4.353
7.040	1.000	0.322	-5.061
7.050	1.000	0.449	-5.457
7.060	1.000	0.620	-5.169
7.070	1.000	0.801	-4.929
7.080	1.000	0.909	-4.323
7.090	1.000	1.041	-3.332
7.100	1.000	1.128	-2.223
7.110	1.000	1.182	-1.109
7.120	1.000	1.197	-0.166
7.130	1.000	1.197	0.308
7.140	1.000	1.177	0.645
7.150	1.000	1.143	0.918
7.160	1.000	1.119	0.943
7.170	1.000	1.080	0.957
7.180	1.000	1.045	0.826
7.190	1.000	1.026	0.635
7.200	1.000	1.006	0.508
7.210	0.000	0.977	0.332
7.220	0.000	0.957	1.426
7.230	0.000	0.884	3.078
7.240	0.000	0.772	4.260
7.250	0.000	0.625	4.973
7.260	0.000	0.454	5.476
7.270	0.000	0.318	5.213
7.280	0.000	0.156	4.812
7.290	0.000	0.000	4.035
7.300	0.000	-0.117	3.043
7.310	0.000	-0.191	2.198
7.320	0.000	-0.239	1.109
7.330	0.000	-0.269	0.098
7.340	0.000	-0.274	-0.537
7.350	0.000	-0.249	-0.884
7.360	0.000	-0.230	-1.055
7.370	0.000	-0.191	-1.207
7.380	0.000	-0.151	-1.153
7.390	0.000	-0.127	-1.138
7.400	0.000	-0.098	-1.011
7.410	0.000	-0.073	-0.757
7.420	1.000	-0.054	-0.591
7.430	1.000	-0.020	-1.710
7.440	1.000	0.044	-3.112
7.450	1.000	0.151	-4.123
7.460	1.000	0.264	-4.831
7.470	1.000	0.415	-5.467
7.480	1.000	0.611	-5.398
7.490	1.000	0.743	-5.266
7.500	1.000	0.884	-4.504
7.510	1.000	1.031	-3.376
7.520	1.000	1.119	-2.423
7.530	1.000	1.172	-1.329
7.540	1.000	1.192	-0.318
7.550	1.000	1.197	0.200
7.560	1.000	1.177	0.596
7.570	1.000	1.153	0.865
7.580	1.000	1.119	0.938
7.590	1.000	1.080	0.962
7.600	1.000	1.060	0.884
7.610	1.000	1.036	0.694
7.620	1.000	1.006	0.528
7.630	0.000	0.982	0.420
7.640	0.000	0.962	1.514
7.650	0.000	0.874	3.244
7.660	0.000	0.747	4.480
7.670	0.000	0.601	5.173
7.680	0.000	0.430	5.515
7.690	0.000	0.269	5.110
7.700	0.000	0.137	4.851
7.710	0.000	0.005	4.025
7.720	0.000	-0.137	2.760
7.730	0.000	-0.200	1.993
7.740	0.000	-0.249	0.933
7.750	0.000	-0.269	-0.073
7.760	0.000	-0.269	-0.503
7.770	0.000	-0.249	-0.865
7.780	0.000	-0.215	-1.099
7.790	0.000	-0.181	-1.216
7.800	0.000	-0.151	-1.148
7.810	0.000	-0.122	-1.109
7.820	0.000	-0.088	-0.938
7.830	0.000	-0.068	-0.723
7.840	1.000	-0.049	-0.581
7.850	1.000	-0.024	-1.671
7.860	1.000	0.059	-3.327
7.870	1.000	0.147	-4.123
7.880	1.000	0.283	-4.998
7.890	1.000	0.469	-5.344
7.900	1.000	0.611	-5.427
7.910	1.000	0.767	-5.071
7.920	1.000	0.923	-4.128
7.930	1.000	1.050	-3.302
7.940	1.000	1.133	-2.291
7.950	1.000	1.177	-1.168
7.960	1.000	1.197	-0.371
7.970	1.000	1.197	0.283
7.980	1.000	1.172	0.684
7.990	1.000	1.148	0.914
8.000	1.000	1.124	0.943
8.010	1.000	1.085	0.967
8.020	1.000	1.050	0.845
8.030	1.000	1.026	0.669
8.040	1.000	1.006	0.523
8.050	0.000	0.977	0.347
8.060	0.000	0.957	1.500
8.070	0.000	0.904	2.916
8.080	0.000	0.787	3.986
8.090	0.000	0.620	5.071
8.100	0.000	0.474	5.296
8.110	0.000	0.313	5.281
8.120	0.000	0.132	4.831
8.130	0.000	-0.010	4.045
8.140	0.000	-0.127	2.916
8.150	0.000	-0.205	1.905
8.160	0.000	-0.254	0.899
8.170	0.000	-0.274	0.005
8.180	0.000	-0.269	-0.567
8.190	0.000	-0.249	-0.918
8.200	0.000	-0.215	-1.109
8.210	0.000	-0.186	-1.221
8.220	0.000	-0.147	-1.158
8.230	0.000	-0.117	-1.109
8.240	0.000	-0.093	-0.948
8.250	0.000	-0.073	-0.728
8.260	1.000	-0.054	-0.572
8.270	1.000	-0.024	-1.666
8.280	1.000	0.029	-2.872
8.290	1.000	0.137	-4.030
8.300	1.000	0.283	-5.007
8.310	1.000	0.410	-5.437
8.320	1.000	0.586	-5.467
8.330	1.000	0.767	-5.066
8.340	1.000	0.879	-4.519
8.350	1.000	1.011	-3.390
8.360	1.000	1.114	-2.408
8.370	1.000	1.168	-1.558
8.380	1.000	1.187	-0.513
8.390	1.000	1.192	0.318
8.400	1.000	1.172	0.660
8.410	1.000	1.153	0.840
8.420	1.000	1.124	0.914
8.430	1.000	1.080	0.957
8.440	1.000	1.055	0.874
8.450	1.000	1.026	0.660
8.460	1.000	1.001	0.503
8.470	0.000	0.977	0.347
8.480	0.000	0.957	1.451
8.490	0.000	0.879	3.087
8.500	0.000	0.767	4.304
8.510	0.000	0.645	4.880
8.520	0.000	0.489	5.286
8.530	0.000	0.293	5.320
8.540	0.000	0.137	4.846
8.550	0.000	0.020	4.069
8.560	0.000	-0.103	3.239
8.570	0.000	-0.200	1.969
8.580	0.000	-0.249	1.109
8.590	0.000	-0.274	0.205
8.600	0.000	-0.269	-0.547
8.610	0.000	-0.254	-0.850
8.620	0.000	-0.225	-1.065
8.630	0.000	-0.186	-1.236
8.640	0.000	-0.156	-1.197
8.650	0.000	-0.103	-1.080
8.660	0.000	-0.093	-1.045
8.670	0.000	-0.064	-0.723
8.680	1.000	-0.049	-0.581
8.690	1.000	-0.034	-1.236
8.700	1.000	0.029	-2.741
8.710	1.000	0.151	-4.094
8.720	1.000	0.278	-4.934
8.730	1.000	0.430	-5.535
8.740	1.000	0.576	-5.471
8.750	1.000	0.767	-5.110
8.760	1.000	0.899	-4.411
8.770	1.000	1.026	-3.332
8.780	1.000	1.094	-2.540
8.790	1.000	1.168	-1.402
8.800	1.000	1.192	-0.430
8.810	1.000	1.192	0.234
8.820	1.000	1.177	0.625
8.830	1.000	1.153	0.860
8.840	1.000	1.128	0.938
8.850	1.000	1.089	0.948
8.860	1.000	1.050	0.855
8.870	1.000	1.031	0.743
8.880	1.000	1.006	0.572
8.890	0.000	0.977	0.415
8.900	0.000	0.967	1.045
8.910	0.000	0.904	2.770
8.920	0.000	0.767	4.279
8.930	0.000	0.635	4.827
8.940	0.000	0.498	5.349
8.950	0.000	0.318	5.398
8.960	0.000	0.147	5.081
8.970	0.000	-0.020	4.206
8.980	0.000	-0.117	3.498
8.990	0.000	-0.210	2.320
9.000	0.000	-0.274	1.070
9.010	0.000	-0.298	0.230
9.020	0.000	-0.298	-0.528
9.030	0.000	-0.269	-1.099
9.040	0.000	-0.234	-1.334
9.050	0.000	-0.191	-1.431
9.060	0.000	-0.151	-1.368
9.070	0.000	-0.122	-1.299
9.080	0.000	-0.093	-1.099
9.090	0.000	-0.059	-0.806
9.100	1.000	-0.044	-0.708
9.110	1.000	-0.005	-1.979
9.120	1.000	0.083	-3.327
9.130	1.000	0.176	-4.201
9.140	1.000	0.313	-4.915
9.150	1.000	0.503	-5.545
9.160	1.000	0.679	-5.388
9.170	1.000	0.816	-5.178
9.180	1.000	0.943	-4.216
9.190	1.000	1.060	-3.337
9.200	1.000	1.163	-1.959
9.210	1.000	1.197	-1.153
9.220	1.000	1.216	-0.357
9.230	1.000	1.221	0.318
9.240	1.000	1.192	0.835
9.250	1.000	1.168	1.045
9.260	1.000	1.128	1.128
9.270	1.000	1.080	1.158
9.280	1.000	1.050	1.060
9.290	1.000	1.016	0.762
9.300	1.000	0.982	0.591
9.310	0.000	0.972	0.386
9.320	0.000	0.933	1.895
9.330	0.000	0.845	3.478
9.340	0.000	0.757	4.343
9.350	0.000	0.606	5.105
9.360	0.000	0.405	5.369
9.370	0.000	0.274	5.315
9.380	0.000	0.117	4.763
9.390	0.000	-0.054	3.635
9.400	0.000	-0.132	3.019
9.410	0.000	-0.220	1.837
9.420	0.000	-0.269	1.050
9.430	0.000	-0.288	0.078
9.440	0.000	-0.288	-0.591
9.450	0.000	-0.264	-1.080
9.460	0.000	-0.225	-1.255
9.470	0.000	-0.191	-1.378
9.480	0.000	-0.151	-1.285
9.490	0.000	-0.117	-1.197
9.500	0.000	-0.093	-1.036
9.510	0.000	-0.064	-0.801
9.520	1.000	-0.039	-0.596
9.530	1.000	-0.020	-1.177
9.540	1.000	0.029	-2.579
9.550	1.000	0.127	-3.820
9.560	1.000	0.269	-4.787
9.570	1.000	0.396	-5.144
9.580	1.000	0.562	-5.271
9.590	1.000	0.728	-5.129
9.600	1.000	0.874	-4.397
9.610	1.000	1.001	-3.459
9.620	1.000	1.080	-2.750
9.630	1.000	1.153	-1.783
9.640	1.000	1.182	-0.606
9.650	1.000	1.187	0.117
9.660	1.000	1.177	0.523
9.670	1.000	1.153	0.806
9.680	1.000	1.128	0.904
9.690	1.000	1.094	0.918
9.700	1.000	1.055	0.865
9.710	1.000	1.031	0.664
9.720	1.000	1.016	0.547
9.730	0.000	0.987	0.425
9.740	0.000	0.957	1.837
9.750	0.000	0.865	3.293
9.760	0.000	0.767	4.392
9.770	0.000	0.616	5.115
9.780	0.000	0.415	5.486
9.790	0.000	0.278	5.418
9.800	0.000	0.122	4.875
9.810	0.000	-0.034	3.894
9.820	0.000	-0.147	2.687
9.830	0.000	-0.220	1.798
9.840	0.000	-0.269	0.757
9.850	0.000	-0.278	-0.059
9.860	0.000	-0.274	-0.684
9.870	0.000	-0.259	-0.997
9.880	0.000	-0.225	-1.163
9.890	0.000	-0.186	-1.309
9.900	0.000	-0.142	-1.216
9.910	0.000	-0.117	-1.197
9.920	0.000	-0.088	-1.011
9.930	1.000	-0.059	-0.801
9.940	1.000	-0.029	-1.939
9.950	1.000	0.064	-3.498
9.960	1.000	0.176	-4.226
9.970	1.000	0.318	-5.090
9.980	1.000	0.474	-5.491
9.990	1.000	0.650	-5.467
10.000	1.000	0.801	-5.139
10.010	1.000	0.953	-4.143
10.020	1.000	1.055	-3.410
10.030	1.000	1.138	-2.404
10.040	1.000	1.192	-1.236
10.050	1.000	1.216	-0.176
10.060	1.000	1.216	0.322
10.070	1.000	1.192	0.777
10.080	1.000	1.158	1.031
10.090	1.000	1.124	1.075
10.100	1.000	1.080	1.075
10.110	1.000	1.050	0.943
10.120	1.000	1.021	0.679
10.130	1.000	0.992	0.581
10.140	0.000	0.977	0.381
10.150	0.000	0.967	0.640
10.160	0.000	0.914	2.404
10.170	0.000	0.801	3.879
10.180	0.000	0.660	4.866
10.190	0.000	0.508	5.476
10.200	0.000	0.352	5.467
10.210	0.000	0.195	4.944
10.220	0.000	0.029	4.113
10.230	0.000	-0.093	3.420
10.240	0.000	-0.171	2.428
10.250	0.000	-0.234	1.319
10.260	0.000	-0.269	0.278
10.270	0.000	-0.269	-0.322
10.280	0.000	-0.259	-0.767
10.290	0.000	-0.230	-1.050
10.300	0.000	-0.195	-1.207
10.310	0.000	-0.161	-1.221
10.320	0.000	-0.132	-1.182
10.330	0.000	-0.098	-1.041
10.340	0.000	-0.073	-0.801
10.350	1.000	-0.054	-0.630
10.360	1.000	-0.029	-1.773
10.370	1.000	0.064	-3.385
10.380	1.000	0.156	-4.143
10.390	1.000	0.313	-4.968
10.400	1.000	0.454	-5.530
10.410	1.000	0.620	-5.354
10.420	1.000	0.782	-5.027
10.430	1.000	0.914	-4.358
10.440	1.000	1.050	-3.283
10.450	1.000	1.133	-2.423
10.460	1.000	1.182	-1.241
10.470	1.000	1.207	-0.313
10.480	1.000	1.207	0.254
10.490	1.000	1.192	0.684
10.500	1.000	1.158	0.957
10.510	1.000	1.128	1.045
10.520	1.000	1.089	1.045
10.530	1.000	1.050	0.928
10.540	1.000	1.031	0.718
10.550	1.000	1.001	0.581
10.560	0.000	0.977	0.371
10.570	0.000	0.962	1.016
10.580	0.000	0.909	2.638
10.590	0.000	0.806	3.889
10.600	0.000	0.660	4.871
10.610	0.000	0.479	5.203
10.620	0.000	0.332	5.408
10.630	0.000	0.181	4.773
10.640	0.000	0.020	4.055
10.650	0.000	-0.107	3.219
10.660	0.000	-0.186	2.218
10.670	0.000	-0.239	1.192
10.680	0.000	-0.269	0.269
10.690	0.000	-0.269	-0.479
10.700	0.000	-0.254	-0.821
10.710	0.000	-0.230	-1.036
10.720	0.000	-0.191	-1.187
10.730	0.000	-0.156	-1.172
10.740	0.000	-0.127	-1.119
10.750	0.000	-0.103	-1.001
10.760	0.000	-0.078	-0.806
10.770	1.000	-0.054	-0.596
10.780	1.000	-0.034	-1.490
10.790	1.000	0.034	-2.956
10.800	1.000	0.151	-4.148
10.810	1.000	0.278	-5.007
10.820	1.000	0.435	-5.530
10.830	1.000	0.611	-5.418
10.840	1.000	0.747	-5.203
10.850	1.000	0.884	-4.450
10.860	1.000	1.026	-3.302
10.870	1.000	1.099	-2.560
10.880	1.000	1.168	-1.549
10.890	1.000	1.197	-0.401
10.900	1.000	1.197	0.264
10.910	1.000	1.182	0.591
10.920	1.000	1.158	0.840
10.930	1.000	1.124	0.943
10.940	1.000	1.089	0.987
10.950	1.000	1.055	0.909
10.960	1.000	1.031	0.674
10.970	1.000	1.011	0.547
10.980	0.000	0.982	0.405
10.990	0.000	0.948	1.837
11.000	0.000	0.879	3.195
11.010	0.000	0.767	4.402
11.020	0.000	0.596	5.252
11.030	0.000	0.415	5.511
11.040	0.000	0.278	5.310
11.050	0.000	0.127	4.797
11.060	0.000	-0.039	3.810
11.070	0.000	-0.132	2.980
11.080	0.000	-0.210	1.886
11.090	0.000	-0.264	0.747
11.100	0.000	-0.274	-0.005
11.110	0.000	-0.274	-0.606
11.120	0.000	-0.244	-0.997
11.130	0.000	-0.215	-1.153
11.140	0.000	-0.186	-1.260
11.150	0.000	-0.142	-1.172
11.160	0.000	-0.112	-1.114
11.170	0.000	-0.088	-0.933
11.180	0.000	-0.064	-0.743
11.190	1.000	-0.044	-0.562
11.200	1.000	-0.010	-1.964
11.210	1.000	0.078	-3.415
11.220	1.000	0.186	-4.319
11.230	1.000	0.298	-4.998
11.240	1.000	0.445	-5.481
11.250	1.000	0.645	-5.344
11.260	1.000	0.796	-5.154
11.270	1.000	0.918	-4.455
11.280	1.000	1.041	-3.517
11.290	1.000	1.153	-2.233
11.300	1.000	1.187	-1.456
11.310	1.000	1.221	-0.132
11.320	1.000	1.221	0.298
11.330	1.000	1.202	0.796
11.340	1.000	1.172	0.997
11.350	1.000	1.133	1.128
11.360	1.000	1.089	1.099
11.370	1.000	1.060	1.031
11.380	1.000	1.031	0.796
11.390	1.000	0.997	0.616
11.400	0.000	0.972	0.410
11.410	0.000	0.957	1.153
11.420	0.000	0.894	2.872
11.430	0.000	0.767	4.299
11.440	0.000	0.616	5.017
11.450	0.000	0.445	5.491
11.460	0.000	0.313	5.256
11.470	0.000	0.147	4.807
11.480	0.000	-0.005	3.918
11.490	0.000	-0.117	3.107
11.500	0.000	-0.200	2.037
11.510	0.000	-0.254	0.982
11.520	0.000	-0.274	0.112
11.530	0.000	-0.274	-0.532
11.540	0.000	-0.254	-0.904
11.550	0.000	-0.225	-1.114
11.560	0.000	-0.191	-1.260
11.570	0.000	-0.156	-1.241
11.580	0.000	-0.122	-1.153
11.590	0.000	-0.093	-0.997
11.600	0.000	-0.073	-0.811
11.610	1.000	-0.054	-0.625
11.620	1.000	-0.010	-2.013
11.630	1.000	0.064	-3.385
11.640	1.000	0.151	-4.123
11.650	1.000	0.308	-4.973
11.660	1.000	0.474	-5.393
11.670	1.000	0.645	-5.383
11.680	1.000	0.777	-5.002
11.690	1.000	0.928	-4.123
11.700	1.000	1.050	-3.249
11.710	1.000	1.128	-2.320
11.720	1.000	1.182	-1.099
11.730	1.000	1.202	-0.401
11.740	1.000	1.202	0.288
11.750	1.000	1.177	0.699
11.760	1.000	1.158	0.899
11.770	1.000	1.128	0.977
11.780	1.000	1.080	0.997
11.790	1.000	1.055	0.928
11.800	1.000	1.026	0.689
11.810	1.000	0.997	0.537
11.820	0.000	0.977	0.347
11.830	0.000	0.962	1.094
11.840	0.000	0.904	2.814
11.850	0.000	0.777	4.187
11.860	0.000	0.635	4.783
11.870	0.000	0.489	5.310
11.880	0.000	0.322	5.139
11.890	0.000	0.142	4.846
11.900	0.000	0.024	4.226
11.910	0.000	-0.107	3.317
11.920	0.000	-0.205	2.052
11.930	0.000	-0.259	0.962
11.940	0.000	-0.274	0.303
11.950	0.000	-0.274	-0.464
11.960	0.000	-0.259	-0.933
11.970	0.000	-0.230	-1.138
11.980	0.000	-0.191	-1.275
11.990	0.000	-0.161	-1.275
12.000	0.000	-0.127	-1.187
12.010	0.000	-0.093	-1.001
12.020	0.000	-0.073	-0.806
12.030	1.000	-0.049	-0.650
12.040	1.000	-0.024	-1.602
12.050	1.000	0.039	-3.053
12.060	1.000	0.176	-4.187
12.070	1.000	0.293	-5.007
12.080	1.000	0.435	-5.515
12.090	1.000	0.606	-5.393
12.100	1.000	0.787	-4.851
12.110	1.000	0.904	-4.577
12.120	1.000	1.036	-3.473
12.130	1.000	1.128	-2.389
12.140	1.000	1.177	-1.285
12.150	1.000	1.207	-0.318
12.160	1.000	1.207	0.308
12.170	1.000	1.182	0.703
12.180	1.000	1.163	0.914
12.190	1.000	1.128	0.997
12.200	1.000	1.085	1.016
12.210	1.000	1.050	0.904
12.220	1.000	1.031	0.762
12.230	1.000	1.001	0.591
12.240	0.000	0.977	0.386
12.250	0.000	0.953	1.519
12.260	0.000	0.899	2.863
12.270	0.000	0.787	4.050
12.280	0.000	0.625	4.993
12.290	0.000	0.440	5.574
12.300	0.000	0.313	5.486
12.310	0.000	0.137	5.017
12.320	0.000	-0.015	4.104
12.330	0.000	-0.137	2.941
12.340	0.000	-0.215	1.935
12.350	0.000	-0.269	0.962
12.360	0.000	-0.278	-0.073
12.370	0.000	-0.278	-0.532
12.380	0.000	-0.264	-0.987
12.390	0.000	-0.225	-1.182
12.400	0.000	-0.186	-1.334
12.410	0.000	-0.147	-1.265
12.420	0.000	-0.112	-1.187
12.430	0.000	-0.088	-1.070
12.440	0.000	-0.059	-0.811
12.450	1.000	-0.044	-0.669
12.460	1.000	-0.005	-1.905
12.470	1.000	0.078	-3.361
12.480	1.000	0.205	-4.441
12.490	1.000	0.318	-4.998
12.500	1.000	0.464	-5.340
12.510	1.000	0.625	-5.164
12.520	1.000	0.801	-4.866
12.530	1.000	0.918	-4.177
12.540	1.000	1.036	-3.239
12.550	1.000	1.133	-2.091
12.560	1.000	1.168	-1.324
12.570	1.000	1.192	-0.337
12.580	1.000	1.192	0.376
12.590	1.000	1.177	0.645
12.600	1.000	1.148	0.870
12.610	1.000	1.109	0.938
12.620	1.000	1.080	0.987
12.630	1.000	1.050	0.860
12.640	1.000	1.021	0.601
12.650	1.000	0.992	0.498
12.660	0.000	0.977	0.357
12.670	0.000	0.957	1.422
12.680	0.000	0.884	3.048
12.690	0.000	0.747	4.450
12.700	0.000	0.601	5.164
12.710	0.000	0.435	5.525
12.720	0.000	0.259	5.027
12.730	0.000	0.127	4.919
12.740	0.000	0.000	4.133
12.750	0.000	-0.122	3.043
12.760	0.000	-0.215	1.734
12.770	0.000	-0.254	1.055
12.780	0.000	-0.278	0.107
12.790	0.000	-0.274	-0.611
12.800	0.000	-0.259	-0.953
12.810	0.000	-0.230	-1.153
12.820	0.000	-0.186	-1.304
12.830	0.000	-0.151	-1.290
12.840	0.000	-0.122	-1.207
12.850	0.000	-0.083	-0.982
12.860	0.000	-0.059	-0.806
12.870	1.000	-0.044	-0.625
12.880	1.000	-0.020	-1.373
12.890	1.000	0.039	-2.882
12.900	1.000	0.156	-4.040
12.910	1.000	0.274	-4.851
12.920	1.000	0.415	-5.418
12.930	1.000	0.620	-5.178
12.940	1.000	0.767	-5.261
12.950	1.000	0.914	-4.348
12.960	1.000	1.036	-3.644
12.970	1.000	1.119	-2.702
12.980	1.000	1.177	-1.534
12.990	1.000	1.212	-0.435
13.000	1.000	1.216	0.156
13.010	1.000	1.207	0.679
13.020	1.000	1.168	1.006
13.030	1.000	1.128	1.148
13.040	1.000	1.094	1.094
13.050	1.000	1.055	1.021
13.060	1.000	1.021	0.728
13.070	1.000	1.001	0.655
13.080	0.000	0.977	0.449
13.090	0.000	0.943	1.817
13.100	0.000	0.855	3.449
13.110	0.000	0.762	4.382
13.120	0.000	0.601	5.183
13.130	0.000	0.410	5.447
13.140	0.000	0.239	5.051
13.150	0.000	0.122	4.958
13.160	0.000	-0.020	4.099
13.170	0.000	-0.151	2.731
13.180	0.000	-0.215	1.964
13.190	0.000	-0.269	0.967
13.200	0.000	-0.288	-0.093
13.210	0.000	-0.278	-0.625
13.220	0.000	-0.259	-1.036
13.230	0.000	-0.225	-1.221
13.240	0.000	-0.191	-1.348
13.250	0.000	-0.147	-1.251
13.260	0.000	-0.112	-1.177
13.270	0.000	-0.083	-0.962
13.280	0.000	-0.059	-0.743
13.290	1.000	-0.039	-0.542
13.300	1.000	-0.029	-0.552
13.310	1.000	0.005	-1.866
13.320	1.000	0.078	-3.249
13.330	1.000	0.191	-4.260
13.340	1.000	0.362	-5.310
13.350	1.000	0.513	-5.769
13.360	1.000	0.703	-5.281
13.370	1.000	0.840	-5.183
13.380	1.000	1.006	-3.962
13.390	1.000	1.104	-3.298
13.400	1.000	1.192	-2.018
13.410	1.000	1.236	-1.158
13.420	1.000	1.255	0.049
13.430	1.000	1.251	0.576
13.440	1.000	1.212	1.050
13.450	1.000	1.172	1.290
13.460	1.000	1.128	1.339
13.470	1.000	1.080	1.353
13.480	1.000	1.041	1.124
13.490	1.000	1.016	0.894
13.500	0.000	0.977	0.718
13.510	0.000	0.923	2.330
13.520	0.000	0.845	3.596
13.530	0.000	0.694	4.656
13.540	0.000	0.567	5.178
13.550	0.000	0.386	5.511
13.560	0.000	0.254	5.169
13.570	0.000	0.059	4.656
13.580	0.000	-0.073	3.600
13.590	0.000	-0.171	2.638
13.600	0.000	-0.230	1.705
13.610	0.000	-0.269	0.703
13.620	0.000	-0.278	-0.264
13.630	0.000	-0.274	-0.801
13.640	0.000	-0.244	-1.099
13.650	0.000	-0.210	-1.255
13.660	0.000	-0.176	-1.314
13.670	0.000	-0.137	-1.216
13.680	0.000	-0.103	-1.099
13.690	0.000	-0.078	-0.923
13.700	1.000	-0.054	-0.708
13.710	1.000	-0.034	-1.426
13.720	1.000	0.039	-3.073
13.730	1.000	0.147	-4.128
13.740	1.000	0.264	-4.841
13.750	1.000	0.410	-5.418
13.760	1.000	0.620	-5.335
13.770	1.000	0.738	-5.437
13.780	1.000	0.943	-4.211
13.790	1.000	1.041	-3.605
13.800	1.000	1.119	-2.702
13.810	1.000	1.177	-1.534
13.820	1.000	1.216	-0.410
13.830	1.000	1.216	0.161
13.840	1.000	1.197	0.694
13.850	1.000	1.163	0.992
13.860	1.000	1.128	1.109
13.870	1.000	1.089	1.089
13.880	1.000	1.055	1.021
13.890	1.000	1.026	0.733
13.900	1.000	0.997	0.591
13.910	0.000	0.977	0.401
13.920	0.000	0.953	1.451
13.930	0.000	0.899	2.848
13.940	0.000	0.791	3.918
13.950	0.000	0.616	5.076
13.960	0.000	0.449	5.721
13.970	0.000	0.308	5.491
13.980	0.000	0.142	5.032
13.990	0.000	-0.015	4.104
14.000	0.000	-0.117	3.200
14.010	0.000	-0.200	2.076
14.020	0.000	-0.264	0.796
14.030	0.000	-0.274	0.191
14.040	0.000	-0.274	-0.708
14.050	0.000	-0.254	-0.972
14.060	0.000	-0.230	-1.138
14.070	0.000	-0.191	-1.295
14.080	0.000	-0.151	-1.221
14.090	0.000	-0.117	-1.172
14.100	0.000	-0.093	-1.016
14.110	0.000	-0.073	-0.772
14.120	1.000	-0.049	-0.586
14.130	1.000	-0.020	-1.768
14.140	1.000	0.039	-3.092
14.150	1.000	0.156	-4.104
14.160	1.000	0.274	-4.944
14.170	1.000	0.425	-5.501
14.180	1.000	0.611	-5.325
14.190	1.000	0.772	-4.998
14.200	1.000	0.909	-4.323
14.210	1.000	1.031	-3.317
14.220	1.000	1.114	-2.345
14.230	1.000	1.168	-1.461
14.240	1.000	1.187	-0.435
14.250	1.000	1.187	0.337
14.260	1.000	1.172	0.650
14.270	1.000	1.143	0.865
14.280	1.000	1.119	0.899
14.290	1.000	1.080	0.933
14.300	1.000	1.050	0.801
14.310	1.000	1.031	0.645
14.320	1.000	1.001	0.518
14.330	0.000	0.977	0.337
14.340	0.000	0.962	1.329
14.350	0.000	0.894	3.000
14.360	0.000	0.767	4.372
14.370	0.000	0.625	4.968
14.380	0.000	0.449	5.491
14.390	0.000	0.288	5.296
14.400	0.000	0.142	4.846
14.410	0.000	0.015	3.981
14.420	0.000	-0.122	2.872
14.430	0.000	-0.195	2.013
14.440	0.000	-0.249	0.982
14.450	0.000	-0.269	0.156
14.460	0.000	-0.269	-0.464
14.470	0.000	-0.249	-0.879
14.480	0.000	-0.225	-1.075
14.490	0.000	-0.191	-1.207
14.500	0.000	-0.151	-1.182
14.510	0.000	-0.122	-1.104
14.520	0.000	-0.093	-0.977
14.530	0.000	-0.073	-0.767
14.540	1.000	-0.054	-0.591
14.550	1.000	-0.015	-1.954
14.560	1.000	0.044	-3.200
14.570	1.000	0.151	-4.128
14.580	1.000	0.308	-4.983
14.590	1.000	0.445	-5.520
14.600	1.000	0.620	-5.300
14.610	1.000	0.787	-4.841
14.620	1.000	0.928	-4.045
14.630	1.000	1.036	-3.405
14.640	1.000	1.119	-2.394
14.650	1.000	1.177	-1.197
14.660	1.000	1.192	-0.332
14.670	1.000	1.197	0.298
14.680	1.000	1.172	0.694
14.690	1.000	1.153	0.899
14.700	1.000	1.119	0.948
14.710	1.000	1.080	0.967
14.720	1.000	1.045	0.840
14.730	1.000	1.026	0.660
14.740	1.000	1.001	0.532
14.750	0.000	0.977	0.337
14.760	0.000	0.957	1.480
14.770	0.000	0.870	3.146
14.780	0.000	0.767	4.299
14.790	0.000	0.630	4.783
14.800	0.000	0.464	5.369
14.810	0.000	0.278	5.227
14.820	0.000	0.132	4.910
14.830	0.000	0.005	4.084
14.840	0.000	-0.117	3.087
14.850	0.000	-0.205	1.847
14.860	0.000	-0.249	1.011
14.870	0.000	-0.269	0.112
14.880	0.000	-0.269	-0.542
14.890	0.000	-0.249	-0.889
14.900	0.000	-0.220	-1.089
14.910	0.000	-0.191	-1.221
14.920	0.000	-0.151	-1.177
14.930	0.000	-0.122	-1.109
14.940	0.000	-0.093	-0.972
14.950	0.000	-0.073	-0.743
14.960	1.000	-0.054	-0.547
14.970	1.000	-0.034	-1.270
14.980	1.000	0.029	-2.848
14.990	1.000	0.122	-3.825
15.000	1.000	0.239	-4.509
15.010	1.000	0.391	-5.256
15.020	1.000	0.562	-5.330
15.030	1.000	0.733	-5.208
15.040	1.000	0.879	-4.489
15.050	1.000	0.987	-3.762
15.060	1.000	1.089	-2.687
15.070	1.000	1.163	-1.588
15.080	1.000	1.192	-0.552
15.090	1.000	1.197	0.122
15.100	1.000	1.182	0.562
15.110	1.000	1.163	0.816
15.120	1.000	1.133	0.933
15.130	1.000	1.099	0.928
15.140	1.000	1.060	0.899
15.150	1.000	1.041	0.752
15.160	1.000	1.016	0.542
15.170	0.000	0.987	0.410
15.180	0.000	0.972	1.099
15.190	0.000	0.918	2.662
15.200	0.000	0.811	3.972
15.210	0.000	0.645	4.934
15.220	0.000	0.493	5.476
15.230	0.000	0.337	5.383
15.240	0.000	0.181	4.807
15.250	0.000	0.024	4.021
15.260	0.000	-0.103	3.229
15.270	0.000	-0.191	2.184
15.280	0.000	-0.239	1.085
15.290	0.000	-0.269	0.225
15.300	0.000	-0.269	-0.449
15.310	0.000	-0.254	-0.801
15.320	0.000	-0.220	-1.075
15.330	0.000	-0.186	-1.236
15.340	0.000	-0.161	-1.226
15.350	0.000	-0.107	-1.109
15.360	0.000	-0.088	-1.001
15.370	0.000	-0.059	-0.787
15.380	1.000	-0.049	-0.674
15.390	1.000	-0.015	-1.842
15.400	1.000	0.068	-3.385
15.410	1.000	0.176	-4.211
15.420	1.000	0.318	-4.963
15.430	1.000	0.479	-5.398
15.440	1.000	0.630	-5.188
15.450	1.000	0.782	-4.778
15.460	1.000	0.928	-3.996
15.470	1.000	1.050	-3.195
15.480	1.000	1.119	-2.291
15.490	1.000	1.168	-1.221
15.500	1.000	1.187	-0.088
15.510	1.000	1.182	0.420
15.520	1.000	1.168	0.689
15.530	1.000	1.143	0.855
15.540	1.000	1.109	0.953
15.550	1.000	1.070	0.957
15.560	1.000	1.045	0.879
15.570	1.000	1.021	0.630
15.580	1.000	0.987	0.498
15.590	0.000	0.977	0.347
15.600	0.000	0.948	1.578
15.610	0.000	0.860	3.219
15.620	0.000	0.738	4.485
15.630	0.000	0.591	5.188
15.640	0.000	0.420	5.447
15.650	0.000	0.259	5.037
15.660	0.000	0.103	4.548
15.670	0.000	-0.029	3.898
15.680	0.000	-0.142	2.594
15.690	0.000	-0.210	1.935
15.700	0.000	-0.254	0.870
15.710	0.000	-0.274	-0.093
15.720	0.000	-0.269	-0.650
15.730	0.000	-0.249	-0.923
15.740	0.000	-0.220	-1.099
15.750	0.000	-0.176	-1.255
15.760	0.000	-0.142	-1.192
15.770	0.000	-0.112	-1.119
15.780	0.000	-0.088	-0.972
15.790	0.000	-0.068	-0.733
15.800	1.000	-0.049	-0.547
15.810	1.000	-0.029	-1.422
15.820	1.000	0.039	-2.902
15.830	1.000	0.151	-4.084
15.840	1.000	0.278	-4.958
15.850	1.000	0.445	-5.481
15.860	1.000	0.606	-5.496
15.870	1.000	0.752	-5.232
15.880	1.000	0.889	-4.480
15.890	1.000	1.031	-3.366
15.900	1.000	1.104	-2.501
15.910	1.000	1.168	-1.480
15.920	1.000	1.192	-0.298
15.930	1.000	1.192	0.274
15.940	1.000	1.177	0.586
15.950	1.000	1.158	0.830
15.960	1.000	1.124	0.928
15.970	1.000	1.085	0.992
15.980	1.000	1.055	0.904
15.990	1.000	1.031	0.699
16.000	1.000	1.001	0.528
16.010	0.000	0.982	0.391
16.020	0.000	0.957	1.553
16.030	0.000	0.894	2.985
16.040	0.000	0.782	4.084
16.050	0.000	0.620	5.051
16.060	0.000	0.445	5.564
16.070	0.000	0.278	5.354
16.080	0.000	0.127	4.812
16.090	0.000	0.010	4.099
16.100	0.000	-0.117	3.107
16.110	0.000	-0.205	1.832
16.120	0.000	-0.249	0.977
16.130	0.000	-0.274	0.024
16.140	0.000	-0.274	-0.454
16.150	0.000	-0.249	-0.904
16.160	0.000	-0.220	-1.094
16.170	0.000	-0.191	-1.221
16.180	0.000	-0.156	-1.197
16.190	0.000	-0.122	-1.119
16.200	0.000	-0.098	-1.021
16.210	0.000	-0.073	-0.767
16.220	1.000	-0.054	-0.601
16.230	1.000	-0.020	-1.812
16.240	1.000	0.049	-3.224
16.250	1.000	0.156	-4.108
16.260	1.000	0.298	-5.012
16.270	1.000	0.430	-5.540
16.280	1.000	0.601	-5.432
16.290	1.000	0.782	-4.880
16.300	1.000	0.914	-4.270
16.310	1.000	1.036	-3.332
16.320	1.000	1.114	-2.457
16.330	1.000	1.168	-1.417
16.340	1.000	1.192	-0.230
16.350	1.000	1.192	0.264
16.360	1.000	1.172	0.664
16.370	1.000	1.143	0.879
16.380	1.000	1.119	0.918
16.390	1.000	1.085	0.943
16.400	1.000	1.055	0.850
16.410	1.000	1.026	0.611
16.420	1.000	1.001	0.498
16.430	0.000	0.982	0.371
16.440	0.000	0.957	1.549
16.450	0.000	0.865	3.263
16.460	0.000	0.752	4.489
16.470	0.000	0.596	5.222
16.480	0.000	0.425	5.520
16.490	0.000	0.283	5.325
16.500	0.000	0.132	4.831
16.510	0.000	-0.029	3.825
16.520	0.000	-0.122	3.058
16.530	0.000	-0.205	1.920
16.540	0.000	-0.259	0.801
16.550	0.000	-0.274	0.064
16.560	0.000	-0.274	-0.562
16.570	0.000	-0.249	-0.972
16.580	0.000	-0.215	-1.168
16.590	0.000	-0.186	-1.280
16.600	0.000	-0.151	-1.192
16.610	0.000	-0.117	-1.128
16.620	0.000	-0.088	-0.957
16.630	0.000	-0.068	-0.777
16.640	1.000	-0.049	-0.611
16.650	1.000	-0.010	-2.003
16.660	1.000	0.064	-3.356
16.670	1.000	0.181	-4.284
16.680	1.000	0.318	-4.929
16.690	1.000	0.479	-5.398
16.700	1.000	0.625	-5.183
16.710	1.000	0.782	-4.856
16.720	1.000	0.933	-3.981
16.730	1.000	1.050	-3.205
16.740	1.000	1.119	-2.418
16.750	1.000	1.177	-1.304
16.760	1.000	1.197	-0.410
16.770	1.000	1.197	0.259
16.780	1.000	1.177	0.660
16.790	1.000	1.158	0.865
16.800	1.000	1.124	0.953
16.810	1.000	1.080	0.972
16.820	1.000	1.055	0.918
16.830	1.000	1.031	0.699
16.840	1.000	1.006	0.552
16.850	0.000	0.977	0.371
16.860	0.000	0.962	1.133
16.870	0.000	0.904	2.799
16.880	0.000	0.791	3.977
16.890	0.000	0.655	4.890
16.900	0.000	0.503	5.393
16.910	0.000	0.332	5.383
16.920	0.000	0.176	4.807
16.930	0.000	0.020	4.084
16.940	0.000	-0.098	3.337
16.950	0.000	-0.181	2.262
16.960	0.000	-0.244	1.045
16.970	0.000	-0.269	0.166
16.980	0.000	-0.269	-0.401
16.990	0.000	-0.254	-0.801
17.000	0.000	-0.225	-1.060
17.010	0.000	-0.191	-1.216
17.020	0.000	-0.156	-1.197
17.030	0.000	-0.122	-1.133
17.040	0.000	-0.098	-1.021
17.050	0.000	-0.078	-0.796
17.060	1.000	-0.054	-0.630
17.070	1.000	-0.020	-1.842
17.080	1.000	0.059	-3.366
17.090	1.000	0.176	-4.260
17.100	1.000	0.303	-4.998
17.110	1.000	0.449	-5.476
17.120	1.000	0.620	-5.193
17.130	1.000	0.791	-4.885
17.140	1.000	0.918	-4.240
17.150	1.000	1.045	-3.307
17.160	1.000	1.124	-2.394
17.170	1.000	1.177	-1.275
17.180	1.000	1.197	-0.195
17.190	1.000	1.192	0.352
17.200	1.000	1.177	0.655
17.210	1.000	1.153	0.884
17.220	1.000	1.114	0.943
17.230	1.000	1.080	0.982
17.240	1.000	1.045	0.845
17.250	1.000	1.026	0.640
17.260	1.000	1.001	0.528
17.270	0.000	0.977	0.357
17.280	0.000	0.948	1.749
17.290	0.000	0.870	3.180
17.300	0.000	0.713	4.494
17.310	0.000	0.581	5.286
17.320	0.000	0.391	5.496
17.330	0.000	0.269	5.413
17.340	0.000	0.107	4.807
17.350	0.000	-0.059	3.727
17.360	0.000	-0.142	2.985
17.370	0.000	-0.234	1.910
17.380	0.000	-0.278	0.738
17.390	0.000	-0.293	-0.191
17.400	0.000	-0.288	-0.747
17.410	0.000	-0.259	-1.168
17.420	0.000	-0.225	-1.314
17.430	0.000	-0.181	-1.412
17.440	0.000	-0.147	-1.343
17.450	0.000	-0.112	-1.251
17.460	0.000	-0.078	-0.997
17.470	1.000	-0.054	-0.816
17.480	1.000	-0.020	-1.949
17.490	1.000	0.078	-3.503
17.500	1.000	0.166	-4.123
17.510	1.000	0.303	-5.002
17.520	1.000	0.503	-5.589
17.530	1.000	0.650	-5.608
17.540	1.000	0.796	-5.105
17.550	1.000	0.938	-4.133
17.560	1.000	1.075	-3.043
17.570	1.000	1.148	-2.306
17.580	1.000	1.192	-1.270
17.590	1.000	1.216	-0.337
17.600	1.000	1.216	0.454
17.610	1.000	1.192	0.782
17.620	1.000	1.163	1.011
17.630	1.000	1.119	1.075
17.640	1.000	1.089	1.080
17.650	1.000	1.050	0.967
17.660	1.000	1.016	0.669
17.670	1.000	0.987	0.606
17.680	0.000	0.972	0.347
17.690	0.000	0.957	1.050
17.700	0.000	0.899	2.789
17.710	0.000	0.767	4.284
17.720	0.000	0.630	4.768
17.730	0.000	0.449	5.486
17.740	0.000	0.318	5.335
17.750	0.000	0.151	4.939
17.760	0.000	-0.005	4.104
17.770	0.000	-0.132	2.921
17.780	0.000	-0.195	2.320
17.790	0.000	-0.264	1.114
17.800	0.000	-0.283	0.088
17.810	0.000	-0.278	-0.601
17.820	0.000	-0.269	-0.943
17.830	0.000	-0.234	-1.177
17.840	0.000	-0.195	-1.339
17.850	0.000	-0.156	-1.295
17.860	0.000	-0.117	-1.187
17.870	0.000	-0.093	-1.094
17.880	0.000	-0.059	-0.772
17.890	1.000	-0.044	-0.650
17.900	1.000	-0.015	-1.627
17.910	1.000	0.044	-3.063
17.920	1.000	0.186	-4.289
17.930	1.000	0.288	-4.963
17.940	1.000	0.445	-5.462
17.950	1.000	0.630	-5.217
17.960	1.000	0.801	-4.963
17.970	1.000	0.904	-4.577
17.980	1.000	1.041	-3.517
17.990	1.000	1.133	-2.394
18.000	1.000	1.187	-1.231
18.010	1.000	1.212	-0.489
18.020	1.000	1.212	0.234
18.030	1.000	1.192	0.777
18.040	1.000	1.163	0.997
18.050	1.000	1.128	1.080
18.060	1.000	1.085	1.085
18.070	1.000	1.050	0.957
18.080	1.000	1.026	0.762
18.090	1.000	0.997	0.616
18.100	0.000	0.972	0.366
18.110	0.000	0.962	1.075
18.120	0.000	0.884	2.965
18.130	0.000	0.767	4.294
18.140	0.000	0.645	4.861
18.150	0.000	0.489	5.266
18.160	0.000	0.288	5.266
18.170	0.000	0.142	5.027
18.180	0.000	0.020	4.235
18.190	0.000	-0.112	3.298
18.200	0.000	-0.215	1.925
18.210	0.000	-0.254	1.251
18.220	0.000	-0.288	-0.107
18.230	0.000	-0.288	-0.537
18.240	0.000	-0.269	-1.001
18.250	0.000	-0.234	-1.197
18.260	0.000	-0.200	-1.319
18.270	0.000	-0.151	-1.285
18.280	0.000	-0.122	-1.216
18.290	0.000	-0.098	-1.099
18.300	0.000	-0.068	-0.840
18.310	1.000	-0.049	-0.645
18.320	1.000	-0.015	-1.661
18.330	1.000	0.049	-3.117
18.340	1.000	0.137	-4.001
18.350	1.000	0.269	-4.851
18.360	1.000	0.440	-5.476
18.370	1.000	0.620	-5.330
18.380	1.000	0.772	-5.032
18.390	1.000	0.909	-4.402
18.400	1.000	1.036	-3.395
18.410	1.000	1.119	-2.433
18.420	1.000	1.172	-1.378
18.430	1.000	1.202	-0.318
18.440	1.000	1.207	0.171
18.450	1.000	1.187	0.606
18.460	1.000	1.158	0.889
18.470	1.000	1.128	0.982
18.480	1.000	1.094	0.977
18.490	1.000	1.050	0.899
18.500	1.000	1.026	0.694
18.510	1.000	1.001	0.547
18.520	0.000	0.982	0.386
18.530	0.000	0.957	1.426
18.540	0.000	0.904	2.833
18.550	0.000	0.791	3.937
18.560	0.000	0.620	5.061
18.570	0.000	0.489	5.530
18.580	0.000	0.244	5.085
