0.010	1.000	0.357	0.601
0.020	1.000	0.362	-1.055
0.030	1.000	0.410	-2.208
0.040	0.000	0.508	-3.083
0.050	0.000	0.591	-1.681
0.060	0.000	0.611	0.093
0.070	0.000	0.586	1.588
0.080	0.000	0.493	2.809
0.090	1.000	0.391	3.346
0.100	1.000	0.308	2.369
0.110	1.000	0.269	0.142
0.120	1.000	0.293	-1.842
0.130	1.000	0.342	-2.843
0.140	1.000	0.435	-3.635
0.150	0.000	0.586	-4.021
0.160	0.000	0.669	-2.814
0.170	0.000	0.708	-0.112
0.180	0.000	0.674	1.969
0.190	0.000	0.596	3.185
0.200	1.000	0.479	3.757
0.210	1.000	0.386	2.960
0.220	1.000	0.322	0.679
0.230	1.000	0.327	-1.192
0.240	1.000	0.362	-2.184
0.250	0.000	0.435	-3.087
0.260	0.000	0.537	-1.480
0.270	0.000	0.562	0.298
0.280	0.000	0.532	1.378
0.290	0.000	0.464	2.374
0.300	1.000	0.362	3.078
0.310	1.000	0.278	1.720
0.320	1.000	0.259	-0.489
0.330	1.000	0.283	-2.037
0.340	1.000	0.342	-3.019
0.350	1.000	0.445	-3.776
0.360	0.000	0.601	-4.108
0.370	0.000	0.684	-2.960
0.380	0.000	0.733	-0.449
0.390	0.000	0.703	1.798
0.400	0.000	0.645	2.829
0.410	1.000	0.532	3.820
0.420	1.000	0.405	2.242
0.430	1.000	0.362	0.684
0.440	1.000	0.362	-1.001
0.450	1.000	0.425	-2.384
0.460	0.000	0.508	-3.063
0.470	0.000	0.586	-2.193
0.480	0.000	0.611	0.122
0.490	0.000	0.576	1.788
0.500	0.000	0.489	2.809
0.510	1.000	0.391	3.322
0.520	1.000	0.298	1.808
0.530	1.000	0.274	-0.337
0.540	1.000	0.298	-1.856
0.550	1.000	0.371	-3.034
0.560	1.000	0.445	-3.620
0.570	0.000	0.572	-3.850
0.580	0.000	0.674	-1.812
0.590	0.000	0.694	0.528
0.600	0.000	0.645	2.081
0.610	0.000	0.572	3.136
0.620	1.000	0.474	3.639
0.630	1.000	0.366	2.413
0.640	1.000	0.322	-0.117
0.650	1.000	0.342	-1.602
0.660	1.000	0.396	-2.369
0.670	0.000	0.479	-3.102
0.680	0.000	0.586	-1.524
0.690	0.000	0.591	0.425
0.700	0.000	0.572	1.485
0.710	0.000	0.493	2.604
0.720	1.000	0.376	3.288
0.730	1.000	0.283	1.817
0.740	1.000	0.269	-0.322
0.750	1.000	0.293	-1.939
0.760	1.000	0.342	-2.892
0.770	0.000	0.435	-3.688
0.780	0.000	0.567	-1.935
0.790	0.000	0.586	-0.332
0.800	0.000	0.576	1.207
0.810	0.000	0.489	2.550
0.820	0.000	0.401	3.092
0.830	1.000	0.293	3.390
0.840	1.000	0.210	1.671
0.850	1.000	0.186	-0.606
0.860	1.000	0.225	-2.301
0.870	1.000	0.293	-3.332
0.880	0.000	0.401	-4.113
0.890	0.000	0.537	-2.574
0.900	0.000	0.591	-0.410
0.910	0.000	0.581	1.158
0.920	0.000	0.523	2.120
0.930	1.000	0.435	2.946
0.940	1.000	0.347	1.246
0.950	1.000	0.332	-0.718
0.960	1.000	0.376	-2.003
0.970	1.000	0.449	-2.946
0.980	0.000	0.523	-3.346
0.990	0.000	0.620	-1.773
1.000	0.000	0.635	0.449
1.010	0.000	0.611	1.798
1.020	0.000	0.523	2.848
1.030	0.000	0.405	3.473
1.040	1.000	0.313	3.654
1.050	1.000	0.215	1.988
1.060	1.000	0.181	-0.703
1.070	1.000	0.230	-2.360
1.080	1.000	0.293	-3.395
1.090	0.000	0.405	-4.201
1.100	0.000	0.552	-2.462
1.110	0.000	0.586	-0.772
1.120	0.000	0.586	0.938
1.130	0.000	0.508	2.408
1.140	1.000	0.435	3.019
1.150	1.000	0.352	1.715
1.160	1.000	0.332	-0.757
1.170	1.000	0.357	-1.788
1.180	1.000	0.430	-2.789
1.190	0.000	0.537	-3.371
1.200	0.000	0.625	-1.837
1.210	0.000	0.645	0.200
1.220	0.000	0.630	1.383
1.230	0.000	0.572	2.609
1.240	0.000	0.435	3.610
1.250	1.000	0.322	3.654
1.260	1.000	0.220	2.008
1.270	1.000	0.191	0.191
1.280	1.000	0.210	-1.729
1.290	1.000	0.298	-3.337
1.300	0.000	0.391	-3.981
1.310	0.000	0.503	-2.838
1.320	0.000	0.567	-0.425
1.330	0.000	0.562	0.801
1.340	0.000	0.508	2.110
1.350	1.000	0.405	2.897
1.360	1.000	0.332	2.071
1.370	1.000	0.298	0.073
1.380	1.000	0.318	-1.817
1.390	1.000	0.391	-2.819
1.400	0.000	0.489	-3.552
1.410	0.000	0.581	-2.633
1.420	0.000	0.620	-0.200
1.430	0.000	0.591	1.646
1.440	0.000	0.528	2.545
1.450	0.000	0.430	3.293
1.460	1.000	0.308	3.532
1.470	1.000	0.215	1.817
1.480	1.000	0.186	-0.000
1.490	1.000	0.210	-1.876
1.500	1.000	0.298	-3.405
1.510	0.000	0.415	-4.304
1.520	0.000	0.532	-2.902
1.530	0.000	0.591	-1.172
1.540	0.000	0.596	0.752
1.550	0.000	0.532	2.252
1.560	1.000	0.459	2.946
1.570	1.000	0.376	1.803
1.580	1.000	0.342	-0.562
1.590	1.000	0.371	-1.637
1.600	1.000	0.430	-2.643
1.610	0.000	0.542	-3.249
1.620	0.000	0.625	-1.661
1.630	0.000	0.650	0.249
1.640	0.000	0.616	1.817
1.650	0.000	0.562	2.643
1.660	1.000	0.449	3.498
1.670	1.000	0.337	1.724
1.680	1.000	0.318	0.098
1.690	1.000	0.327	-1.368
1.700	1.000	0.401	-2.677
1.710	1.000	0.474	-3.175
1.720	0.000	0.586	-3.615
1.730	0.000	0.684	-1.510
1.740	0.000	0.694	0.366
1.750	0.000	0.655	1.959
1.760	0.000	0.562	3.180
1.770	1.000	0.435	3.991
1.780	1.000	0.337	2.990
1.790	1.000	0.283	0.718
1.800	1.000	0.288	-1.451
1.810	1.000	0.332	-2.501
1.820	0.000	0.420	-3.425
1.830	0.000	0.528	-1.773
1.840	0.000	0.562	-0.293
1.850	0.000	0.532	1.182
1.860	0.000	0.459	2.438
1.870	1.000	0.396	2.848
1.880	1.000	0.313	1.500
1.890	1.000	0.293	-0.747
1.900	1.000	0.332	-2.247
1.910	1.000	0.415	-3.190
1.920	1.000	0.493	-3.615
1.930	0.000	0.611	-3.786
1.940	0.000	0.713	-1.466
1.950	0.000	0.728	0.616
1.960	0.000	0.689	1.988
1.970	0.000	0.611	3.214
1.980	1.000	0.464	4.030
1.990	1.000	0.371	3.161
2.000	1.000	0.308	0.894
2.010	1.000	0.303	-1.187
2.020	1.000	0.357	-2.521
2.030	0.000	0.440	-3.356
2.040	0.000	0.532	-2.076
2.050	0.000	0.581	-0.088
2.060	0.000	0.562	1.045
2.070	0.000	0.498	2.281
2.080	1.000	0.396	2.995
2.090	1.000	0.318	1.988
2.100	1.000	0.283	-0.010
2.110	1.000	0.313	-1.881
2.120	1.000	0.391	-2.956
2.130	1.000	0.464	-3.488
2.140	0.000	0.586	-3.850
2.150	0.000	0.689	-1.627
2.160	0.000	0.703	0.601
2.170	0.000	0.660	2.164
2.180	0.000	0.596	3.141
2.190	1.000	0.479	3.713
2.200	1.000	0.347	1.988
2.210	1.000	0.318	0.318
2.220	1.000	0.327	-1.192
2.230	1.000	0.401	-2.506
2.240	0.000	0.459	-3.117
2.250	0.000	0.557	-1.842
2.260	0.000	0.586	0.410
2.270	0.000	0.552	1.456
2.280	0.000	0.479	2.482
2.290	1.000	0.371	3.224
2.300	1.000	0.298	2.189
2.310	1.000	0.264	-0.059
2.320	1.000	0.288	-1.964
2.330	1.000	0.342	-2.956
2.340	1.000	0.440	-3.723
2.350	0.000	0.591	-4.084
2.360	0.000	0.694	-2.252
2.370	0.000	0.728	-0.435
2.380	0.000	0.708	1.456
2.390	0.000	0.625	3.048
2.400	1.000	0.503	3.967
2.410	1.000	0.405	3.141
2.420	1.000	0.337	0.982
2.430	1.000	0.337	-1.187
2.440	1.000	0.396	-2.252
2.450	0.000	0.474	-3.009
2.460	0.000	0.562	-1.842
2.470	0.000	0.586	0.127
2.480	0.000	0.557	1.470
2.490	0.000	0.484	2.516
2.500	1.000	0.396	3.083
2.510	1.000	0.308	1.685
2.520	1.000	0.283	-0.362
2.530	1.000	0.308	-1.861
2.540	1.000	0.386	-2.960
2.550	0.000	0.484	-3.600
2.560	0.000	0.591	-2.277
2.570	0.000	0.620	0.103
2.580	0.000	0.591	1.612
2.590	0.000	0.532	2.447
2.600	0.000	0.435	3.239
2.610	1.000	0.313	3.468
2.620	1.000	0.220	1.827
2.630	1.000	0.191	0.029
2.640	1.000	0.215	-1.861
2.650	1.000	0.308	-3.371
2.660	0.000	0.420	-4.260
2.670	0.000	0.518	-3.366
2.680	0.000	0.591	-1.133
2.690	0.000	0.591	1.050
2.700	0.000	0.523	2.262
2.710	1.000	0.435	3.073
2.720	1.000	0.362	2.272
2.730	1.000	0.327	0.068
2.740	1.000	0.347	-1.700
2.750	1.000	0.401	-2.472
2.760	0.000	0.489	-3.205
2.770	0.000	0.591	-1.534
2.780	0.000	0.606	0.195
2.790	0.000	0.581	1.597
2.800	0.000	0.479	2.770
2.810	0.000	0.401	3.205
2.820	1.000	0.293	3.483
2.830	1.000	0.195	1.329
2.840	1.000	0.181	-0.479
2.850	1.000	0.220	-2.247
2.860	1.000	0.318	-3.547
2.870	0.000	0.435	-4.431
2.880	0.000	0.542	-3.381
2.890	0.000	0.611	-1.026
2.900	0.000	0.601	1.226
2.910	0.000	0.537	2.364
2.920	1.000	0.464	3.019
2.930	1.000	0.376	1.891
2.940	1.000	0.347	-0.493
2.950	1.000	0.376	-1.768
2.960	1.000	0.440	-2.741
2.970	0.000	0.532	-3.234
2.980	0.000	0.625	-1.764
2.990	0.000	0.645	0.156
3.000	0.000	0.625	1.441
3.010	0.000	0.567	2.574
3.020	0.000	0.430	3.610
3.030	1.000	0.332	3.766
3.040	1.000	0.239	1.900
3.050	1.000	0.215	-0.572
3.060	1.000	0.244	-2.120
3.070	1.000	0.308	-3.092
3.080	0.000	0.410	-3.996
3.090	0.000	0.537	-2.252
3.100	0.000	0.581	-0.200
3.110	0.000	0.567	1.212
3.120	0.000	0.493	2.408
3.130	1.000	0.405	3.004
3.140	1.000	0.332	2.071
3.150	1.000	0.298	0.068
3.160	1.000	0.318	-1.817
3.170	1.000	0.396	-2.824
3.180	0.000	0.498	-3.561
3.190	0.000	0.586	-2.692
3.200	0.000	0.620	-0.313
3.210	0.000	0.596	1.593
3.220	0.000	0.518	2.697
3.230	0.000	0.440	3.254
3.240	1.000	0.337	3.488
3.250	1.000	0.239	1.275
3.260	1.000	0.220	-0.630
3.270	1.000	0.249	-1.861
3.280	1.000	0.318	-3.097
3.290	0.000	0.449	-4.084
3.300	0.000	0.576	-2.574
3.310	0.000	0.611	-0.283
3.320	0.000	0.601	1.080
3.330	0.000	0.547	2.218
3.340	1.000	0.435	3.244
3.350	1.000	0.337	1.866
3.360	1.000	0.313	-0.098
3.370	1.000	0.322	-1.265
3.380	1.000	0.376	-2.433
3.390	0.000	0.484	-3.307
3.400	0.000	0.586	-1.939
3.410	0.000	0.611	-0.259
3.420	0.000	0.591	1.383
3.430	0.000	0.503	2.716
3.440	1.000	0.405	3.239
3.450	1.000	0.322	2.247
3.460	1.000	0.288	0.161
3.470	1.000	0.308	-1.778
3.480	1.000	0.362	-2.760
3.490	1.000	0.454	-3.488
3.500	0.000	0.596	-3.874
3.510	0.000	0.679	-2.755
3.520	0.000	0.723	-0.269
3.530	0.000	0.684	1.871
3.540	0.000	0.611	3.146
3.550	1.000	0.513	3.820
3.560	1.000	0.405	2.565
3.570	1.000	0.352	0.181
3.580	1.000	0.362	-1.383
3.590	1.000	0.401	-2.189
3.600	0.000	0.484	-2.941
3.610	0.000	0.581	-1.417
3.620	0.000	0.591	0.489
3.630	0.000	0.572	1.500
3.640	0.000	0.493	2.594
3.650	1.000	0.376	3.312
3.660	1.000	0.283	1.915
3.670	1.000	0.259	-0.298
3.680	1.000	0.283	-1.891
3.690	1.000	0.332	-2.868
3.700	1.000	0.435	-3.718
3.710	0.000	0.586	-4.069
3.720	0.000	0.684	-2.364
3.730	0.000	0.718	-0.376
3.740	0.000	0.699	1.466
3.750	0.000	0.611	3.083
3.760	1.000	0.498	3.864
3.770	1.000	0.386	2.555
3.780	1.000	0.332	0.381
3.790	1.000	0.332	-0.923
3.800	1.000	0.376	-2.154
3.810	0.000	0.474	-3.048
3.820	0.000	0.572	-1.886
3.830	0.000	0.591	-0.254
3.840	0.000	0.581	1.246
3.850	0.000	0.489	2.604
3.860	1.000	0.401	3.092
3.870	1.000	0.318	2.081
3.880	1.000	0.283	0.064
3.890	1.000	0.313	-1.851
3.900	1.000	0.362	-2.809
3.910	1.000	0.459	-3.498
3.920	0.000	0.601	-3.903
3.930	0.000	0.699	-2.027
3.940	0.000	0.728	-0.278
3.950	0.000	0.703	1.573
3.960	0.000	0.616	3.161
3.970	1.000	0.498	3.952
3.980	1.000	0.401	3.029
3.990	1.000	0.332	0.855
4.000	1.000	0.332	-1.255
4.010	1.000	0.376	-2.164
4.020	0.000	0.454	-3.024
4.030	0.000	0.552	-1.397
4.040	0.000	0.572	0.073
4.050	0.000	0.532	1.451
4.060	0.000	0.449	2.648
4.070	1.000	0.357	3.136
4.080	1.000	0.278	1.637
4.090	1.000	0.259	-0.098
4.100	1.000	0.278	-1.783
4.110	1.000	0.362	-3.195
4.120	1.000	0.445	-3.781
4.130	0.000	0.572	-4.006
4.140	0.000	0.684	-1.827
4.150	0.000	0.703	0.142
4.160	0.000	0.664	1.842
4.170	0.000	0.581	3.180
4.180	1.000	0.454	3.908
4.190	1.000	0.362	3.029
4.200	1.000	0.303	0.777
4.210	1.000	0.303	-1.319
4.220	1.000	0.366	-2.618
4.230	0.000	0.430	-3.278
4.240	0.000	0.518	-2.013
4.250	0.000	0.562	0.181
4.260	0.000	0.532	1.251
4.270	0.000	0.474	2.228
4.280	1.000	0.371	3.029
4.290	1.000	0.288	1.676
4.300	1.000	0.269	-0.474
4.310	1.000	0.298	-2.008
4.320	1.000	0.371	-3.112
4.330	0.000	0.449	-3.664
4.340	0.000	0.562	-2.267
4.350	0.000	0.596	0.210
4.360	0.000	0.581	1.290
4.370	0.000	0.508	2.472
4.380	0.000	0.401	3.102
4.390	1.000	0.313	3.302
4.400	1.000	0.225	1.641
4.410	1.000	0.200	-0.410
4.420	1.000	0.239	-2.057
4.430	1.000	0.313	-3.254
4.440	0.000	0.454	-4.255
4.450	0.000	0.586	-2.721
4.460	0.000	0.625	-0.445
4.470	0.000	0.611	1.212
4.480	0.000	0.576	2.106
4.490	1.000	0.479	2.970
4.500	1.000	0.376	1.475
4.510	1.000	0.352	-0.327
4.520	1.000	0.386	-1.646
4.530	1.000	0.440	-2.638
4.540	0.000	0.513	-3.112
4.550	0.000	0.601	-1.676
4.560	0.000	0.611	0.826
4.570	0.000	0.581	1.827
4.580	0.000	0.498	2.833
4.590	0.000	0.371	3.483
4.600	1.000	0.259	3.468
4.610	1.000	0.161	1.822
4.620	1.000	0.142	-0.718
4.630	1.000	0.191	-2.364
4.640	1.000	0.274	-3.605
4.650	0.000	0.396	-4.319
4.660	0.000	0.498	-3.630
4.670	0.000	0.581	-1.368
4.680	0.000	0.591	0.782
4.690	0.000	0.528	2.037
4.700	1.000	0.440	2.936
4.710	1.000	0.362	1.734
4.720	1.000	0.337	-0.352
4.730	1.000	0.352	-1.524
4.740	1.000	0.410	-2.565
4.750	0.000	0.523	-3.346
4.760	0.000	0.620	-1.788
4.770	0.000	0.635	0.122
4.780	0.000	0.620	1.407
4.790	0.000	0.557	2.521
4.800	0.000	0.430	3.537
4.810	1.000	0.337	3.703
4.820	1.000	0.244	1.822
4.830	1.000	0.220	-0.567
4.840	1.000	0.259	-2.169
4.850	1.000	0.313	-3.009
4.860	0.000	0.415	-3.957
4.870	0.000	0.542	-2.145
4.880	0.000	0.586	-0.117
4.890	0.000	0.567	1.275
4.900	0.000	0.508	2.257
4.910	1.000	0.425	2.980
4.920	1.000	0.327	1.207
4.930	1.000	0.313	-0.528
4.940	1.000	0.332	-1.627
4.950	1.000	0.401	-2.658
4.960	0.000	0.513	-3.493
4.970	0.000	0.611	-1.998
4.980	0.000	0.630	0.015
4.990	0.000	0.611	1.637
5.000	0.000	0.532	2.726
5.010	0.000	0.435	3.454
5.020	1.000	0.347	3.639
5.030	1.000	0.254	1.959
5.040	1.000	0.225	-0.547
5.050	1.000	0.244	-1.754
5.060	1.000	0.313	-2.941
5.070	0.000	0.440	-4.060
5.080	0.000	0.537	-3.136
5.090	0.000	0.606	-0.874
5.100	0.000	0.591	1.319
5.110	0.000	0.523	2.462
5.120	1.000	0.430	3.195
5.130	1.000	0.337	1.876
5.140	1.000	0.313	0.215
5.150	1.000	0.322	-1.304
5.160	1.000	0.396	-2.609
5.170	0.000	0.493	-3.332
5.180	0.000	0.591	-2.052
5.190	0.000	0.616	0.210
5.200	0.000	0.586	1.685
5.210	0.000	0.503	2.750
5.220	0.000	0.410	3.268
5.230	1.000	0.322	3.351
5.240	1.000	0.234	2.677
5.250	1.000	0.176	-0.151
5.260	1.000	0.205	-1.979
5.270	1.000	0.283	-3.337
5.280	0.000	0.391	-4.021
5.290	0.000	0.508	-2.887
5.300	0.000	0.572	-0.762
5.310	0.000	0.567	0.845
5.320	0.000	0.508	2.125
5.330	1.000	0.440	2.745
5.340	1.000	0.366	1.524
5.350	1.000	0.342	-0.806
5.360	1.000	0.391	-1.959
5.370	1.000	0.454	-2.833
5.380	0.000	0.562	-3.214
5.390	0.000	0.635	-1.788
5.400	0.000	0.660	0.347
5.410	0.000	0.625	1.881
5.420	0.000	0.547	2.931
5.430	1.000	0.435	3.669
5.440	1.000	0.327	2.247
5.450	1.000	0.293	0.664
5.460	1.000	0.293	-1.158
5.470	1.000	0.362	-2.745
5.480	1.000	0.430	-3.410
5.490	0.000	0.547	-3.698
5.500	0.000	0.655	-1.739
5.510	0.000	0.674	0.386
5.520	0.000	0.635	1.832
5.530	0.000	0.567	2.912
5.540	1.000	0.440	3.781
5.550	1.000	0.337	2.281
5.560	1.000	0.298	0.249
5.570	1.000	0.308	-1.402
5.580	1.000	0.366	-2.643
5.590	0.000	0.459	-3.366
5.600	0.000	0.567	-2.125
5.610	0.000	0.596	-0.059
5.620	0.000	0.581	1.343
5.630	0.000	0.503	2.535
5.640	1.000	0.430	3.078
5.650	1.000	0.337	1.720
5.660	1.000	0.318	-0.591
5.670	1.000	0.352	-1.910
5.680	1.000	0.425	-2.887
5.690	1.000	0.518	-3.439
5.700	0.000	0.625	-3.459
5.710	0.000	0.723	-1.817
5.720	0.000	0.738	-0.107
5.730	0.000	0.713	1.773
5.740	0.000	0.616	3.366
5.750	1.000	0.513	4.030
5.760	1.000	0.401	2.682
5.770	1.000	0.337	0.195
5.780	1.000	0.337	-1.104
5.790	1.000	0.396	-2.208
5.800	0.000	0.498	-3.200
5.810	0.000	0.581	-2.399
5.820	0.000	0.611	-0.117
5.830	0.000	0.581	1.661
5.840	0.000	0.498	2.750
5.850	1.000	0.396	3.254
5.860	1.000	0.318	2.389
5.870	1.000	0.278	0.288
5.880	1.000	0.293	-1.720
5.890	1.000	0.342	-2.731
5.900	1.000	0.435	-3.556
5.910	0.000	0.586	-3.952
5.920	0.000	0.664	-2.902
5.930	0.000	0.694	1.436
5.940	0.000	0.669	1.935
5.950	0.000	0.586	3.190
5.960	1.000	0.493	3.840
5.970	1.000	0.381	2.404
5.980	1.000	0.337	0.850
5.990	1.000	0.347	-1.505
6.000	1.000	0.396	-2.277
6.010	0.000	0.464	-2.975
6.020	0.000	0.552	-1.715
6.030	0.000	0.576	0.498
6.040	0.000	0.537	1.485
6.050	0.000	0.435	2.809
6.060	1.000	0.362	3.161
6.070	1.000	0.278	1.739
6.080	1.000	0.254	-0.122
6.090	1.000	0.274	-1.798
6.100	1.000	0.357	-3.200
6.110	1.000	0.464	-3.781
6.120	0.000	0.591	-4.133
6.130	0.000	0.684	-2.946
6.140	0.000	0.733	-0.195
6.150	0.000	0.708	1.700
6.160	0.000	0.630	2.902
6.170	1.000	0.532	3.786
6.180	1.000	0.430	2.516
6.190	1.000	0.371	0.249
6.200	1.000	0.376	-1.001
6.210	1.000	0.425	-2.159
6.220	0.000	0.513	-2.990
6.230	0.000	0.606	-2.775
6.240	0.000	0.645	-0.874
6.250	0.000	0.645	0.938
6.260	0.000	0.586	2.526
6.270	1.000	0.474	3.341
6.280	1.000	0.386	3.591
6.290	1.000	0.303	1.304
6.300	1.000	0.288	-0.884
6.310	1.000	0.332	-2.277
6.320	0.000	0.415	-3.258
6.330	0.000	0.498	-2.648
6.340	0.000	0.552	-0.645
6.350	0.000	0.532	1.236
6.360	0.000	0.474	2.154
6.370	0.000	0.391	2.809
6.380	1.000	0.298	3.131
6.390	1.000	0.225	1.998
6.400	1.000	0.191	-0.205
6.410	1.000	0.230	-2.198
6.420	1.000	0.298	-3.307
6.430	0.000	0.425	-4.226
6.440	0.000	0.552	-2.408
6.450	0.000	0.591	-0.962
6.460	0.000	0.591	0.938
6.470	0.000	0.518	2.286
6.480	1.000	0.449	2.965
6.490	1.000	0.371	1.666
6.500	1.000	0.342	-0.713
6.510	1.000	0.371	-1.661
6.520	1.000	0.430	-2.697
6.530	0.000	0.523	-3.254
6.540	0.000	0.620	-1.192
6.550	0.000	0.630	0.366
6.560	0.000	0.601	1.695
6.570	0.000	0.523	2.755
6.580	0.000	0.425	3.537
6.590	1.000	0.293	3.727
6.600	1.000	0.195	1.803
6.610	1.000	0.176	-0.596
6.620	1.000	0.205	-2.101
6.630	1.000	0.293	-3.512
6.640	0.000	0.391	-4.167
6.650	0.000	0.508	-2.741
6.660	0.000	0.567	-0.503
6.670	0.000	0.552	1.006
6.680	0.000	0.493	2.193
6.690	1.000	0.410	2.868
6.700	1.000	0.327	1.627
6.710	1.000	0.298	-0.195
6.720	1.000	0.313	-1.456
6.730	1.000	0.376	-2.653
6.740	0.000	0.489	-3.498
6.750	0.000	0.596	-3.400
6.760	0.000	0.650	-1.290
6.770	0.000	0.655	0.723
6.780	0.000	0.596	2.491
6.790	0.000	0.513	3.263
6.800	1.000	0.401	3.635
6.810	1.000	0.293	1.910
6.820	1.000	0.269	-0.332
6.830	1.000	0.283	-1.705
6.840	1.000	0.352	-3.000
6.850	0.000	0.454	-3.679
6.860	0.000	0.572	-2.467
6.870	0.000	0.611	-0.259
6.880	0.000	0.591	1.304
6.890	0.000	0.532	2.272
6.900	1.000	0.440	3.092
6.910	1.000	0.342	1.329
6.920	1.000	0.327	-0.391
6.930	1.000	0.352	-1.651
6.940	1.000	0.415	-2.677
6.950	0.000	0.528	-3.390
6.960	0.000	0.620	-3.068
6.970	0.000	0.674	-1.001
6.980	0.000	0.674	0.972
6.990	0.000	0.611	2.682
7.000	0.000	0.523	3.415
7.010	1.000	0.405	3.806
7.020	1.000	0.293	2.057
7.030	1.000	0.264	0.205
7.040	1.000	0.274	-1.529
7.050	1.000	0.347	-3.009
7.060	0.000	0.454	-3.757
7.070	0.000	0.552	-3.742
7.080	0.000	0.630	-1.358
7.090	0.000	0.640	0.669
7.100	0.000	0.591	2.277
7.110	1.000	0.508	3.166
7.120	1.000	0.410	1.676
7.130	1.000	0.386	0.161
7.140	1.000	0.391	-1.104
7.150	1.000	0.435	-2.223
7.160	0.000	0.532	-2.951
7.170	0.000	0.611	-2.965
7.180	0.000	0.664	-0.625
7.190	0.000	0.650	1.368
7.200	0.000	0.601	2.531
7.210	1.000	0.498	3.400
7.220	1.000	0.391	1.827
7.230	1.000	0.357	0.249
7.240	1.000	0.376	-1.402
7.250	1.000	0.435	-2.584
7.260	1.000	0.513	-3.146
7.270	0.000	0.630	-3.249
7.280	0.000	0.699	-3.136
7.290	0.000	0.767	-0.625
7.300	0.000	0.743	1.700
7.310	0.000	0.660	3.151
7.320	1.000	0.581	3.908
7.330	1.000	0.449	2.589
7.340	1.000	0.396	0.469
7.350	1.000	0.396	-0.762
7.360	1.000	0.430	-1.925
7.370	0.000	0.513	-2.780
7.380	0.000	0.591	-1.656
7.390	0.000	0.611	0.191
7.400	0.000	0.586	1.612
7.410	0.000	0.493	2.799
7.420	1.000	0.386	3.356
7.430	1.000	0.293	3.185
7.440	1.000	0.234	0.904
7.450	1.000	0.225	-0.923
7.460	1.000	0.293	-2.770
7.470	1.000	0.357	-3.561
7.480	0.000	0.493	-4.177
7.490	0.000	0.611	-2.496
7.500	0.000	0.650	-0.215
7.510	0.000	0.635	1.133
7.520	0.000	0.586	2.399
7.530	1.000	0.493	3.219
7.540	1.000	0.386	1.671
7.550	1.000	0.352	-0.161
7.560	1.000	0.376	-1.544
7.570	1.000	0.425	-2.433
7.580	0.000	0.508	-3.078
7.590	0.000	0.606	-1.182
7.600	0.000	0.611	0.542
7.610	0.000	0.567	1.866
7.620	0.000	0.484	2.804
7.630	1.000	0.376	3.420
7.640	1.000	0.293	3.464
7.650	1.000	0.215	0.772
7.660	1.000	0.215	-1.216
7.670	1.000	0.259	-2.472
7.680	1.000	0.337	-3.591
7.690	0.000	0.484	-4.201
7.700	0.000	0.591	-3.381
7.710	0.000	0.650	-0.987
7.720	0.000	0.640	1.187
7.730	0.000	0.601	2.330
7.740	1.000	0.464	3.473
7.750	1.000	0.381	2.623
7.760	1.000	0.332	0.415
7.770	1.000	0.332	-0.943
7.780	1.000	0.376	-2.169
7.790	0.000	0.469	-3.004
7.800	0.000	0.572	-1.861
7.810	0.000	0.591	-0.401
7.820	0.000	0.581	1.280
7.830	0.000	0.503	2.516
7.840	1.000	0.425	3.092
7.850	1.000	0.337	1.681
7.860	1.000	0.318	-0.493
7.870	1.000	0.342	-1.832
7.880	1.000	0.415	-2.872
7.890	1.000	0.493	-3.337
7.900	0.000	0.606	-3.596
7.910	0.000	0.699	-1.270
7.920	0.000	0.708	0.425
7.930	0.000	0.640	2.428
7.940	0.000	0.581	3.249
7.950	1.000	0.435	4.035
7.960	1.000	0.337	3.962
7.970	1.000	0.254	1.348
7.980	1.000	0.239	-0.904
7.990	1.000	0.288	-2.462
8.000	0.000	0.362	-3.449
8.010	0.000	0.459	-2.262
8.020	0.000	0.498	-0.191
8.030	0.000	0.489	0.992
8.040	0.000	0.440	1.822
8.050	1.000	0.376	2.457
8.060	1.000	0.303	0.674
8.070	1.000	0.298	-0.611
8.080	1.000	0.332	-2.052
8.090	1.000	0.410	-3.043
8.100	0.000	0.537	-3.644
8.110	0.000	0.635	-3.366
8.120	0.000	0.703	-0.581
8.130	0.000	0.694	1.099
8.140	0.000	0.645	2.320
8.150	0.000	0.557	3.288
8.160	1.000	0.405	3.967
8.170	1.000	0.308	3.923
8.180	1.000	0.220	1.412
8.190	1.000	0.210	-1.060
8.200	1.000	0.239	-2.193
8.210	0.000	0.371	-3.845
8.220	0.000	0.454	-3.205
8.230	0.000	0.518	-1.060
8.240	0.000	0.528	0.435
8.250	0.000	0.503	1.514
8.260	1.000	0.435	2.360
8.270	1.000	0.357	0.743
8.280	1.000	0.352	-0.537
8.290	1.000	0.410	-2.247
8.300	1.000	0.469	-2.731
8.310	0.000	0.552	-3.146
8.320	0.000	0.625	-1.514
8.330	0.000	0.640	0.591
8.340	0.000	0.611	1.925
8.350	0.000	0.523	2.946
8.360	0.000	0.401	3.478
8.370	1.000	0.308	3.786
8.380	1.000	0.186	1.011
8.390	1.000	0.176	-0.601
8.400	1.000	0.220	-2.330
8.410	1.000	0.298	-3.478
8.420	0.000	0.415	-4.323
8.430	0.000	0.542	-2.975
8.440	0.000	0.601	-0.801
8.450	0.000	0.596	1.041
8.460	0.000	0.532	2.189
8.470	1.000	0.469	2.882
8.480	1.000	0.376	1.334
8.490	1.000	0.357	-0.528
8.500	1.000	0.391	-1.700
8.510	1.000	0.440	-2.574
8.520	0.000	0.532	-3.102
8.530	0.000	0.620	-1.133
8.540	0.000	0.630	0.381
8.550	0.000	0.601	1.739
8.560	0.000	0.518	2.794
8.570	0.000	0.401	3.395
8.580	1.000	0.318	3.644
8.590	1.000	0.210	2.467
8.600	1.000	0.161	0.015
8.610	1.000	0.200	-2.174
8.620	1.000	0.274	-3.410
8.630	0.000	0.366	-4.167
8.640	0.000	0.484	-2.853
8.650	0.000	0.547	-0.449
8.660	0.000	0.542	0.606
8.670	0.000	0.489	2.003
8.680	1.000	0.410	2.711
8.690	1.000	0.327	1.524
8.700	1.000	0.308	0.005
8.710	1.000	0.318	-1.514
8.720	1.000	0.401	-2.824
8.730	0.000	0.493	-3.537
8.740	0.000	0.596	-2.228
8.750	0.000	0.620	-0.044
8.760	0.000	0.611	1.246
8.770	0.000	0.552	2.345
8.780	0.000	0.430	3.361
8.790	1.000	0.322	3.600
8.800	1.000	0.230	1.979
8.810	1.000	0.195	0.181
8.820	1.000	0.215	-1.705
8.830	1.000	0.298	-3.268
8.840	0.000	0.391	-3.942
8.850	0.000	0.498	-2.672
8.860	0.000	0.552	-0.479
8.870	0.000	0.542	0.865
8.880	0.000	0.489	2.057
8.890	1.000	0.401	2.745
8.900	1.000	0.313	1.944
8.910	1.000	0.283	-0.098
8.920	1.000	0.293	-1.519
8.930	1.000	0.352	-2.770
8.940	0.000	0.464	-3.517
8.950	0.000	0.562	-2.364
8.960	0.000	0.596	-0.264
8.970	0.000	0.576	1.426
8.980	0.000	0.503	2.560
8.990	1.000	0.420	3.122
9.000	1.000	0.332	1.588
9.010	1.000	0.313	-0.430
9.020	1.000	0.342	-1.876
9.030	1.000	0.410	-2.799
9.040	1.000	0.513	-3.454
9.050	0.000	0.616	-3.620
9.060	0.000	0.694	-1.959
9.070	0.000	0.723	0.259
9.080	0.000	0.660	2.379
9.090	0.000	0.586	3.415
9.100	1.000	0.435	4.162
9.110	1.000	0.337	4.279
9.120	1.000	0.239	1.510
9.130	1.000	0.220	-0.093
9.140	1.000	0.239	-1.705
9.150	0.000	0.332	-3.288
9.160	0.000	0.425	-3.610
9.170	0.000	0.508	-1.470
9.180	0.000	0.518	0.234
9.190	0.000	0.503	1.299
9.200	1.000	0.435	2.193
9.210	1.000	0.371	0.708
9.220	1.000	0.371	-0.918
9.230	1.000	0.401	-1.866
9.240	1.000	0.479	-2.731
9.250	1.000	0.586	-3.239
9.260	0.000	0.660	-3.346
9.270	0.000	0.747	-1.265
9.280	0.000	0.747	1.026
9.290	0.000	0.699	2.360
9.300	0.000	0.611	3.547
9.310	1.000	0.459	4.275
9.320	1.000	0.332	2.926
9.330	1.000	0.278	0.699
9.340	1.000	0.278	-1.202
9.350	1.000	0.313	-2.174
9.360	0.000	0.401	-3.190
9.370	0.000	0.508	-3.830
9.380	0.000	0.606	-1.353
9.390	0.000	0.611	0.752
9.400	0.000	0.557	2.052
9.410	1.000	0.484	2.882
9.420	1.000	0.396	1.539
9.430	1.000	0.371	0.039
9.440	1.000	0.391	-1.480
9.450	1.000	0.454	-2.540
9.460	1.000	0.518	-3.024
9.470	0.000	0.620	-3.210
9.480	0.000	0.703	-1.070
9.490	0.000	0.699	1.109
9.500	0.000	0.645	2.325
9.510	0.000	0.576	3.229
9.520	1.000	0.449	3.957
9.530	1.000	0.322	1.827
9.540	1.000	0.293	0.191
9.550	1.000	0.313	-1.612
9.560	1.000	0.357	-2.589
9.570	0.000	0.449	-3.400
9.580	0.000	0.557	-1.822
9.590	0.000	0.586	-0.195
9.600	0.000	0.562	1.348
9.610	0.000	0.484	2.491
9.620	1.000	0.410	3.029
9.630	1.000	0.327	1.480
9.640	1.000	0.308	-0.664
9.650	1.000	0.332	-1.744
9.660	1.000	0.401	-2.789
9.670	1.000	0.508	-3.537
9.680	0.000	0.630	-3.581
9.690	0.000	0.713	-3.522
9.700	0.000	0.787	-0.733
9.710	0.000	0.777	1.500
9.720	0.000	0.713	2.697
9.730	1.000	0.611	3.869
9.740	1.000	0.469	2.296
9.750	1.000	0.425	0.796
9.760	1.000	0.415	-0.532
9.770	1.000	0.440	-1.607
9.780	0.000	0.518	-2.560
9.790	0.000	0.596	-2.516
9.800	0.000	0.630	-0.567
9.810	0.000	0.625	1.119
9.820	0.000	0.557	2.506
9.830	1.000	0.469	3.200
9.840	1.000	0.371	1.720
9.850	1.000	0.337	-0.489
9.860	1.000	0.366	-1.622
9.870	1.000	0.425	-2.560
9.880	1.000	0.508	-3.180
9.890	0.000	0.630	-3.322
9.900	0.000	0.708	-3.190
9.910	0.000	0.777	-0.532
9.920	0.000	0.757	1.666
9.930	0.000	0.669	3.190
9.940	1.000	0.576	3.981
9.950	1.000	0.454	3.000
9.960	1.000	0.391	0.997
9.970	1.000	0.386	-0.879
9.980	1.000	0.425	-2.052
9.990	0.000	0.493	-2.726
10.000	0.000	0.586	-1.221
10.010	0.000	0.586	0.132
10.020	0.000	0.552	1.617
10.030	0.000	0.474	2.609
10.040	1.000	0.396	3.048
10.050	1.000	0.313	1.637
10.060	1.000	0.288	-0.738
10.070	1.000	0.313	-1.783
10.080	1.000	0.391	-2.892
10.090	0.000	0.503	-3.674
10.100	0.000	0.611	-2.125
10.110	0.000	0.635	-0.616
10.120	0.000	0.630	1.050
10.130	0.000	0.557	2.560
10.140	0.000	0.454	3.420
10.150	1.000	0.357	3.747
10.160	1.000	0.269	1.998
10.170	1.000	0.239	-0.669
10.180	1.000	0.269	-1.856
10.190	1.000	0.332	-3.097
10.200	0.000	0.454	-3.903
10.210	0.000	0.562	-3.014
10.220	0.000	0.620	-0.362
10.230	0.000	0.596	1.378
10.240	0.000	0.557	2.193
10.250	1.000	0.454	3.141
10.260	1.000	0.352	1.656
10.270	1.000	0.332	-0.415
10.280	1.000	0.362	-1.808
10.290	1.000	0.415	-2.643
10.300	0.000	0.518	-3.317
10.310	0.000	0.611	-1.627
10.320	0.000	0.625	-0.039
10.330	0.000	0.606	1.563
10.340	0.000	0.508	2.868
10.350	0.000	0.420	3.483
10.360	1.000	0.318	3.498
10.370	1.000	0.230	1.808
10.380	1.000	0.200	-0.752
10.390	1.000	0.230	-1.949
10.400	1.000	0.308	-3.200
10.410	0.000	0.415	-4.201
10.420	0.000	0.542	-2.306
10.430	0.000	0.586	-0.239
10.440	0.000	0.572	1.202
10.450	0.000	0.498	2.404
10.460	1.000	0.410	3.034
10.470	1.000	0.322	1.690
10.480	1.000	0.298	-0.195
10.490	1.000	0.313	-1.451
10.500	1.000	0.376	-2.643
10.510	0.000	0.489	-3.478
10.520	0.000	0.586	-3.581
10.530	0.000	0.655	-0.327
10.540	0.000	0.650	0.874
10.550	0.000	0.611	2.140
10.560	0.000	0.523	3.122
10.570	1.000	0.391	3.674
10.580	1.000	0.298	3.688
10.590	1.000	0.220	1.187
10.600	1.000	0.215	-1.177
10.610	1.000	0.269	-2.560
10.620	0.000	0.352	-3.683
10.630	0.000	0.459	-2.731
10.640	0.000	0.513	-0.708
10.650	0.000	0.513	0.650
10.660	0.000	0.469	1.676
10.670	1.000	0.391	2.491
10.680	1.000	0.327	1.700
10.690	1.000	0.298	-0.151
10.700	1.000	0.332	-1.979
10.710	1.000	0.401	-2.892
10.720	0.000	0.484	-3.434
10.730	0.000	0.586	-2.027
10.740	0.000	0.606	0.537
10.750	0.000	0.581	1.558
10.760	0.000	0.503	2.638
10.770	0.000	0.386	3.288
10.780	1.000	0.298	3.542
10.790	1.000	0.200	2.296
10.800	1.000	0.156	-0.132
10.810	1.000	0.205	-2.277
10.820	1.000	0.278	-3.493
10.830	0.000	0.376	-4.172
10.840	0.000	0.493	-2.887
10.850	0.000	0.557	-0.445
10.860	0.000	0.557	0.625
10.870	0.000	0.479	2.218
10.880	1.000	0.410	2.804
10.890	1.000	0.327	1.583
10.900	1.000	0.308	0.044
10.910	1.000	0.318	-1.490
10.920	1.000	0.401	-2.770
10.930	0.000	0.493	-3.483
10.940	0.000	0.581	-2.638
10.950	0.000	0.620	-0.244
10.960	0.000	0.596	1.593
10.970	0.000	0.523	2.618
10.980	1.000	0.440	3.239
10.990	1.000	0.352	1.822
11.000	1.000	0.327	-0.645
11.010	1.000	0.347	-1.637
11.020	1.000	0.440	-2.980
11.030	1.000	0.518	-3.395
11.040	0.000	0.630	-3.420
11.050	0.000	0.718	-1.900
11.060	0.000	0.743	-0.103
11.070	0.000	0.718	1.773
11.080	0.000	0.620	3.263
11.090	1.000	0.498	4.099
11.100	1.000	0.396	3.224
11.110	1.000	0.318	0.791
11.120	1.000	0.313	-0.899
11.130	1.000	0.352	-2.223
11.140	0.000	0.420	-3.004
11.150	0.000	0.508	-1.597
11.160	0.000	0.528	0.176
11.170	0.000	0.503	1.475
11.180	0.000	0.449	2.208
11.190	1.000	0.371	2.755
11.200	1.000	0.293	0.943
11.210	1.000	0.283	-0.650
11.220	1.000	0.318	-2.032
11.230	1.000	0.415	-3.317
11.240	1.000	0.513	-3.879
11.250	0.000	0.620	-3.869
11.260	0.000	0.713	-1.944
11.270	0.000	0.738	0.567
11.280	0.000	0.703	2.013
11.290	0.000	0.620	3.219
11.300	1.000	0.474	4.055
11.310	1.000	0.342	3.942
11.320	1.000	0.264	1.441
11.330	1.000	0.239	-0.410
11.340	1.000	0.278	-2.179
11.350	0.000	0.362	-3.332
11.360	0.000	0.440	-2.838
11.370	0.000	0.503	-0.865
11.380	0.000	0.493	1.031
11.390	0.000	0.454	1.778
11.400	1.000	0.391	2.438
11.410	1.000	0.322	0.967
11.420	1.000	0.313	-0.909
11.430	1.000	0.357	-2.267
11.440	1.000	0.430	-3.122
11.450	1.000	0.513	-3.537
11.460	0.000	0.630	-3.537
11.470	0.000	0.733	-1.426
11.480	0.000	0.743	0.318
11.490	0.000	0.694	2.325
11.500	0.000	0.601	3.532
11.510	1.000	0.474	4.074
11.520	1.000	0.366	3.273
11.530	1.000	0.298	1.016
11.540	1.000	0.298	-1.143
11.550	1.000	0.332	-2.267
11.560	0.000	0.420	-3.224
11.570	0.000	0.513	-1.661
11.580	0.000	0.532	0.093
11.590	0.000	0.518	1.334
11.600	0.000	0.464	2.130
11.610	1.000	0.386	2.731
11.620	1.000	0.303	0.879
11.630	1.000	0.298	-0.660
11.640	1.000	0.327	-1.959
11.650	1.000	0.401	-2.912
11.660	1.000	0.513	-3.659
11.670	0.000	0.630	-3.669
11.680	0.000	0.728	-2.198
11.690	0.000	0.762	0.210
11.700	0.000	0.728	1.993
11.710	0.000	0.650	3.092
11.720	1.000	0.542	3.942
11.730	1.000	0.405	2.252
11.740	1.000	0.357	0.664
11.750	1.000	0.352	-0.830
11.760	1.000	0.401	-2.003
11.770	0.000	0.493	-2.965
11.780	0.000	0.586	-2.887
11.790	0.000	0.625	-0.782
11.800	0.000	0.625	0.894
11.810	0.000	0.562	2.369
11.820	1.000	0.484	3.097
11.830	1.000	0.391	1.744
11.840	1.000	0.357	-0.322
11.850	1.000	0.391	-1.602
11.860	1.000	0.430	-2.472
11.870	0.000	0.513	-3.078
11.880	0.000	0.611	-1.207
11.890	0.000	0.616	0.498
11.900	0.000	0.581	1.832
11.910	0.000	0.479	2.868
11.920	0.000	0.391	3.327
11.930	1.000	0.288	3.517
11.940	1.000	0.186	1.148
11.950	1.000	0.176	-0.674
11.960	1.000	0.230	-2.482
11.970	1.000	0.303	-3.522
11.980	0.000	0.405	-4.235
11.990	0.000	0.523	-2.872
12.000	0.000	0.591	-0.337
12.010	0.000	0.586	0.801
12.020	0.000	0.523	2.110
12.030	1.000	0.430	3.000
12.040	1.000	0.342	1.969
12.050	1.000	0.313	0.171
12.060	1.000	0.322	-1.319
12.070	1.000	0.401	-2.638
12.080	0.000	0.479	-3.298
12.090	0.000	0.572	-2.164
12.100	0.000	0.601	-0.078
12.110	0.000	0.567	1.632
12.120	0.000	0.498	2.648
12.130	0.000	0.410	3.151
12.140	1.000	0.308	3.327
12.150	1.000	0.210	1.192
12.160	1.000	0.195	-0.362
12.170	1.000	0.234	-2.096
12.180	1.000	0.322	-3.478
12.190	0.000	0.425	-4.182
12.200	0.000	0.552	-2.389
12.210	0.000	0.591	-0.366
12.220	0.000	0.581	1.031
12.230	0.000	0.518	2.242
12.240	1.000	0.410	3.073
12.250	1.000	0.322	2.780
12.260	1.000	0.274	0.850
12.270	1.000	0.269	-1.016
12.280	1.000	0.327	-2.628
12.290	0.000	0.410	-3.473
12.300	0.000	0.513	-1.861
12.310	0.000	0.542	-0.630
12.320	0.000	0.532	0.972
12.330	0.000	0.474	2.154
12.340	0.000	0.405	2.697
12.350	1.000	0.303	3.073
12.360	1.000	0.220	1.138
12.370	1.000	0.210	-0.332
12.380	1.000	0.234	-1.949
12.390	1.000	0.332	-3.488
12.400	0.000	0.425	-4.187
12.410	0.000	0.537	-2.662
12.420	0.000	0.591	-0.762
12.430	0.000	0.586	1.128
12.440	0.000	0.513	2.355
12.450	1.000	0.445	3.000
12.460	1.000	0.357	1.695
12.470	1.000	0.337	-0.728
12.480	1.000	0.366	-1.847
12.490	1.000	0.445	-2.877
12.500	0.000	0.513	-3.366
12.510	0.000	0.611	-1.558
12.520	0.000	0.625	0.479
12.530	0.000	0.596	1.729
12.540	0.000	0.508	2.863
12.550	0.000	0.401	3.341
12.560	1.000	0.293	3.610
12.570	1.000	0.200	2.071
12.580	1.000	0.161	-0.024
12.590	1.000	0.191	-1.842
12.600	1.000	0.283	-3.488
12.610	0.000	0.371	-4.211
12.620	0.000	0.493	-2.760
12.630	0.000	0.557	-0.586
12.640	0.000	0.557	0.674
12.650	0.000	0.493	2.110
12.660	1.000	0.401	2.799
12.670	1.000	0.332	2.872
12.680	1.000	0.274	0.616
12.690	1.000	0.278	-1.363
12.700	1.000	0.332	-2.658
12.710	0.000	0.410	-3.371
12.720	0.000	0.503	-2.154
12.730	0.000	0.532	0.039
12.740	0.000	0.518	1.094
12.750	0.000	0.435	2.452
12.760	1.000	0.381	2.785
12.770	1.000	0.313	1.470
12.780	1.000	0.288	-0.454
12.790	1.000	0.332	-2.218
12.800	1.000	0.405	-3.073
12.810	1.000	0.513	-3.713
12.820	0.000	0.625	-3.747
12.830	0.000	0.713	-2.193
12.840	0.000	0.743	0.039
12.850	0.000	0.699	2.154
12.860	0.000	0.620	3.351
12.870	1.000	0.493	4.060
12.880	1.000	0.391	3.224
12.890	1.000	0.318	0.972
12.900	1.000	0.313	-1.021
12.910	1.000	0.352	-2.262
12.920	0.000	0.420	-3.009
12.930	0.000	0.503	-1.803
12.940	0.000	0.523	0.274
12.950	0.000	0.503	1.383
12.960	0.000	0.440	2.179
12.970	1.000	0.371	2.721
12.980	1.000	0.288	0.860
12.990	1.000	0.278	-0.572
13.000	1.000	0.322	-2.081
13.010	1.000	0.405	-3.190
13.020	1.000	0.493	-3.679
13.030	0.000	0.611	-3.830
13.040	0.000	0.713	-1.524
13.050	0.000	0.733	0.176
13.060	0.000	0.694	1.949
13.070	0.000	0.596	3.415
13.080	1.000	0.479	3.981
13.090	1.000	0.376	3.122
13.100	1.000	0.308	0.860
13.110	1.000	0.308	-1.158
13.120	1.000	0.347	-2.228
13.130	0.000	0.464	-3.317
13.140	0.000	0.532	-2.628
13.150	0.000	0.591	-0.352
13.160	0.000	0.586	0.953
13.170	0.000	0.523	2.052
13.180	1.000	0.440	2.887
13.190	1.000	0.352	1.226
13.200	1.000	0.337	-0.415
13.210	1.000	0.371	-1.764
13.220	1.000	0.454	-2.853
13.230	1.000	0.547	-3.317
13.240	0.000	0.630	-3.405
13.250	0.000	0.723	-1.637
13.260	0.000	0.738	0.855
13.270	0.000	0.689	2.159
13.280	0.000	0.606	3.405
13.290	1.000	0.484	3.952
13.300	1.000	0.347	2.140
13.310	1.000	0.318	0.616
13.320	1.000	0.318	-1.182
13.330	1.000	0.376	-2.408
13.340	0.000	0.454	-3.190
13.350	0.000	0.557	-2.052
13.360	0.000	0.586	-0.420
13.370	0.000	0.567	1.290
13.380	0.000	0.493	2.438
13.390	1.000	0.405	3.014
13.400	1.000	0.318	1.754
13.410	1.000	0.293	0.166
13.420	1.000	0.298	-1.485
13.430	1.000	0.386	-2.882
13.440	1.000	0.454	-3.527
13.450	0.000	0.586	-3.869
13.460	0.000	0.699	-2.877
13.470	0.000	0.752	-0.889
13.480	0.000	0.743	1.231
13.490	0.000	0.650	3.004
13.500	1.000	0.567	3.762
13.510	1.000	0.435	2.545
13.520	1.000	0.381	0.616
13.530	1.000	0.376	-0.689
13.540	1.000	0.425	-2.091
13.550	0.000	0.498	-2.789
13.560	0.000	0.586	-1.724
13.570	0.000	0.601	0.215
13.580	0.000	0.567	1.685
13.590	0.000	0.503	2.604
13.600	1.000	0.366	3.381
13.610	1.000	0.298	2.413
13.620	1.000	0.259	0.489
13.630	1.000	0.269	-1.358
13.640	1.000	0.332	-2.902
13.650	0.000	0.430	-3.747
13.660	0.000	0.532	-2.589
13.670	0.000	0.586	-0.747
13.680	0.000	0.581	0.879
13.690	0.000	0.508	2.340
13.700	0.000	0.435	2.946
13.710	1.000	0.327	3.205
13.720	1.000	0.239	1.363
13.730	1.000	0.225	-0.200
13.740	1.000	0.244	-1.768
13.750	1.000	0.332	-3.283
13.760	0.000	0.420	-3.991
13.770	0.000	0.532	-2.565
13.780	0.000	0.586	-0.318
13.790	0.000	0.576	1.148
13.800	0.000	0.508	2.364
13.810	1.000	0.435	2.956
13.820	1.000	0.352	1.578
13.830	1.000	0.332	-0.718
13.840	1.000	0.376	-2.042
13.850	1.000	0.435	-2.902
13.860	0.000	0.557	-3.302
13.870	0.000	0.630	-3.258
13.880	0.000	0.689	-0.938
13.890	0.000	0.689	1.070
13.900	0.000	0.625	2.506
13.910	0.000	0.513	3.581
13.920	1.000	0.401	3.884
13.930	1.000	0.283	2.574
13.940	1.000	0.239	0.542
13.950	1.000	0.249	-1.329
13.960	1.000	0.318	-2.872
13.970	0.000	0.401	-3.600
13.980	0.000	0.508	-2.252
13.990	0.000	0.547	-0.107
14.000	0.000	0.528	0.972
14.010	0.000	0.474	2.066
14.020	1.000	0.391	2.789
14.030	1.000	0.303	1.422
14.040	1.000	0.283	-0.278
14.050	1.000	0.313	-1.851
14.060	1.000	0.371	-2.819
14.070	0.000	0.474	-3.478
14.080	0.000	0.586	-2.042
14.090	0.000	0.611	0.151
14.100	0.000	0.586	1.578
14.110	0.000	0.503	2.677
14.120	0.000	0.430	3.210
14.130	1.000	0.322	3.302
14.140	1.000	0.230	1.285
14.150	1.000	0.210	-0.576
14.160	1.000	0.239	-1.925
14.170	1.000	0.313	-3.112
14.180	0.000	0.445	-4.148
14.190	0.000	0.557	-4.074
14.200	0.000	0.645	-1.695
14.210	0.000	0.660	0.611
14.220	0.000	0.630	1.749
14.230	1.000	0.557	2.863
14.240	1.000	0.445	1.622
14.250	1.000	0.425	0.103
14.260	1.000	0.435	-1.285
14.270	1.000	0.493	-2.154
14.280	0.000	0.557	-2.535
14.290	0.000	0.620	-1.163
14.300	0.000	0.620	0.874
14.310	0.000	0.586	1.983
14.320	0.000	0.503	2.951
14.330	0.000	0.376	3.561
14.340	1.000	0.278	3.727
14.350	1.000	0.186	2.037
14.360	1.000	0.147	-0.435
14.370	1.000	0.205	-2.496
14.380	1.000	0.269	-3.444
14.390	0.000	0.391	-4.196
14.400	0.000	0.513	-2.638
14.410	0.000	0.581	-0.562
14.420	0.000	0.576	0.611
14.430	0.000	0.518	1.915
14.440	1.000	0.445	2.809
14.450	1.000	0.357	1.060
14.460	1.000	0.342	-0.718
14.470	1.000	0.386	-1.861
14.480	1.000	0.435	-2.697
14.490	0.000	0.532	-3.200
14.500	0.000	0.625	-1.114
14.510	0.000	0.630	0.122
14.520	0.000	0.606	1.812
14.530	0.000	0.513	2.941
14.540	0.000	0.405	3.439
14.550	1.000	0.313	3.649
14.560	1.000	0.220	1.651
14.570	1.000	0.191	-0.630
14.580	1.000	0.239	-2.320
14.590	1.000	0.308	-3.351
14.600	0.000	0.440	-4.319
14.610	0.000	0.547	-4.240
14.620	0.000	0.640	-1.900
14.630	0.000	0.660	0.640
14.640	0.000	0.630	1.641
14.650	1.000	0.557	2.853
14.660	1.000	0.449	1.788
14.670	1.000	0.425	-0.098
14.680	1.000	0.430	-1.109
14.690	1.000	0.474	-1.881
14.700	0.000	0.542	-2.521
14.710	0.000	0.611	-0.576
14.720	0.000	0.611	0.767
14.730	0.000	0.562	2.008
14.740	0.000	0.459	3.053
14.750	1.000	0.347	3.488
14.760	1.000	0.269	3.337
14.770	1.000	0.195	0.855
14.780	1.000	0.195	-1.422
14.790	1.000	0.249	-2.599
14.800	1.000	0.332	-3.747
14.810	0.000	0.489	-4.377
14.820	0.000	0.596	-3.576
14.830	0.000	0.664	-0.894
14.840	0.000	0.655	1.182
14.850	0.000	0.620	2.247
14.860	1.000	0.518	3.278
14.870	1.000	0.415	1.866
14.880	1.000	0.381	-0.059
14.890	1.000	0.391	-1.060
14.900	1.000	0.435	-2.223
14.910	0.000	0.518	-2.926
14.920	0.000	0.596	-2.057
14.930	0.000	0.625	0.068
14.940	0.000	0.586	1.861
14.950	0.000	0.508	2.829
14.960	1.000	0.405	3.317
14.970	1.000	0.318	2.399
14.980	1.000	0.274	0.288
14.990	1.000	0.293	-1.705
15.000	1.000	0.347	-2.819
15.010	1.000	0.454	-3.591
15.020	0.000	0.572	-3.928
15.030	0.000	0.674	-1.866
15.040	0.000	0.694	-0.220
15.050	0.000	0.669	1.641
15.060	0.000	0.591	3.004
15.070	1.000	0.469	3.713
15.080	1.000	0.376	3.903
15.090	1.000	0.283	1.519
15.100	1.000	0.269	-0.747
15.110	1.000	0.308	-2.145
15.120	0.000	0.391	-3.136
15.130	0.000	0.479	-2.267
15.140	0.000	0.513	-0.645
15.150	0.000	0.508	0.850
15.160	0.000	0.454	2.013
15.170	1.000	0.396	2.482
15.180	1.000	0.327	0.957
15.190	1.000	0.313	-0.821
15.200	1.000	0.362	-2.189
15.210	1.000	0.430	-3.043
15.220	1.000	0.547	-3.459
15.230	0.000	0.635	-3.659
15.240	0.000	0.738	-1.583
15.250	0.000	0.757	0.337
15.260	0.000	0.703	2.228
15.270	0.000	0.625	3.288
15.280	1.000	0.493	4.123
15.290	1.000	0.371	3.000
15.300	1.000	0.308	0.796
15.310	1.000	0.298	-0.616
15.320	1.000	0.337	-2.047
15.330	0.000	0.430	-3.219
15.340	0.000	0.528	-3.166
15.350	0.000	0.596	-1.348
15.360	0.000	0.601	0.664
15.370	0.000	0.532	2.125
15.380	1.000	0.464	2.960
15.390	1.000	0.371	1.480
15.400	1.000	0.347	0.073
15.410	1.000	0.371	-1.495
15.420	1.000	0.435	-2.609
15.430	1.000	0.518	-3.185
15.440	0.000	0.611	-3.385
15.450	0.000	0.689	-1.720
15.460	0.000	0.694	1.011
15.470	0.000	0.655	2.101
15.480	0.000	0.581	3.175
15.490	1.000	0.435	4.074
15.500	1.000	0.332	3.127
15.510	1.000	0.274	0.860
15.520	1.000	0.274	-1.353
15.530	1.000	0.313	-2.291
15.540	0.000	0.401	-3.332
15.550	0.000	0.508	-1.959
15.560	0.000	0.532	-0.435
15.570	0.000	0.518	1.109
15.580	0.000	0.449	2.242
15.590	1.000	0.386	2.780
15.600	1.000	0.313	1.490
15.610	1.000	0.293	-0.391
15.620	1.000	0.327	-2.106
15.630	1.000	0.410	-3.117
15.640	0.000	0.493	-3.576
15.650	0.000	0.606	-1.759
15.660	0.000	0.620	0.396
15.670	0.000	0.586	1.793
15.680	0.000	0.513	2.682
15.690	0.000	0.415	3.288
15.700	1.000	0.298	3.498
15.710	1.000	0.205	1.969
15.720	1.000	0.176	0.029
15.730	1.000	0.195	-1.808
15.740	1.000	0.283	-3.381
15.750	0.000	0.396	-4.094
15.760	0.000	0.513	-2.990
15.770	0.000	0.581	-1.246
15.780	0.000	0.586	0.532
15.790	0.000	0.528	2.032
15.800	1.000	0.440	2.897
15.810	1.000	0.357	1.808
15.820	1.000	0.332	0.010
15.830	1.000	0.347	-1.510
15.840	1.000	0.430	-2.755
15.850	0.000	0.513	-3.366
15.860	0.000	0.601	-2.296
15.870	0.000	0.625	-0.166
15.880	0.000	0.601	1.754
15.890	0.000	0.547	2.516
15.900	0.000	0.401	3.410
15.910	1.000	0.322	3.532
15.920	1.000	0.234	2.003
15.930	1.000	0.205	-0.078
15.940	1.000	0.234	-2.008
15.950	1.000	0.293	-3.136
15.960	0.000	0.405	-3.957
15.970	0.000	0.528	-2.301
15.980	0.000	0.581	-0.532
15.990	0.000	0.572	1.011
16.000	0.000	0.513	2.076
16.010	1.000	0.425	2.907
16.020	1.000	0.342	1.441
16.030	1.000	0.327	-0.537
16.040	1.000	0.352	-1.837
16.050	1.000	0.410	-2.643
16.060	0.000	0.508	-3.288
16.070	0.000	0.601	-1.387
16.080	0.000	0.611	0.230
16.090	0.000	0.586	1.637
16.100	0.000	0.508	2.716
16.110	0.000	0.391	3.278
16.120	1.000	0.283	3.542
16.130	1.000	0.191	1.881
16.140	1.000	0.156	-0.083
16.150	1.000	0.186	-1.891
16.160	1.000	0.278	-3.503
16.170	0.000	0.396	-4.201
16.180	0.000	0.513	-3.166
16.190	0.000	0.581	-1.358
16.200	0.000	0.591	0.557
16.210	0.000	0.532	1.983
16.220	1.000	0.454	2.872
16.230	1.000	0.376	2.208
16.240	1.000	0.337	0.073
16.250	1.000	0.362	-1.710
16.260	1.000	0.420	-2.638
16.270	0.000	0.513	-3.283
16.280	0.000	0.606	-3.195
16.290	0.000	0.660	-0.801
16.300	0.000	0.650	1.226
16.310	0.000	0.606	2.399
16.320	0.000	0.508	3.307
16.330	1.000	0.366	3.845
16.340	1.000	0.278	3.830
16.350	1.000	0.191	1.187
16.360	1.000	0.181	-1.016
16.370	1.000	0.230	-2.369
16.380	0.000	0.308	-3.444
16.390	0.000	0.425	-2.223
16.400	0.000	0.464	-0.738
16.410	0.000	0.469	0.454
16.420	0.000	0.435	1.490
16.430	1.000	0.362	2.281
16.440	1.000	0.298	1.045
16.450	1.000	0.288	-0.630
16.460	1.000	0.313	-1.837
16.470	1.000	0.391	-2.877
16.480	0.000	0.508	-3.703
16.490	0.000	0.620	-3.337
16.500	0.000	0.674	-1.387
16.510	0.000	0.684	0.738
16.520	0.000	0.620	2.413
16.530	1.000	0.552	3.210
16.540	1.000	0.425	1.441
16.550	1.000	0.405	0.171
16.560	1.000	0.405	-0.948
16.570	1.000	0.449	-1.964
16.580	1.000	0.532	-2.716
16.590	0.000	0.611	-2.995
16.600	0.000	0.684	-1.026
16.610	0.000	0.679	1.099
16.620	0.000	0.640	2.076
16.630	0.000	0.542	3.244
16.640	1.000	0.415	3.874
16.650	1.000	0.308	2.423
16.660	1.000	0.264	0.249
16.670	1.000	0.269	-1.197
16.680	1.000	0.318	-2.428
16.690	0.000	0.430	-3.630
16.700	0.000	0.537	-3.478
16.710	0.000	0.616	-1.114
16.720	0.000	0.620	0.420
16.730	0.000	0.586	1.812
16.740	1.000	0.484	2.916
16.750	1.000	0.401	3.185
16.760	1.000	0.327	0.933
16.770	1.000	0.318	-0.870
16.780	1.000	0.366	-2.174
16.790	1.000	0.435	-3.019
16.800	0.000	0.552	-3.420
16.810	0.000	0.630	-3.302
16.820	0.000	0.694	-0.894
16.830	0.000	0.684	1.363
16.840	0.000	0.630	2.325
16.850	1.000	0.537	3.381
16.860	1.000	0.425	1.817
16.870	1.000	0.391	0.552
16.880	1.000	0.396	-1.026
16.890	1.000	0.449	-2.252
16.900	0.000	0.508	-2.814
16.910	0.000	0.591	-1.255
16.920	0.000	0.591	0.787
16.930	0.000	0.537	2.037
16.940	0.000	0.464	2.833
16.950	1.000	0.376	3.258
16.960	1.000	0.293	1.734
16.970	1.000	0.274	-0.747
16.980	1.000	0.298	-1.993
16.990	1.000	0.386	-3.112
17.000	1.000	0.474	-3.713
17.010	0.000	0.591	-3.996
17.020	0.000	0.684	-2.228
17.030	0.000	0.713	0.601
17.040	0.000	0.664	2.101
17.050	0.000	0.601	3.083
17.060	1.000	0.489	3.742
17.070	1.000	0.366	2.101
17.080	1.000	0.332	-0.147
17.090	1.000	0.342	-1.368
17.100	1.000	0.396	-2.272
17.110	0.000	0.474	-3.000
17.120	0.000	0.581	-1.329
17.130	0.000	0.591	0.029
17.140	0.000	0.567	1.378
17.150	0.000	0.493	2.531
17.160	1.000	0.386	3.131
17.170	1.000	0.298	1.607
17.180	1.000	0.278	-0.103
17.190	1.000	0.303	-1.822
17.200	1.000	0.376	-2.975
17.210	1.000	0.484	-3.600
17.220	0.000	0.586	-3.894
17.230	0.000	0.674	-2.198
17.240	0.000	0.699	0.572
17.250	0.000	0.669	1.847
17.260	0.000	0.591	3.073
17.270	1.000	0.445	3.913
17.280	1.000	0.337	3.693
17.290	1.000	0.269	1.529
17.300	1.000	0.249	-0.640
17.310	1.000	0.298	-2.394
17.320	0.000	0.376	-3.361
17.330	0.000	0.474	-1.944
17.340	0.000	0.508	-0.650
17.350	0.000	0.493	0.992
17.360	0.000	0.435	2.008
17.370	1.000	0.366	2.589
17.380	1.000	0.293	1.363
17.390	1.000	0.278	-0.518
17.400	1.000	0.313	-2.047
17.410	1.000	0.376	-2.960
17.420	0.000	0.474	-3.527
17.430	0.000	0.591	-3.933
17.440	0.000	0.679	-1.221
17.450	0.000	0.684	0.865
17.460	0.000	0.625	2.228
17.470	0.000	0.552	3.219
17.480	1.000	0.440	3.850
17.490	1.000	0.332	2.301
17.500	1.000	0.298	-0.137
17.510	1.000	0.303	-1.334
17.520	1.000	0.371	-2.648
17.530	0.000	0.469	-3.322
17.540	0.000	0.581	-2.296
17.550	0.000	0.606	-0.484
17.560	0.000	0.591	1.231
17.570	0.000	0.508	2.589
17.580	1.000	0.425	3.258
17.590	1.000	0.332	1.441
17.600	1.000	0.313	0.107
17.610	1.000	0.322	-1.475
17.620	1.000	0.396	-2.594
17.630	0.000	0.493	-3.395
17.640	0.000	0.586	-3.517
17.650	0.000	0.650	-1.221
17.660	0.000	0.655	0.596
17.670	0.000	0.606	2.267
17.680	0.000	0.508	3.244
17.690	1.000	0.396	3.596
17.700	1.000	0.293	2.306
17.710	1.000	0.259	0.078
17.720	1.000	0.274	-1.612
17.730	1.000	0.332	-2.872
17.740	0.000	0.410	-3.561
17.750	0.000	0.508	-2.252
17.760	0.000	0.552	-0.044
17.770	0.000	0.532	1.016
17.780	0.000	0.474	2.110
17.790	1.000	0.391	2.824
17.800	1.000	0.298	1.470
17.810	1.000	0.283	-0.176
17.820	1.000	0.298	-1.602
17.830	1.000	0.366	-2.814
17.840	0.000	0.484	-3.591
17.850	0.000	0.591	-3.425
17.860	0.000	0.650	-0.948
17.870	0.000	0.655	0.684
17.880	0.000	0.611	2.101
17.890	0.000	0.503	3.283
17.900	1.000	0.401	3.693
17.910	1.000	0.293	2.296
17.920	1.000	0.259	0.396
17.930	1.000	0.264	-1.412
17.940	1.000	0.332	-2.824
17.950	0.000	0.435	-3.737
17.960	0.000	0.547	-3.542
17.970	0.000	0.620	-1.422
17.980	0.000	0.630	0.362
17.990	0.000	0.581	2.091
18.000	1.000	0.503	3.004
18.010	1.000	0.425	1.969
18.020	1.000	0.386	0.156
18.030	1.000	0.401	-1.451
18.040	1.000	0.440	-2.267
18.050	0.000	0.518	-2.882
18.060	0.000	0.611	-0.928
18.070	0.000	0.616	0.508
18.080	0.000	0.537	2.257
18.090	0.000	0.474	2.853
18.100	0.000	0.366	3.400
18.110	1.000	0.283	3.498
18.120	1.000	0.195	1.646
18.130	1.000	0.176	-0.777
18.140	1.000	0.230	-2.487
18.150	1.000	0.298	-3.508
18.160	0.000	0.415	-4.338
18.170	0.000	0.552	-2.535
18.180	0.000	0.591	-0.865
18.190	0.000	0.591	0.938
18.200	0.000	0.518	2.340
18.210	1.000	0.435	3.078
18.220	1.000	0.342	1.910
18.230	1.000	0.313	-0.083
18.240	1.000	0.327	-1.485
18.250	1.000	0.391	-2.482
18.260	0.000	0.479	-3.205
18.270	0.000	0.576	-2.198
18.280	0.000	0.611	-0.337
18.290	0.000	0.591	1.309
18.300	0.000	0.508	2.638
18.310	0.000	0.430	3.175
18.320	1.000	0.327	3.332
18.330	1.000	0.234	1.246
18.340	1.000	0.215	-0.298
18.350	1.000	0.239	-1.891
18.360	1.000	0.332	-3.405
18.370	0.000	0.420	-4.099
18.380	0.000	0.572	-1.724
18.390	0.000	0.591	-0.283
18.400	0.000	0.581	0.977
18.410	0.000	0.518	2.208
18.420	1.000	0.415	3.048
18.430	1.000	0.318	2.692
18.440	1.000	0.269	0.625
18.450	1.000	0.264	-0.943
18.460	1.000	0.308	-2.272
18.470	0.000	0.405	-3.434
18.480	0.000	0.508	-2.374
18.490	0.000	0.562	-0.523
18.500	0.000	0.552	0.703
18.510	0.000	0.503	2.003
18.520	1.000	0.410	2.794
18.530	1.000	0.322	1.534
18.540	1.000	0.303	0.073
18.550	1.000	0.322	-1.651
18.560	1.000	0.401	-2.697
18.570	1.000	0.489	-3.420
18.580	0.000	0.586	-3.659
18.590	0.000	0.669	-1.974
18.600	0.000	0.689	0.630
18.610	0.000	0.655	1.861
18.620	0.000	0.586	3.004
18.630	1.000	0.435	3.898
18.640	1.000	0.342	4.001
18.650	1.000	0.254	1.500
18.660	1.000	0.239	-0.503
18.670	1.000	0.274	-2.057
18.680	0.000	0.337	-3.195
18.690	0.000	0.435	-1.983
18.700	0.000	0.474	-0.254
18.710	0.000	0.459	0.943
18.720	0.000	0.415	1.842
18.730	1.000	0.337	2.379
18.740	1.000	0.278	1.246
18.750	1.000	0.269	-0.723
18.760	1.000	0.298	-1.935
18.770	1.000	0.366	-3.043
18.780	1.000	0.493	-3.806
18.790	0.000	0.611	-4.060
18.800	0.000	0.713	-2.311
18.810	0.000	0.752	-0.044
18.820	0.000	0.733	1.505
18.830	0.000	0.650	2.931
18.840	1.000	0.523	3.967
18.850	1.000	0.401	2.682
18.860	1.000	0.342	1.016
18.870	1.000	0.337	-0.957
18.880	1.000	0.391	-2.106
18.890	0.000	0.445	-2.863
18.900	0.000	0.528	-1.803
18.910	0.000	0.567	-0.010
18.920	0.000	0.523	1.519
18.930	0.000	0.459	2.443
18.940	1.000	0.381	2.897
18.950	1.000	0.308	1.368
18.960	1.000	0.288	-0.728
18.970	1.000	0.318	-1.998
18.980	1.000	0.401	-2.975
18.990	1.000	0.508	-3.683
19.000	0.000	0.630	-3.644
19.010	0.000	0.723	-2.765
19.020	0.000	0.767	-0.244
19.030	0.000	0.738	1.856
19.040	0.000	0.660	3.087
19.050	1.000	0.557	3.830
19.060	1.000	0.425	2.423
19.070	1.000	0.376	0.542
19.080	1.000	0.376	-1.016
19.090	1.000	0.420	-2.047
19.100	0.000	0.493	-2.745
19.110	0.000	0.581	-1.241
19.120	0.000	0.586	0.381
19.130	0.000	0.542	1.661
19.140	0.000	0.459	2.726
19.150	1.000	0.362	3.195
19.160	1.000	0.274	2.198
19.170	1.000	0.239	-0.015
19.180	1.000	0.264	-1.710
19.190	1.000	0.332	-3.092
19.200	1.000	0.425	-3.820
19.210	0.000	0.552	-3.957
19.220	0.000	0.655	-2.140
19.230	0.000	0.689	0.269
19.240	0.000	0.664	1.578
19.250	0.000	0.596	2.829
19.260	1.000	0.474	3.537
19.270	1.000	0.371	2.296
19.280	1.000	0.327	0.327
19.290	1.000	0.332	-1.221
19.300	1.000	0.396	-2.281
19.310	0.000	0.489	-3.112
19.320	0.000	0.581	-1.759
19.330	0.000	0.596	-0.020
19.340	0.000	0.576	1.397
19.350	0.000	0.493	2.574
19.360	1.000	0.401	3.083
19.370	1.000	0.313	2.428
19.380	1.000	0.269	0.278
19.390	1.000	0.278	-1.568
19.400	1.000	0.332	-2.677
19.410	0.000	0.425	-3.542
19.420	0.000	0.528	-1.925
19.430	0.000	0.572	-0.083
19.440	0.000	0.542	1.143
19.450	0.000	0.484	2.223
19.460	0.000	0.376	2.975
19.470	1.000	0.298	3.175
19.480	1.000	0.210	0.850
19.490	1.000	0.205	-0.982
19.500	1.000	0.239	-2.130
19.510	1.000	0.322	-3.346
19.520	0.000	0.454	-4.191
19.530	0.000	0.591	-2.872
19.540	0.000	0.630	-1.197
19.550	0.000	0.635	0.772
19.560	0.000	0.606	2.008
19.570	1.000	0.518	2.990
19.580	1.000	0.410	1.754
19.590	1.000	0.386	0.366
19.600	1.000	0.401	-1.451
19.610	1.000	0.445	-2.340
19.620	0.000	0.508	-2.868
19.630	0.000	0.591	-1.456
19.640	0.000	0.596	0.909
19.650	0.000	0.552	1.910
19.660	0.000	0.484	2.672
19.670	0.000	0.386	3.351
19.680	1.000	0.269	3.439
19.690	1.000	0.166	1.568
19.700	1.000	0.142	-0.845
19.710	1.000	0.195	-2.286
19.720	1.000	0.274	-3.434
19.730	0.000	0.386	-4.201
19.740	0.000	0.513	-2.491
19.750	0.000	0.572	-0.860
19.760	0.000	0.572	0.645
19.770	0.000	0.518	1.939
19.780	1.000	0.425	2.887
19.790	1.000	0.347	2.902
19.800	1.000	0.288	0.757
19.810	1.000	0.293	-1.373
19.820	1.000	0.337	-2.521
19.830	0.000	0.420	-3.312
19.840	0.000	0.508	-2.032
19.850	0.000	0.547	0.068
19.860	0.000	0.528	1.148
19.870	0.000	0.469	2.149
19.880	0.000	0.391	2.829
19.890	1.000	0.293	3.122
19.900	1.000	0.210	1.207
19.910	1.000	0.195	-0.972
19.920	1.000	0.239	-2.291
19.930	1.000	0.313	-3.298
19.940	0.000	0.425	-4.187
19.950	0.000	0.567	-2.394
19.960	0.000	0.596	-0.679
19.970	0.000	0.591	1.055
19.980	0.000	0.513	2.467
19.990	1.000	0.440	3.102
20.000	1.000	0.352	1.593
20.010	1.000	0.332	-0.630
20.020	1.000	0.371	-1.964
20.030	1.000	0.435	-2.843
20.040	0.000	0.542	-3.317
20.050	0.000	0.630	-2.946
20.060	0.000	0.684	-0.909
20.070	0.000	0.679	1.060
20.080	0.000	0.611	2.702
20.090	0.000	0.528	3.429
20.100	1.000	0.410	3.864
20.110	1.000	0.293	2.037
20.120	1.000	0.264	-0.112
20.130	1.000	0.274	-1.470
