0.010	1.000	0.132	0.151
0.020	1.000	0.147	-1.871
0.030	1.000	0.234	-3.146
0.040	1.000	0.322	-4.074
0.050	1.000	0.454	-4.709
0.060	0.000	0.625	-4.592
0.070	0.000	0.747	-2.833
0.080	0.000	0.791	-0.103
0.090	0.000	0.772	1.583
0.100	0.000	0.689	3.087
0.110	0.000	0.567	4.006
0.120	0.000	0.415	4.617
0.130	1.000	0.298	4.607
0.140	1.000	0.176	2.491
0.150	1.000	0.137	-0.381
0.160	1.000	0.151	-1.851
0.170	1.000	0.230	-3.107
0.180	1.000	0.357	-4.411
0.190	1.000	0.479	-4.690
0.200	0.000	0.625	-4.577
0.210	0.000	0.762	-2.472
0.220	0.000	0.791	-0.122
0.230	0.000	0.767	1.822
0.240	0.000	0.664	3.420
0.250	0.000	0.547	4.211
0.260	0.000	0.401	4.504
0.270	1.000	0.283	4.597
0.280	1.000	0.156	2.462
0.290	1.000	0.127	-0.254
0.300	1.000	0.147	-2.091
0.310	1.000	0.220	-3.229
0.320	1.000	0.322	-4.206
0.330	1.000	0.484	-4.778
0.340	0.000	0.616	-4.822
0.350	0.000	0.738	-3.043
0.360	0.000	0.787	-0.020
0.370	0.000	0.767	1.720
0.380	0.000	0.679	3.210
0.390	0.000	0.572	4.040
0.400	0.000	0.410	4.553
0.410	1.000	0.288	4.587
0.420	1.000	0.161	2.472
0.430	1.000	0.127	-0.220
0.440	1.000	0.142	-1.822
0.450	1.000	0.220	-3.180
0.460	1.000	0.337	-4.372
0.470	1.000	0.459	-4.724
0.480	0.000	0.616	-4.792
0.490	0.000	0.747	-2.614
0.500	0.000	0.787	-0.264
0.510	0.000	0.767	1.724
0.520	0.000	0.664	3.356
0.530	0.000	0.547	4.157
0.540	0.000	0.401	4.485
0.550	1.000	0.269	4.411
0.560	1.000	0.151	2.814
0.570	1.000	0.107	0.278
0.580	1.000	0.137	-1.998
0.590	1.000	0.215	-3.351
0.600	1.000	0.303	-4.148
0.610	1.000	0.435	-4.885
0.620	0.000	0.611	-4.895
0.630	0.000	0.738	-2.941
0.640	0.000	0.782	-0.200
0.650	0.000	0.767	1.510
0.660	0.000	0.689	3.029
0.670	0.000	0.572	3.991
0.680	0.000	0.435	4.607
0.690	1.000	0.298	4.529
0.700	1.000	0.166	2.130
0.710	1.000	0.142	-0.425
0.720	1.000	0.171	-2.066
0.730	1.000	0.254	-3.405
0.740	1.000	0.342	-4.284
0.750	1.000	0.484	-4.665
0.760	0.000	0.650	-4.744
0.770	0.000	0.767	-3.341
0.780	0.000	0.816	-0.630
0.790	0.000	0.796	1.676
0.800	0.000	0.733	2.912
0.810	0.000	0.625	3.889
0.820	0.000	0.454	4.704
0.830	1.000	0.337	4.744
0.840	1.000	0.210	3.107
0.850	1.000	0.147	0.405
0.860	1.000	0.176	-1.910
0.870	1.000	0.254	-3.302
0.880	1.000	0.337	-4.162
0.890	1.000	0.474	-4.504
0.900	0.000	0.630	-4.553
0.910	0.000	0.762	-2.741
0.920	0.000	0.796	-0.039
0.930	0.000	0.767	1.891
0.940	0.000	0.679	3.327
0.950	0.000	0.586	4.104
0.960	1.000	0.435	4.651
0.970	1.000	0.313	2.843
0.980	1.000	0.264	0.562
0.990	1.000	0.269	-1.304
1.000	1.000	0.327	-2.794
1.010	1.000	0.410	-3.561
1.020	1.000	0.523	-4.021
1.030	0.000	0.664	-4.123
1.040	0.000	0.767	-2.560
1.050	0.000	0.796	0.127
1.060	0.000	0.752	2.242
1.070	0.000	0.655	3.527
1.080	0.000	0.528	4.348
1.090	0.000	0.410	4.563
1.100	1.000	0.274	4.465
1.110	1.000	0.142	2.110
1.120	1.000	0.112	0.029
1.130	1.000	0.137	-1.949
1.140	1.000	0.215	-3.288
1.150	1.000	0.318	-4.162
1.160	1.000	0.454	-4.817
1.170	0.000	0.625	-4.704
1.180	0.000	0.743	-3.366
1.190	0.000	0.796	-0.513
1.200	0.000	0.777	1.754
1.210	0.000	0.689	3.244
1.220	0.000	0.581	4.143
1.230	0.000	0.445	4.651
1.240	1.000	0.313	4.563
1.250	1.000	0.176	2.218
1.260	1.000	0.142	-0.005
1.270	1.000	0.161	-1.822
1.280	1.000	0.254	-3.385
1.290	1.000	0.347	-4.284
1.300	1.000	0.489	-4.695
1.310	0.000	0.630	-4.592
1.320	0.000	0.767	-2.369
1.330	0.000	0.791	0.264
1.340	0.000	0.767	1.847
1.350	0.000	0.679	3.283
1.360	0.000	0.547	4.216
1.370	0.000	0.420	4.656
1.380	1.000	0.278	4.568
1.390	1.000	0.142	2.169
1.400	1.000	0.122	-0.225
1.410	1.000	0.137	-1.871
1.420	1.000	0.215	-3.219
1.430	1.000	0.332	-4.372
1.440	1.000	0.454	-4.812
1.450	0.000	0.611	-4.861
1.460	0.000	0.743	-2.565
1.470	0.000	0.782	-0.249
1.480	0.000	0.757	1.754
1.490	0.000	0.660	3.346
1.500	0.000	0.537	4.196
1.510	0.000	0.415	4.553
1.520	1.000	0.278	4.475
1.530	1.000	0.142	2.110
1.540	1.000	0.122	-0.283
1.550	1.000	0.142	-2.076
1.560	1.000	0.234	-3.278
1.570	1.000	0.322	-4.172
1.580	1.000	0.459	-4.719
1.590	0.000	0.611	-4.797
1.600	0.000	0.733	-3.048
1.610	0.000	0.787	-0.269
1.620	0.000	0.757	1.920
1.630	0.000	0.664	3.356
1.640	0.000	0.572	4.011
1.650	0.000	0.435	4.577
1.660	1.000	0.283	4.524
1.670	1.000	0.176	2.848
1.680	1.000	0.127	0.327
1.690	1.000	0.142	-1.842
1.700	1.000	0.210	-3.029
1.710	1.000	0.308	-3.991
1.720	1.000	0.459	-4.719
1.730	0.000	0.616	-4.802
1.740	0.000	0.723	-3.317
1.750	0.000	0.782	-0.532
1.760	0.000	0.762	1.749
1.770	0.000	0.689	3.009
1.780	0.000	0.586	4.001
1.790	0.000	0.425	4.597
1.800	1.000	0.298	4.587
1.810	1.000	0.176	2.604
1.820	1.000	0.137	-0.200
1.830	1.000	0.142	-1.705
1.840	1.000	0.220	-3.102
1.850	1.000	0.337	-4.314
1.860	1.000	0.459	-4.685
1.870	0.000	0.611	-4.768
1.880	0.000	0.747	-2.516
1.890	0.000	0.782	-0.239
1.900	0.000	0.757	1.764
1.910	0.000	0.655	3.361
1.920	0.000	0.562	3.967
1.930	0.000	0.415	4.543
1.940	1.000	0.264	4.358
1.950	1.000	0.147	2.785
1.960	1.000	0.103	0.230
1.970	1.000	0.132	-2.086
1.980	1.000	0.195	-3.195
1.990	1.000	0.308	-4.191
2.000	1.000	0.459	-4.861
2.010	0.000	0.596	-4.983
2.020	0.000	0.723	-2.946
2.030	0.000	0.777	-0.015
2.040	0.000	0.747	1.671
2.050	0.000	0.664	3.161
2.060	0.000	0.532	4.138
2.070	0.000	0.410	4.489
2.080	1.000	0.278	4.441
2.090	1.000	0.147	2.047
2.100	1.000	0.127	-0.049
2.110	1.000	0.142	-1.856
2.120	1.000	0.239	-3.224
2.130	1.000	0.332	-4.245
2.140	1.000	0.464	-4.651
2.150	0.000	0.630	-4.709
2.160	0.000	0.747	-3.278
2.170	0.000	0.801	-0.440
2.180	0.000	0.777	1.822
2.190	0.000	0.703	3.004
2.200	0.000	0.591	4.123
2.210	0.000	0.430	4.709
2.220	1.000	0.308	4.641
2.230	1.000	0.181	2.658
2.240	1.000	0.137	-0.039
2.250	1.000	0.156	-1.817
2.260	1.000	0.239	-3.092
2.270	1.000	0.366	-4.382
2.280	1.000	0.484	-4.656
2.290	0.000	0.625	-4.533
2.300	0.000	0.762	-2.433
2.310	0.000	0.791	-0.132
2.320	0.000	0.767	1.827
2.330	0.000	0.664	3.434
2.340	0.000	0.572	4.050
2.350	0.000	0.420	4.641
2.360	1.000	0.283	4.592
2.370	1.000	0.142	2.149
2.380	1.000	0.122	0.083
2.390	1.000	0.137	-1.876
2.400	1.000	0.230	-3.327
2.410	1.000	0.318	-4.143
2.420	1.000	0.454	-4.778
2.430	0.000	0.625	-4.631
2.440	0.000	0.752	-2.926
2.450	0.000	0.791	-0.532
2.460	0.000	0.782	1.514
2.470	0.000	0.684	3.219
2.480	0.000	0.591	4.074
2.490	0.000	0.445	4.617
2.500	1.000	0.288	4.607
2.510	1.000	0.181	2.897
2.520	1.000	0.127	0.278
2.530	1.000	0.142	-1.783
2.540	1.000	0.220	-3.166
2.550	1.000	0.308	-3.972
2.560	1.000	0.435	-4.744
2.570	0.000	0.611	-4.787
2.580	0.000	0.738	-2.907
2.590	0.000	0.777	-0.586
2.600	0.000	0.767	1.490
2.610	0.000	0.669	3.214
2.620	0.000	0.581	3.977
2.630	0.000	0.435	4.553
2.640	1.000	0.278	4.504
2.650	1.000	0.176	2.736
2.660	1.000	0.127	0.215
2.670	1.000	0.142	-1.891
2.680	1.000	0.210	-3.053
2.690	1.000	0.313	-3.996
2.700	1.000	0.464	-4.714
2.710	0.000	0.591	-4.890
2.720	0.000	0.718	-2.868
2.730	0.000	0.767	0.020
2.740	0.000	0.743	1.685
2.750	0.000	0.660	3.136
2.760	0.000	0.523	4.152
2.770	0.000	0.410	4.416
2.780	1.000	0.274	4.377
2.790	1.000	0.142	2.081
2.800	1.000	0.122	0.020
2.810	1.000	0.137	-1.905
2.820	1.000	0.230	-3.302
2.830	1.000	0.322	-4.162
2.840	1.000	0.459	-4.729
2.850	0.000	0.625	-4.656
2.860	0.000	0.743	-3.410
2.870	0.000	0.801	-0.557
2.880	0.000	0.782	1.734
2.890	0.000	0.708	2.907
2.900	0.000	0.596	4.099
2.910	0.000	0.435	4.695
2.920	1.000	0.313	4.563
2.930	1.000	0.195	2.672
2.940	1.000	0.142	-0.313
2.950	1.000	0.161	-1.783
2.960	1.000	0.239	-3.107
2.970	1.000	0.366	-4.358
2.980	1.000	0.489	-4.660
2.990	0.000	0.630	-4.553
3.000	0.000	0.757	-2.819
3.010	0.000	0.791	-0.112
3.020	0.000	0.767	1.812
3.030	0.000	0.664	3.449
3.040	0.000	0.572	4.079
3.050	0.000	0.425	4.636
3.060	1.000	0.269	4.455
3.070	1.000	0.147	2.941
3.080	1.000	0.107	0.342
3.090	1.000	0.127	-1.969
3.100	1.000	0.191	-3.117
3.110	1.000	0.293	-4.191
3.120	1.000	0.449	-4.929
3.130	0.000	0.591	-5.017
3.140	0.000	0.708	-2.975
3.150	0.000	0.767	-0.103
3.160	0.000	0.747	1.578
3.170	0.000	0.669	3.078
3.180	0.000	0.537	4.069
3.190	0.000	0.415	4.465
3.200	1.000	0.278	4.485
3.210	1.000	0.142	1.944
3.220	1.000	0.122	0.103
3.230	1.000	0.137	-1.817
3.240	1.000	0.230	-3.278
3.250	1.000	0.318	-4.108
3.260	1.000	0.449	-4.763
3.270	0.000	0.630	-4.690
3.280	0.000	0.743	-3.542
3.290	0.000	0.796	-0.674
3.300	0.000	0.777	1.764
3.310	0.000	0.713	2.882
3.320	0.000	0.601	4.050
3.330	0.000	0.430	4.714
3.340	1.000	0.318	4.529
3.350	1.000	0.195	2.755
3.360	1.000	0.142	-0.430
3.370	1.000	0.181	-2.052
3.380	1.000	0.264	-3.405
3.390	1.000	0.347	-4.240
3.400	1.000	0.489	-4.646
3.410	0.000	0.625	-4.514
3.420	0.000	0.762	-3.151
3.430	0.000	0.806	-0.322
3.440	0.000	0.782	1.866
3.450	0.000	0.708	2.970
3.460	0.000	0.596	4.133
3.470	0.000	0.430	4.724
3.480	1.000	0.308	4.641
3.490	1.000	0.186	2.711
3.500	1.000	0.137	-0.298
3.510	1.000	0.151	-1.749
3.520	1.000	0.234	-3.048
3.530	1.000	0.357	-4.362
3.540	1.000	0.474	-4.577
3.550	0.000	0.620	-4.656
3.560	0.000	0.757	-2.369
3.570	0.000	0.782	-0.161
3.580	0.000	0.762	1.808
3.590	0.000	0.645	3.454
3.600	0.000	0.562	4.025
3.610	0.000	0.410	4.548
3.620	1.000	0.259	4.348
3.630	1.000	0.142	2.868
3.640	1.000	0.098	0.303
3.650	1.000	0.122	-2.008
3.660	1.000	0.186	-3.156
3.670	1.000	0.293	-4.235
3.680	1.000	0.454	-4.958
3.690	0.000	0.586	-5.042
3.700	0.000	0.708	-3.014
3.710	0.000	0.767	-0.093
3.720	0.000	0.747	1.568
3.730	0.000	0.664	3.092
3.740	0.000	0.532	4.084
3.750	0.000	0.396	4.338
3.760	1.000	0.264	4.275
3.770	1.000	0.151	2.853
3.780	1.000	0.107	0.318
3.790	1.000	0.132	-2.008
3.800	1.000	0.195	-3.131
3.810	1.000	0.298	-4.157
3.820	1.000	0.454	-4.866
3.830	0.000	0.591	-4.998
3.840	0.000	0.713	-3.014
3.850	0.000	0.772	-0.073
3.860	0.000	0.752	1.597
3.870	0.000	0.669	3.083
3.880	0.000	0.537	4.079
3.890	0.000	0.420	4.499
3.900	1.000	0.288	4.446
3.910	1.000	0.151	1.998
3.920	1.000	0.137	-0.112
3.930	1.000	0.147	-1.847
3.940	1.000	0.244	-3.317
3.950	1.000	0.332	-4.240
3.960	1.000	0.474	-4.602
3.970	0.000	0.640	-4.714
3.980	0.000	0.752	-3.293
3.990	0.000	0.806	-0.435
4.000	0.000	0.782	1.739
4.010	0.000	0.718	2.931
4.020	0.000	0.596	4.113
4.030	0.000	0.435	4.734
4.040	1.000	0.318	4.558
4.050	1.000	0.195	2.726
4.060	1.000	0.142	-0.318
4.070	1.000	0.166	-1.808
4.080	1.000	0.239	-3.117
4.090	1.000	0.366	-4.343
4.100	1.000	0.508	-4.783
4.110	0.000	0.630	-4.533
4.120	0.000	0.757	-2.745
4.130	0.000	0.791	0.293
4.140	0.000	0.772	1.827
4.150	0.000	0.679	3.278
4.160	0.000	0.537	4.275
4.170	0.000	0.425	4.646
4.180	1.000	0.283	4.577
4.190	1.000	0.142	2.106
4.200	1.000	0.122	0.059
4.210	1.000	0.137	-1.822
4.220	1.000	0.230	-3.278
4.230	1.000	0.322	-4.143
4.240	1.000	0.454	-4.753
4.250	0.000	0.625	-4.621
4.260	0.000	0.762	-2.736
4.270	0.000	0.791	-0.532
4.280	0.000	0.782	1.505
4.290	0.000	0.684	3.249
4.300	0.000	0.591	4.089
4.310	0.000	0.449	4.607
4.320	1.000	0.288	4.617
4.330	1.000	0.176	2.990
4.340	1.000	0.127	0.459
4.350	1.000	0.137	-1.783
4.360	1.000	0.200	-2.970
4.370	1.000	0.298	-4.021
4.380	1.000	0.449	-4.778
4.390	0.000	0.586	-4.895
4.400	0.000	0.703	-2.814
4.410	0.000	0.762	-0.005
4.420	0.000	0.738	1.588
4.430	0.000	0.655	3.068
4.440	0.000	0.523	4.099
4.450	0.000	0.410	4.377
4.460	1.000	0.278	4.358
4.470	1.000	0.142	2.032
4.480	1.000	0.127	-0.024
4.490	1.000	0.142	-1.886
4.500	1.000	0.234	-3.214
4.510	1.000	0.322	-4.162
4.520	1.000	0.459	-4.700
4.530	0.000	0.630	-4.680
4.540	0.000	0.743	-3.341
4.550	0.000	0.801	-0.552
4.560	0.000	0.777	1.822
4.570	0.000	0.703	2.960
4.580	0.000	0.596	4.089
4.590	0.000	0.430	4.695
4.600	1.000	0.288	4.665
4.610	1.000	0.161	2.550
4.620	1.000	0.127	0.137
4.630	1.000	0.142	-1.803
4.640	1.000	0.200	-2.970
4.650	1.000	0.298	-4.011
4.660	1.000	0.454	-4.783
4.670	0.000	0.586	-4.895
4.680	0.000	0.703	-2.824
4.690	0.000	0.767	-0.068
4.700	0.000	0.738	1.558
4.710	0.000	0.660	3.039
4.720	0.000	0.528	4.084
4.730	1.000	0.415	4.397
4.740	1.000	0.293	2.814
4.750	1.000	0.239	-0.020
4.760	1.000	0.259	-1.510
4.770	1.000	0.318	-2.741
4.780	1.000	0.435	-3.854
4.790	1.000	0.532	-4.113
4.800	0.000	0.655	-4.143
4.810	0.000	0.777	-1.720
4.820	0.000	0.791	0.640
4.830	0.000	0.743	2.389
4.840	0.000	0.660	3.434
4.850	0.000	0.537	4.216
4.860	0.000	0.396	4.519
4.870	1.000	0.264	4.411
4.880	1.000	0.137	2.491
4.890	1.000	0.098	-0.401
4.900	1.000	0.122	-2.008
4.910	1.000	0.200	-3.361
4.920	1.000	0.332	-4.470
4.930	1.000	0.449	-4.924
4.940	0.000	0.611	-4.958
4.950	0.000	0.747	-2.623
4.960	0.000	0.787	-0.332
4.970	0.000	0.767	1.656
4.980	0.000	0.660	3.346
4.990	0.000	0.576	4.011
5.000	0.000	0.430	4.587
5.010	1.000	0.269	4.426
5.020	1.000	0.156	2.995
5.030	1.000	0.107	0.459
5.040	1.000	0.127	-1.881
5.050	1.000	0.191	-3.068
5.060	1.000	0.293	-4.148
5.070	1.000	0.445	-4.905
5.080	0.000	0.606	-4.963
5.090	0.000	0.713	-3.449
5.100	0.000	0.782	-0.747
5.110	0.000	0.767	1.661
5.120	0.000	0.679	3.170
5.130	0.000	0.591	3.977
5.140	0.000	0.454	4.494
5.150	1.000	0.293	4.533
5.160	1.000	0.186	2.975
5.170	1.000	0.137	0.322
5.180	1.000	0.151	-1.827
5.190	1.000	0.215	-3.009
5.200	1.000	0.318	-3.918
5.210	1.000	0.469	-4.597
5.220	0.000	0.596	-4.831
5.230	0.000	0.718	-2.814
5.240	0.000	0.767	0.132
5.250	0.000	0.743	1.681
5.260	0.000	0.655	3.151
5.270	0.000	0.523	4.162
5.280	0.000	0.386	4.450
5.290	1.000	0.278	4.402
5.300	1.000	0.151	2.653
5.310	1.000	0.112	0.122
5.320	1.000	0.137	-2.101
5.330	1.000	0.200	-3.224
5.340	1.000	0.308	-4.128
5.350	1.000	0.474	-4.768
5.360	0.000	0.601	-4.968
5.370	0.000	0.728	-3.043
5.380	0.000	0.782	0.044
5.390	0.000	0.743	1.925
5.400	0.000	0.679	3.122
5.410	0.000	0.572	3.923
5.420	0.000	0.405	4.446
5.430	1.000	0.269	4.411
5.440	1.000	0.151	2.956
5.450	1.000	0.103	0.401
5.460	1.000	0.127	-2.008
5.470	1.000	0.191	-3.117
5.480	1.000	0.293	-4.167
5.490	1.000	0.445	-4.910
5.500	0.000	0.581	-4.988
5.510	0.000	0.703	-2.872
5.520	0.000	0.762	-0.073
5.530	0.000	0.728	1.837
5.540	0.000	0.645	3.136
5.550	0.000	0.528	4.064
5.560	0.000	0.415	4.392
5.570	1.000	0.283	4.367
5.580	1.000	0.151	1.954
5.590	1.000	0.137	-0.147
5.600	1.000	0.151	-1.900
5.610	1.000	0.254	-3.468
5.620	1.000	0.342	-4.314
5.630	1.000	0.484	-4.670
5.640	0.000	0.650	-4.729
5.650	0.000	0.762	-3.298
5.660	0.000	0.811	-0.493
5.670	0.000	0.791	1.656
5.680	0.000	0.728	2.921
5.690	0.000	0.616	4.011
5.700	0.000	0.449	4.719
5.710	1.000	0.322	4.568
5.720	1.000	0.205	2.809
5.730	1.000	0.147	-0.171
5.740	1.000	0.171	-1.734
5.750	1.000	0.244	-3.083
5.760	1.000	0.376	-4.284
5.770	1.000	0.508	-4.734
5.780	0.000	0.645	-4.646
5.790	0.000	0.757	-3.200
5.800	0.000	0.806	-0.308
5.810	0.000	0.782	1.935
5.820	0.000	0.703	2.985
5.830	0.000	0.596	4.123
5.840	0.000	0.425	4.709
5.850	1.000	0.283	4.656
5.860	1.000	0.181	3.024
5.870	1.000	0.127	0.503
5.880	1.000	0.142	-1.783
5.890	1.000	0.195	-2.956
5.900	1.000	0.298	-4.035
5.910	1.000	0.449	-4.802
5.920	0.000	0.576	-4.866
5.930	0.000	0.699	-2.912
5.940	0.000	0.757	-0.054
5.950	0.000	0.738	1.632
5.960	0.000	0.655	3.000
5.970	0.000	0.523	4.060
5.980	0.000	0.396	4.323
5.990	1.000	0.264	4.211
6.000	1.000	0.151	2.858
6.010	1.000	0.107	0.308
6.020	1.000	0.132	-2.018
6.030	1.000	0.195	-3.146
6.040	1.000	0.298	-4.162
6.050	1.000	0.454	-4.856
6.060	0.000	0.591	-4.988
6.070	0.000	0.713	-2.956
6.080	0.000	0.767	-0.059
6.090	0.000	0.747	1.602
6.100	0.000	0.664	3.112
6.110	0.000	0.528	4.143
6.120	0.000	0.415	4.460
6.130	1.000	0.283	4.421
6.140	1.000	0.147	1.988
6.150	1.000	0.132	-0.059
6.160	1.000	0.147	-1.842
6.170	1.000	0.239	-3.239
6.180	1.000	0.347	-4.382
6.190	1.000	0.464	-4.656
6.200	0.000	0.611	-4.744
6.210	0.000	0.747	-2.389
6.220	0.000	0.777	-0.205
6.230	0.000	0.757	1.759
6.240	0.000	0.650	3.361
6.250	0.000	0.562	3.947
6.260	0.000	0.415	4.529
6.270	1.000	0.259	4.294
6.280	1.000	0.147	2.960
6.290	1.000	0.098	0.337
6.300	1.000	0.122	-1.959
6.310	1.000	0.205	-3.337
6.320	1.000	0.308	-4.191
6.330	1.000	0.425	-4.885
6.340	0.000	0.581	-4.949
6.350	0.000	0.723	-2.643
6.360	0.000	0.762	-0.039
6.370	0.000	0.738	1.514
6.380	0.000	0.664	3.014
6.390	0.000	0.532	4.045
6.400	0.000	0.420	4.436
6.410	1.000	0.283	4.382
6.420	1.000	0.151	2.018
6.430	1.000	0.132	-0.064
6.440	1.000	0.147	-1.808
6.450	1.000	0.239	-3.263
6.460	1.000	0.352	-4.387
6.470	1.000	0.498	-4.797
6.480	0.000	0.616	-4.729
6.490	0.000	0.738	-2.741
6.500	0.000	0.782	0.264
6.510	0.000	0.752	1.827
6.520	0.000	0.664	3.239
6.530	0.000	0.528	4.216
6.540	0.000	0.391	4.494
6.550	1.000	0.278	4.489
6.560	1.000	0.151	2.389
6.570	1.000	0.122	-0.322
6.580	1.000	0.142	-2.115
6.590	1.000	0.220	-3.205
6.600	1.000	0.322	-4.143
6.610	1.000	0.489	-4.827
6.620	0.000	0.611	-4.851
6.630	0.000	0.733	-2.946
6.640	0.000	0.782	0.181
6.650	0.000	0.743	1.993
6.660	0.000	0.650	3.341
6.670	0.000	0.567	3.903
6.680	0.000	0.425	4.524
6.690	1.000	0.269	4.367
6.700	1.000	0.142	2.428
6.710	1.000	0.107	0.347
6.720	1.000	0.127	-1.724
6.730	1.000	0.210	-3.332
6.740	1.000	0.298	-4.133
6.750	1.000	0.425	-4.846
6.760	0.000	0.611	-4.885
6.770	0.000	0.718	-3.517
6.780	0.000	0.787	-0.762
6.790	0.000	0.767	1.617
6.800	0.000	0.684	3.122
6.810	0.000	0.601	3.962
6.820	0.000	0.449	4.524
6.830	1.000	0.298	4.533
6.840	1.000	0.191	3.014
6.850	1.000	0.137	0.322
6.860	1.000	0.156	-1.876
6.870	1.000	0.220	-3.014
6.880	1.000	0.318	-3.972
6.890	1.000	0.474	-4.621
6.900	0.000	0.606	-4.797
6.910	0.000	0.723	-2.824
6.920	0.000	0.772	0.137
6.930	0.000	0.738	1.959
6.940	0.000	0.664	3.136
6.950	0.000	0.557	3.884
6.960	0.000	0.391	4.475
6.970	1.000	0.278	4.475
6.980	1.000	0.151	2.516
6.990	1.000	0.122	-0.288
7.000	1.000	0.137	-1.847
7.010	1.000	0.215	-3.195
7.020	1.000	0.332	-4.387
7.030	1.000	0.484	-4.797
7.040	0.000	0.630	-4.690
7.050	0.000	0.738	-3.468
7.060	0.000	0.796	-0.596
7.070	0.000	0.777	1.768
7.080	0.000	0.713	2.868
7.090	0.000	0.601	4.069
7.100	0.000	0.430	4.700
7.110	1.000	0.313	4.568
7.120	1.000	0.195	2.741
7.130	1.000	0.142	-0.357
7.140	1.000	0.161	-1.768
7.150	1.000	0.239	-3.097
7.160	1.000	0.376	-4.338
7.170	1.000	0.484	-4.651
7.180	0.000	0.625	-4.504
7.190	0.000	0.767	-2.301
7.200	0.000	0.791	-0.107
7.210	0.000	0.767	1.837
7.220	0.000	0.640	3.552
7.230	0.000	0.489	4.675
7.240	0.000	0.415	4.915
7.250	1.000	0.205	4.592
7.260	1.000	0.088	2.516
7.270	1.000	0.039	-0.239
7.280	1.000	0.039	-1.207
7.290	1.000	0.142	-3.298
7.300	1.000	0.230	-3.942
7.310	1.000	0.327	-4.719
7.320	0.000	0.503	-5.217
7.330	0.000	0.635	-3.244
7.340	0.000	0.694	-1.080
7.350	0.000	0.694	1.065
7.360	0.000	0.625	2.667
7.370	0.000	0.542	3.488
7.380	0.000	0.415	4.069
7.390	1.000	0.293	4.123
7.400	1.000	0.176	1.773
7.410	1.000	0.147	-0.337
7.420	1.000	0.186	-2.101
7.430	1.000	0.283	-3.664
7.440	1.000	0.386	-4.348
7.450	1.000	0.547	-4.636
7.460	0.000	0.684	-4.612
7.470	0.000	0.791	-3.019
7.480	0.000	0.840	-0.567
7.490	0.000	0.821	1.724
7.500	0.000	0.757	3.053
7.510	0.000	0.635	3.967
7.520	0.000	0.484	4.621
7.530	1.000	0.337	4.846
7.540	1.000	0.220	2.789
7.550	1.000	0.161	0.088
7.560	1.000	0.191	-1.827
7.570	1.000	0.254	-3.000
7.580	1.000	0.352	-4.069
7.590	1.000	0.498	-4.553
7.600	0.000	0.625	-4.387
7.610	0.000	0.738	-2.565
7.620	0.000	0.777	0.342
7.630	0.000	0.738	2.018
7.640	0.000	0.640	3.317
7.650	0.000	0.518	4.275
7.660	0.000	0.381	4.529
7.670	1.000	0.264	4.299
7.680	1.000	0.142	2.262
7.690	1.000	0.112	-0.327
7.700	1.000	0.137	-2.003
7.710	1.000	0.220	-3.307
7.720	1.000	0.332	-4.397
7.730	1.000	0.479	-4.797
7.740	0.000	0.616	-4.866
7.750	0.000	0.738	-2.912
7.760	0.000	0.787	0.039
7.770	0.000	0.757	1.944
7.780	0.000	0.674	3.195
7.790	0.000	0.572	3.962
7.800	0.000	0.410	4.504
7.810	1.000	0.283	4.524
7.820	1.000	0.161	2.345
7.830	1.000	0.132	-0.391
7.840	1.000	0.151	-1.827
7.850	1.000	0.230	-3.122
7.860	1.000	0.352	-4.367
7.870	1.000	0.469	-4.621
7.880	0.000	0.616	-4.646
7.890	0.000	0.747	-2.526
7.900	0.000	0.782	-0.132
7.910	0.000	0.757	1.817
7.920	0.000	0.655	3.361
7.930	0.000	0.562	4.016
7.940	0.000	0.415	4.553
7.950	1.000	0.264	4.387
7.960	1.000	0.142	2.711
7.970	1.000	0.107	0.147
7.980	1.000	0.142	-2.277
7.990	1.000	0.195	-3.180
8.000	1.000	0.342	-4.558
8.010	1.000	0.459	-4.846
8.020	0.000	0.591	-4.968
8.030	0.000	0.718	-2.848
8.040	0.000	0.767	-0.020
8.050	0.000	0.743	1.720
8.060	0.000	0.616	3.654
8.070	0.000	0.552	4.016
8.080	0.000	0.401	4.377
8.090	1.000	0.254	4.182
8.100	1.000	0.137	3.332
8.110	1.000	0.073	0.796
8.120	1.000	0.073	-1.319
8.130	1.000	0.142	-3.009
8.140	1.000	0.239	-3.771
8.150	1.000	0.362	-4.792
8.160	0.000	0.537	-5.027
8.170	0.000	0.655	-3.747
8.180	0.000	0.733	-1.080
8.190	0.000	0.728	1.246
8.200	0.000	0.664	2.609
8.210	0.000	0.581	3.556
8.220	0.000	0.420	4.284
8.230	1.000	0.298	4.411
8.240	1.000	0.191	2.594
8.250	1.000	0.142	0.049
8.260	1.000	0.166	-1.773
8.270	1.000	0.259	-3.361
8.280	1.000	0.371	-4.323
8.290	1.000	0.489	-4.704
8.300	0.000	0.630	-4.563
8.310	0.000	0.767	-2.277
8.320	0.000	0.791	-0.073
8.330	0.000	0.767	1.856
8.340	0.000	0.660	3.429
8.350	0.000	0.532	4.275
8.360	0.000	0.420	4.660
8.370	1.000	0.278	4.543
8.380	1.000	0.142	2.086
8.390	1.000	0.122	0.044
8.400	1.000	0.137	-1.861
8.410	1.000	0.234	-3.278
8.420	1.000	0.318	-4.123
8.430	0.000	0.449	-4.753
8.440	0.000	0.596	-2.809
8.450	0.000	0.645	-0.865
8.460	0.000	0.635	0.909
8.470	0.000	0.581	2.506
8.480	0.000	0.493	3.263
8.490	0.000	0.381	3.703
8.500	1.000	0.254	3.556
8.510	1.000	0.151	2.218
8.520	1.000	0.127	-0.151
8.530	1.000	0.166	-2.223
8.540	1.000	0.234	-3.161
8.550	1.000	0.420	-4.744
8.560	1.000	0.474	-4.719
8.570	0.000	0.625	-4.621
8.580	0.000	0.747	-2.789
8.590	0.000	0.787	0.117
8.600	0.000	0.762	1.817
8.610	0.000	0.674	3.263
8.620	0.000	0.542	4.177
8.630	0.000	0.415	4.626
8.640	1.000	0.278	4.504
8.650	1.000	0.147	2.096
8.660	1.000	0.127	-0.376
8.670	1.000	0.142	-1.993
8.680	1.000	0.230	-3.239
8.690	1.000	0.327	-4.143
8.700	1.000	0.459	-4.660
8.710	0.000	0.625	-4.568
8.720	0.000	0.743	-3.688
8.730	0.000	0.811	-0.796
8.740	0.000	0.801	1.387
8.750	0.000	0.738	2.794
8.760	0.000	0.630	3.708
8.770	0.000	0.474	4.509
8.780	1.000	0.347	4.778
8.790	1.000	0.225	2.677
8.800	1.000	0.176	-0.000
8.810	1.000	0.191	-1.646
8.820	1.000	0.259	-3.053
8.830	1.000	0.376	-4.108
8.840	1.000	0.493	-4.504
8.850	0.000	0.630	-4.367
8.860	0.000	0.757	-2.198
8.870	0.000	0.782	0.151
8.880	0.000	0.743	2.076
8.890	0.000	0.660	3.273
8.900	0.000	0.552	4.021
8.910	0.000	0.396	4.421
8.920	1.000	0.274	4.411
8.930	1.000	0.127	1.016
8.940	1.000	0.112	0.142
8.950	1.000	0.191	-2.941
8.960	1.000	0.274	-3.942
8.970	1.000	0.318	-4.094
8.980	1.000	0.445	-4.797
8.990	0.000	0.625	-4.651
9.000	0.000	0.738	-4.704
9.010	0.000	0.845	-0.767
9.020	0.000	0.855	0.899
9.030	0.000	0.811	2.281
9.040	0.000	0.708	3.488
9.050	0.000	0.562	4.475
9.060	1.000	0.415	5.071
9.070	1.000	0.274	2.897
9.080	1.000	0.220	1.172
9.090	1.000	0.210	-0.957
9.100	1.000	0.269	-2.662
9.110	1.000	0.337	-3.586
9.120	1.000	0.454	-4.162
9.130	0.000	0.620	-4.250
9.140	0.000	0.733	-3.908
9.150	0.000	0.806	-0.870
9.160	0.000	0.806	0.894
9.170	0.000	0.757	2.540
9.180	0.000	0.625	3.810
9.190	0.000	0.518	4.651
9.200	1.000	0.318	4.651
9.210	1.000	0.210	3.288
9.220	1.000	0.142	0.616
9.230	1.000	0.142	-1.138
9.240	1.000	0.205	-2.672
9.250	1.000	0.313	-3.835
9.260	1.000	0.420	-4.607
9.270	0.000	0.572	-4.660
9.280	0.000	0.699	-2.169
9.290	0.000	0.733	-0.508
9.300	0.000	0.718	1.431
9.310	0.000	0.625	3.043
9.320	0.000	0.513	4.030
9.330	0.000	0.405	4.216
9.340	1.000	0.278	4.235
9.350	1.000	0.142	1.720
9.360	1.000	0.127	-0.044
9.370	1.000	0.171	-2.306
9.380	1.000	0.239	-3.205
9.390	1.000	0.352	-4.382
9.400	1.000	0.464	-4.660
9.410	0.000	0.625	-4.563
9.420	0.000	0.752	-2.829
9.430	0.000	0.791	0.112
9.440	0.000	0.777	1.563
9.450	0.000	0.694	3.048
9.460	0.000	0.567	4.030
9.470	0.000	0.440	4.651
9.480	1.000	0.298	4.573
9.490	1.000	0.161	2.091
9.500	1.000	0.137	-0.415
9.510	1.000	0.151	-1.773
9.520	1.000	0.239	-3.034
9.530	1.000	0.357	-4.338
9.540	1.000	0.474	-4.597
9.550	0.000	0.625	-4.543
9.560	0.000	0.767	-2.252
9.570	0.000	0.787	-0.318
9.580	0.000	0.738	2.330
9.590	0.000	0.664	3.317
9.600	0.000	0.576	4.001
9.610	0.000	0.435	4.563
9.620	1.000	0.274	4.455
9.630	1.000	0.161	3.068
9.640	1.000	0.107	0.508
9.650	1.000	0.127	-1.944
9.660	1.000	0.181	-2.965
9.670	1.000	0.332	-4.509
9.680	1.000	0.435	-4.963
9.690	0.000	0.606	-4.993
9.700	0.000	0.713	-3.737
9.710	0.000	0.791	-0.660
9.720	0.000	0.777	1.485
9.730	0.000	0.713	2.702
9.740	0.000	0.611	3.845
9.750	0.000	0.440	4.587
9.760	1.000	0.332	4.709
9.770	1.000	0.181	1.671
9.780	1.000	0.151	-0.098
9.790	1.000	0.181	-1.891
9.800	1.000	0.244	-3.034
9.810	1.000	0.347	-4.143
9.820	1.000	0.508	-4.685
9.830	0.000	0.625	-4.631
9.840	0.000	0.777	-1.705
9.850	0.000	0.796	0.156
9.860	0.000	0.767	1.739
9.870	0.000	0.684	3.166
9.880	0.000	0.537	4.260
9.890	0.000	0.430	4.763
9.900	1.000	0.230	4.529
9.910	1.000	0.132	3.161
9.920	1.000	0.073	0.879
9.930	1.000	0.073	-1.241
9.940	1.000	0.181	-3.371
9.950	1.000	0.332	-4.724
9.960	1.000	0.381	-4.851
9.970	0.000	0.586	-5.125
9.980	0.000	0.684	-3.815
9.990	0.000	0.757	-1.681
10.000	0.000	0.772	0.738
10.010	0.000	0.689	2.819
10.020	0.000	0.611	3.781
10.030	0.000	0.474	4.255
10.040	1.000	0.313	4.563
10.050	1.000	0.205	3.566
10.060	1.000	0.142	0.811
10.070	1.000	0.142	-1.602
10.080	1.000	0.210	-2.882
10.090	1.000	0.288	-3.835
10.100	1.000	0.425	-4.787
10.110	0.000	0.586	-4.885
10.120	0.000	0.728	-2.877
10.130	0.000	0.772	-0.943
10.140	0.000	0.762	1.402
10.150	0.000	0.703	2.633
10.160	0.000	0.601	3.835
10.170	0.000	0.435	4.543
10.180	1.000	0.332	4.421
10.190	1.000	0.210	2.692
10.200	1.000	0.151	-0.425
10.210	1.000	0.181	-1.783
10.220	1.000	0.264	-3.234
10.230	1.000	0.386	-4.279
10.240	1.000	0.518	-4.739
10.250	0.000	0.660	-4.724
10.260	0.000	0.787	-2.741
10.270	0.000	0.826	-0.352
10.280	0.000	0.816	1.514
10.290	0.000	0.752	2.872
10.300	0.000	0.630	3.845
10.310	0.000	0.459	4.734
10.320	1.000	0.347	5.027
10.330	1.000	0.220	2.907
10.340	1.000	0.156	0.024
10.350	1.000	0.176	-1.451
10.360	1.000	0.239	-2.814
10.370	1.000	0.371	-4.201
10.380	1.000	0.493	-4.734
10.390	0.000	0.616	-4.660
10.400	0.000	0.777	-4.514
10.410	0.000	0.870	-1.612
10.420	0.000	0.879	0.425
10.430	0.000	0.835	2.364
10.440	0.000	0.723	3.762
10.450	0.000	0.616	4.563
10.460	1.000	0.464	4.963
10.470	1.000	0.298	3.161
10.480	1.000	0.244	1.168
10.490	1.000	0.239	-1.299
10.500	1.000	0.298	-2.638
10.510	1.000	0.376	-3.561
10.520	1.000	0.479	-3.981
10.530	0.000	0.620	-4.245
10.540	0.000	0.733	-2.472
10.550	0.000	0.767	-0.191
10.560	0.000	0.733	2.008
10.570	0.000	0.635	3.224
10.580	0.000	0.542	4.006
10.590	0.000	0.405	4.362
10.600	1.000	0.249	4.094
10.610	1.000	0.142	3.141
10.620	1.000	0.083	-0.132
10.630	1.000	0.112	-1.969
10.640	1.000	0.161	-2.926
10.650	1.000	0.269	-4.094
10.660	1.000	0.425	-4.968
10.670	0.000	0.591	-5.105
10.680	0.000	0.723	-4.787
10.690	0.000	0.821	-2.330
10.700	0.000	0.850	0.298
10.710	0.000	0.806	2.198
10.720	0.000	0.738	3.327
10.730	0.000	0.586	4.475
10.740	1.000	0.430	4.988
10.750	1.000	0.318	4.001
10.760	1.000	0.230	1.451
10.770	1.000	0.215	-0.874
10.780	1.000	0.264	-2.496
10.790	1.000	0.332	-3.547
10.800	1.000	0.435	-4.172
10.810	0.000	0.576	-4.480
10.820	0.000	0.689	-2.413
10.830	0.000	0.728	-0.078
10.840	0.000	0.694	1.822
10.850	0.000	0.630	2.765
10.860	0.000	0.518	3.786
10.870	0.000	0.386	4.182
10.880	1.000	0.254	3.942
10.890	1.000	0.137	3.146
10.900	1.000	0.078	0.327
10.910	1.000	0.088	-1.368
10.920	1.000	0.142	-2.892
10.930	1.000	0.313	-4.319
10.940	1.000	0.542	-5.369
10.950	0.000	0.713	-5.242
10.960	0.000	0.865	-2.877
10.970	0.000	0.909	-0.225
10.980	0.000	0.904	1.324
10.990	0.000	0.835	2.858
11.000	0.000	0.703	4.138
11.010	0.000	0.552	4.880
11.020	1.000	0.401	5.242
11.030	1.000	0.278	3.859
11.040	1.000	0.181	1.212
11.050	1.000	0.176	-1.050
11.060	1.000	0.215	-2.355
11.070	1.000	0.298	-3.537
11.080	1.000	0.440	-4.504
11.090	0.000	0.567	-4.553
11.100	0.000	0.674	-2.824
11.110	0.000	0.728	0.024
11.120	0.000	0.689	1.910
11.130	0.000	0.620	3.043
11.140	0.000	0.523	3.771
11.150	0.000	0.386	4.338
11.160	1.000	0.244	4.011
11.170	1.000	0.137	3.898
11.180	1.000	0.044	0.762
11.190	1.000	0.049	-1.485
11.200	1.000	0.127	-2.985
11.210	1.000	0.230	-3.977
11.220	1.000	0.362	-4.910
11.230	0.000	0.484	-5.217
11.240	0.000	0.620	-3.346
11.250	0.000	0.689	-0.410
11.260	0.000	0.679	1.128
11.270	0.000	0.616	2.662
11.280	0.000	0.518	3.547
11.290	0.000	0.420	3.937
11.300	1.000	0.288	4.011
11.310	1.000	0.171	1.510
11.320	1.000	0.147	-0.230
11.330	1.000	0.191	-2.208
11.340	1.000	0.259	-3.244
11.350	1.000	0.362	-4.240
11.360	1.000	0.523	-4.724
11.370	0.000	0.674	-4.685
11.380	0.000	0.782	-4.338
11.390	0.000	0.879	-1.656
11.400	0.000	0.884	1.143
11.410	0.000	0.830	2.487
11.420	0.000	0.703	3.874
11.430	0.000	0.586	4.690
11.440	1.000	0.420	5.120
11.450	1.000	0.283	3.669
11.460	1.000	0.215	1.500
11.470	1.000	0.195	-0.962
11.480	1.000	0.259	-2.697
11.490	1.000	0.332	-3.727
11.500	1.000	0.435	-4.309
11.510	0.000	0.591	-4.695
11.520	0.000	0.713	-2.267
11.530	0.000	0.747	-0.567
11.540	0.000	0.733	1.490
11.550	0.000	0.640	3.048
11.560	0.000	0.557	3.776
11.570	0.000	0.386	4.392
11.580	1.000	0.259	4.221
11.590	1.000	0.142	2.653
11.600	1.000	0.093	0.591
11.610	1.000	0.112	-1.866
11.620	1.000	0.186	-3.166
11.630	1.000	0.293	-4.240
11.640	1.000	0.420	-4.910
11.650	0.000	0.552	-4.817
11.660	0.000	0.689	-2.833
11.670	0.000	0.738	-0.645
11.680	0.000	0.723	1.392
11.690	0.000	0.635	2.858
11.700	0.000	0.547	3.801
11.710	0.000	0.415	4.309
11.720	1.000	0.269	4.221
11.730	1.000	0.142	2.516
11.740	1.000	0.103	0.586
11.750	1.000	0.112	-1.505
11.760	1.000	0.195	-3.288
11.770	1.000	0.298	-4.201
11.780	1.000	0.410	-4.773
11.790	0.000	0.586	-5.144
11.800	0.000	0.718	-2.741
11.810	0.000	0.767	-0.879
11.820	0.000	0.752	1.417
11.830	0.000	0.684	2.804
11.840	0.000	0.591	3.830
11.850	0.000	0.430	4.651
11.860	1.000	0.278	4.558
11.870	1.000	0.161	4.235
11.880	1.000	0.064	1.617
11.890	1.000	0.054	-1.324
11.900	1.000	0.117	-2.677
11.910	1.000	0.191	-3.639
11.920	1.000	0.318	-4.597
11.930	0.000	0.484	-5.085
11.940	0.000	0.616	-5.066
11.950	0.000	0.738	-2.272
11.960	0.000	0.767	0.366
11.970	0.000	0.738	1.827
11.980	0.000	0.650	3.185
11.990	0.000	0.503	4.260
12.000	1.000	0.376	4.680
12.010	1.000	0.274	3.141
12.020	1.000	0.205	0.699
12.030	1.000	0.210	-1.373
12.040	1.000	0.259	-2.599
12.050	1.000	0.347	-3.723
12.060	1.000	0.503	-4.392
12.070	0.000	0.611	-4.582
12.080	0.000	0.728	-2.340
12.090	0.000	0.767	0.171
12.100	0.000	0.738	1.685
12.110	0.000	0.655	3.107
12.120	0.000	0.508	4.201
12.130	0.000	0.386	4.587
12.140	1.000	0.274	4.475
12.150	1.000	0.142	2.272
12.160	1.000	0.112	-0.518
12.170	1.000	0.137	-1.949
12.180	1.000	0.215	-3.278
12.190	1.000	0.313	-4.084
12.200	0.000	0.449	-4.831
12.210	0.000	0.601	-4.309
12.220	0.000	0.689	-1.720
12.230	0.000	0.689	1.119
12.240	0.000	0.640	2.306
12.250	0.000	0.576	3.185
12.260	0.000	0.435	4.099
12.270	1.000	0.298	4.152
12.280	1.000	0.195	3.962
12.290	1.000	0.112	1.158
12.300	1.000	0.103	-1.275
12.310	1.000	0.161	-2.741
12.320	1.000	0.244	-3.635
12.330	1.000	0.401	-4.631
12.340	0.000	0.542	-4.871
12.350	0.000	0.655	-3.977
12.360	0.000	0.733	-1.324
12.370	0.000	0.738	1.207
12.380	0.000	0.684	2.521
12.390	0.000	0.591	3.615
12.400	0.000	0.425	4.362
12.410	1.000	0.318	4.416
12.420	1.000	0.200	2.570
12.430	1.000	0.151	-0.166
12.440	1.000	0.181	-1.959
12.450	1.000	0.259	-3.307
12.460	1.000	0.366	-4.270
12.470	1.000	0.508	-4.729
12.480	0.000	0.650	-4.695
12.490	0.000	0.762	-3.688
12.500	0.000	0.826	-0.322
12.510	0.000	0.811	1.514
12.520	0.000	0.738	2.985
12.530	0.000	0.650	3.825
12.540	0.000	0.513	4.602
12.550	1.000	0.327	4.636
12.560	1.000	0.215	4.695
12.570	1.000	0.103	1.798
12.580	1.000	0.078	-0.318
12.590	1.000	0.127	-2.345
12.600	1.000	0.215	-3.615
12.610	1.000	0.303	-4.304
12.620	0.000	0.435	-4.963
12.630	0.000	0.606	-2.653
12.640	0.000	0.640	-1.099
12.650	0.000	0.645	0.894
12.660	0.000	0.611	2.120
12.670	0.000	0.508	3.219
12.680	0.000	0.410	3.727
12.690	1.000	0.288	3.942
12.700	1.000	0.191	2.047
12.710	1.000	0.151	-0.772
12.720	1.000	0.191	-2.120
12.730	1.000	0.298	-3.688
12.740	1.000	0.415	-4.475
12.750	1.000	0.547	-4.685
12.760	0.000	0.664	-4.724
12.770	0.000	0.801	-3.683
12.780	0.000	0.870	-0.024
12.790	0.000	0.855	1.578
12.800	0.000	0.796	2.780
12.810	0.000	0.689	3.962
12.820	0.000	0.508	4.939
12.830	1.000	0.366	5.281
12.840	1.000	0.249	3.596
12.850	1.000	0.161	0.997
12.860	1.000	0.166	-1.373
12.870	1.000	0.239	-2.804
12.880	1.000	0.322	-3.894
12.890	1.000	0.435	-4.553
12.900	0.000	0.606	-4.866
12.910	0.000	0.733	-2.555
12.920	0.000	0.767	-0.635
12.930	0.000	0.743	1.710
12.940	0.000	0.689	2.887
12.950	0.000	0.581	3.859
12.960	0.000	0.415	4.504
12.970	1.000	0.278	4.529
12.980	1.000	0.147	2.853
12.990	1.000	0.103	0.293
13.000	1.000	0.117	-1.715
13.010	1.000	0.181	-2.990
13.020	1.000	0.269	-4.006
13.030	1.000	0.410	-4.763
13.040	0.000	0.552	-4.783
13.050	0.000	0.713	-4.822
13.060	0.000	0.826	-1.993
13.070	0.000	0.845	-0.083
13.080	0.000	0.821	1.876
13.090	0.000	0.718	3.420
13.100	0.000	0.620	4.235
13.110	1.000	0.435	4.939
13.120	1.000	0.303	3.254
13.130	1.000	0.249	1.295
13.140	1.000	0.239	-1.158
13.150	1.000	0.293	-2.526
13.160	1.000	0.352	-3.390
13.170	1.000	0.464	-3.884
13.180	0.000	0.620	-4.040
13.190	0.000	0.713	-3.151
13.200	0.000	0.777	-0.059
13.210	0.000	0.743	1.876
13.220	0.000	0.669	3.151
13.230	0.000	0.581	3.889
13.240	0.000	0.435	4.573
13.250	1.000	0.298	4.504
13.260	1.000	0.176	2.115
13.270	1.000	0.142	-0.479
13.280	1.000	0.166	-1.837
13.290	1.000	0.244	-3.151
13.300	1.000	0.366	-4.319
13.310	1.000	0.508	-4.748
13.320	0.000	0.630	-4.543
13.330	0.000	0.752	-2.692
13.340	0.000	0.787	0.278
13.350	0.000	0.762	1.969
13.360	0.000	0.674	3.254
13.370	0.000	0.567	4.064
13.380	0.000	0.415	4.626
13.390	1.000	0.264	4.421
13.400	1.000	0.137	2.423
13.410	1.000	0.098	0.122
13.420	1.000	0.112	-1.661
13.430	1.000	0.181	-3.039
13.440	1.000	0.303	-4.221
13.450	1.000	0.430	-4.998
13.460	0.000	0.601	-5.012
13.470	0.000	0.728	-3.991
13.480	0.000	0.806	-0.884
13.490	0.000	0.806	0.865
13.500	0.000	0.752	2.531
13.510	0.000	0.650	3.664
13.520	0.000	0.518	4.573
13.530	1.000	0.376	4.763
13.540	1.000	0.239	2.350
13.550	1.000	0.195	0.117
13.560	1.000	0.215	-1.588
13.570	1.000	0.283	-3.063
13.580	1.000	0.371	-3.884
13.590	1.000	0.493	-4.338
13.600	0.000	0.635	-4.309
13.610	0.000	0.743	-2.677
13.620	0.000	0.782	-0.107
13.630	0.000	0.757	1.812
13.640	0.000	0.660	3.312
13.650	0.000	0.562	3.923
13.660	0.000	0.415	4.568
13.670	1.000	0.274	4.499
13.680	1.000	0.142	2.027
13.690	1.000	0.127	-0.127
13.700	1.000	0.142	-2.018
13.710	1.000	0.225	-3.224
13.720	1.000	0.322	-4.099
13.730	1.000	0.454	-4.709
13.740	0.000	0.620	-4.573
13.750	0.000	0.747	-3.503
13.760	0.000	0.806	-0.860
13.770	0.000	0.801	1.216
13.780	0.000	0.723	2.902
13.790	0.000	0.625	3.801
13.800	0.000	0.489	4.470
13.810	1.000	0.332	4.548
13.820	1.000	0.210	2.741
13.830	1.000	0.151	0.210
13.840	1.000	0.176	-1.685
13.850	1.000	0.239	-2.838
13.860	1.000	0.332	-4.011
13.870	1.000	0.489	-4.568
13.880	0.000	0.620	-4.509
13.890	0.000	0.747	-2.506
13.900	0.000	0.782	-0.103
13.910	0.000	0.762	1.685
13.920	0.000	0.679	3.122
13.930	0.000	0.547	4.050
13.940	0.000	0.415	4.568
13.950	1.000	0.288	4.529
13.960	1.000	0.171	2.345
13.970	1.000	0.137	-0.469
13.980	1.000	0.156	-1.964
13.990	1.000	0.244	-3.254
14.000	1.000	0.337	-4.226
14.010	1.000	0.474	-4.573
14.020	0.000	0.640	-4.621
14.030	0.000	0.772	-3.293
14.040	0.000	0.821	-0.933
14.050	0.000	0.821	1.119
14.060	0.000	0.743	2.912
14.070	0.000	0.635	3.810
14.080	0.000	0.498	4.597
14.090	1.000	0.366	4.846
14.100	1.000	0.239	2.648
14.110	1.000	0.191	0.200
14.120	1.000	0.200	-1.519
14.130	1.000	0.269	-2.951
14.140	1.000	0.376	-3.962
14.150	1.000	0.503	-4.446
14.160	0.000	0.635	-4.353
14.170	0.000	0.757	-2.477
14.180	0.000	0.787	0.044
14.190	0.000	0.757	1.935
14.200	0.000	0.669	3.312
14.210	0.000	0.552	4.040
14.220	0.000	0.430	4.558
14.230	1.000	0.288	4.514
14.240	1.000	0.161	2.189
14.250	1.000	0.137	-0.430
14.260	1.000	0.156	-1.954
14.270	1.000	0.234	-3.068
14.280	1.000	0.337	-4.216
14.290	1.000	0.493	-4.744
14.300	0.000	0.625	-4.597
14.310	0.000	0.743	-2.926
14.320	0.000	0.791	-0.215
14.330	0.000	0.772	1.700
14.340	0.000	0.674	3.322
14.350	0.000	0.562	4.035
14.360	0.000	0.415	4.597
14.370	1.000	0.278	4.514
14.380	1.000	0.156	2.863
14.390	1.000	0.112	0.386
14.400	1.000	0.132	-1.886
14.410	1.000	0.205	-3.180
14.420	1.000	0.298	-4.074
14.430	1.000	0.425	-4.763
14.440	0.000	0.596	-4.875
14.450	0.000	0.708	-3.766
14.460	0.000	0.787	-1.045
14.470	0.000	0.782	1.368
14.480	0.000	0.708	2.765
14.490	0.000	0.606	3.947
14.500	0.000	0.464	4.450
14.510	1.000	0.337	4.533
14.520	1.000	0.225	2.545
14.530	1.000	0.176	-0.122
14.540	1.000	0.195	-1.646
14.550	1.000	0.264	-3.053
14.560	1.000	0.376	-4.050
14.570	1.000	0.493	-4.485
14.580	0.000	0.630	-4.338
14.590	0.000	0.757	-2.213
14.600	0.000	0.782	-0.054
14.610	0.000	0.752	1.866
14.620	0.000	0.655	3.327
14.630	0.000	0.532	4.177
14.640	0.000	0.410	4.460
14.650	1.000	0.278	4.416
14.660	1.000	0.147	2.047
14.670	1.000	0.127	-0.191
14.680	1.000	0.142	-1.979
14.690	1.000	0.220	-3.141
14.700	1.000	0.322	-4.084
14.710	1.000	0.474	-4.612
14.720	0.000	0.625	-4.612
14.730	0.000	0.733	-3.078
14.740	0.000	0.787	-0.410
14.750	0.000	0.762	1.778
14.760	0.000	0.674	3.200
14.770	0.000	0.567	3.952
14.780	0.000	0.420	4.548
14.790	1.000	0.298	4.494
14.800	1.000	0.186	2.423
14.810	1.000	0.142	-0.479
14.820	1.000	0.176	-2.081
14.830	1.000	0.259	-3.400
14.840	1.000	0.371	-4.304
14.850	1.000	0.508	-4.724
14.860	0.000	0.645	-4.626
14.870	0.000	0.772	-2.579
14.880	0.000	0.801	-0.210
14.890	0.000	0.782	1.681
14.900	0.000	0.689	3.278
14.910	0.000	0.581	4.128
14.920	0.000	0.430	4.685
14.930	1.000	0.303	4.631
14.940	1.000	0.181	2.565
14.950	1.000	0.137	-0.313
14.960	1.000	0.166	-1.974
14.970	1.000	0.239	-3.175
14.980	1.000	0.337	-4.177
14.990	1.000	0.474	-4.529
15.000	0.000	0.635	-4.592
15.010	0.000	0.767	-3.307
15.020	0.000	0.821	-0.938
15.030	0.000	0.816	1.104
15.040	0.000	0.743	2.897
15.050	0.000	0.635	3.771
15.060	0.000	0.493	4.597
15.070	1.000	0.347	4.763
15.080	1.000	0.230	2.794
15.090	1.000	0.176	0.596
15.100	1.000	0.181	-1.373
15.110	1.000	0.254	-2.970
15.120	1.000	0.337	-3.918
15.130	1.000	0.464	-4.362
15.140	0.000	0.620	-4.421
15.150	0.000	0.738	-2.589
15.160	0.000	0.777	-0.151
15.170	0.000	0.757	1.646
15.180	0.000	0.674	3.102
15.190	0.000	0.547	4.030
15.200	0.000	0.410	4.475
15.210	1.000	0.283	4.489
15.220	1.000	0.166	2.306
15.230	1.000	0.132	-0.464
15.240	1.000	0.156	-1.988
15.250	1.000	0.244	-3.234
15.260	1.000	0.352	-4.323
15.270	1.000	0.489	-4.646
15.280	0.000	0.635	-4.597
15.290	0.000	0.767	-3.390
15.300	0.000	0.821	-0.616
15.310	0.000	0.811	1.280
15.320	0.000	0.747	2.765
15.330	0.000	0.640	3.762
15.340	0.000	0.493	4.563
15.350	1.000	0.347	4.748
15.360	1.000	0.230	2.770
15.370	1.000	0.171	0.347
15.380	1.000	0.186	-1.563
15.390	1.000	0.254	-2.960
15.400	1.000	0.352	-4.021
15.410	1.000	0.464	-4.338
15.420	0.000	0.606	-4.524
15.430	0.000	0.728	-2.247
15.440	0.000	0.767	0.073
15.450	0.000	0.728	1.983
15.460	0.000	0.650	3.117
15.470	0.000	0.532	4.006
15.480	0.000	0.352	4.470
15.490	1.000	0.220	4.338
15.500	1.000	0.064	3.981
15.510	1.000	0.020	2.496
15.520	1.000	-0.034	-0.073
15.530	1.000	0.010	-2.101
15.540	1.000	0.088	-3.273
15.550	1.000	0.200	-4.348
15.560	0.000	0.332	-5.144
15.570	0.000	0.464	-4.187
15.580	0.000	0.572	-2.013
15.590	0.000	0.591	0.322
15.600	0.000	0.562	1.632
15.610	0.000	0.493	2.618
15.620	0.000	0.405	3.107
15.630	1.000	0.308	3.337
15.640	1.000	0.215	1.187
15.650	1.000	0.195	-0.591
15.660	1.000	0.230	-2.081
15.670	1.000	0.313	-3.278
15.680	1.000	0.445	-4.270
15.690	1.000	0.576	-4.499
15.700	0.000	0.684	-4.382
15.710	0.000	0.796	-2.291
15.720	0.000	0.830	0.362
15.730	0.000	0.791	2.130
15.740	0.000	0.713	3.200
15.750	0.000	0.596	4.275
15.760	0.000	0.425	4.812
15.770	1.000	0.303	4.724
15.780	1.000	0.181	2.692
15.790	1.000	0.132	-0.318
15.800	1.000	0.147	-1.808
15.810	1.000	0.239	-3.185
15.820	1.000	0.322	-4.035
15.830	1.000	0.459	-4.631
15.840	0.000	0.620	-4.553
15.850	0.000	0.757	-2.936
15.860	0.000	0.801	-0.782
15.870	0.000	0.787	1.451
15.880	0.000	0.699	3.078
15.890	0.000	0.586	4.118
15.900	1.000	0.469	4.568
15.910	1.000	0.332	2.946
15.920	1.000	0.278	0.298
15.930	1.000	0.278	-1.050
15.940	1.000	0.327	-2.399
15.950	1.000	0.415	-3.400
15.960	1.000	0.542	-3.840
15.970	0.000	0.660	-3.977
15.980	0.000	0.772	-2.003
15.990	0.000	0.796	-0.112
16.000	0.000	0.767	1.905
16.010	0.000	0.669	3.420
16.020	0.000	0.542	4.255
16.030	0.000	0.410	4.685
16.040	1.000	0.278	4.631
16.050	1.000	0.156	2.531
16.060	1.000	0.122	-0.293
16.070	1.000	0.142	-1.905
16.080	1.000	0.215	-3.102
16.090	1.000	0.313	-3.972
16.100	1.000	0.464	-4.602
16.110	0.000	0.625	-4.626
16.120	0.000	0.757	-4.284
16.130	0.000	0.830	-1.734
16.140	0.000	0.845	0.586
16.150	0.000	0.787	2.555
16.160	0.000	0.694	3.688
16.170	0.000	0.586	4.441
16.180	1.000	0.430	4.880
16.190	1.000	0.278	2.633
16.200	1.000	0.234	0.787
16.210	1.000	0.234	-1.016
16.220	1.000	0.278	-2.467
16.230	1.000	0.386	-3.552
16.240	1.000	0.503	-4.133
16.250	0.000	0.630	-4.064
16.260	0.000	0.738	-2.584
16.270	0.000	0.782	-0.098
16.280	0.000	0.762	1.637
16.290	0.000	0.679	3.078
16.300	0.000	0.542	4.104
16.310	0.000	0.410	4.607
16.320	1.000	0.288	4.568
16.330	1.000	0.166	2.457
16.340	1.000	0.132	-0.391
16.350	1.000	0.142	-1.734
16.360	1.000	0.220	-3.087
16.370	1.000	0.342	-4.289
16.380	1.000	0.454	-4.690
16.390	0.000	0.611	-4.763
16.400	0.000	0.738	-2.462
16.410	0.000	0.777	0.098
16.420	0.000	0.752	1.656
16.430	0.000	0.660	3.190
16.440	0.000	0.537	4.079
16.450	0.000	0.405	4.372
16.460	1.000	0.274	4.411
16.470	1.000	0.142	2.062
16.480	1.000	0.122	0.005
16.490	1.000	0.137	-1.685
16.500	1.000	0.205	-3.048
16.510	1.000	0.332	-4.275
16.520	1.000	0.435	-4.880
16.530	0.000	0.601	-4.910
16.540	0.000	0.733	-2.662
16.550	0.000	0.777	0.044
16.560	0.000	0.757	1.514
16.570	0.000	0.679	3.004
16.580	0.000	0.542	4.060
16.590	0.000	0.410	4.563
16.600	1.000	0.293	4.563
16.610	1.000	0.171	2.433
16.620	1.000	0.137	-0.435
16.630	1.000	0.156	-1.974
16.640	1.000	0.239	-3.166
16.650	1.000	0.327	-4.099
16.660	1.000	0.459	-4.607
16.670	0.000	0.625	-4.519
16.680	0.000	0.767	-2.799
16.690	0.000	0.796	-0.747
16.700	0.000	0.787	1.446
16.710	0.000	0.703	3.039
16.720	0.000	0.591	4.118
16.730	0.000	0.469	4.470
16.740	1.000	0.322	4.416
16.750	1.000	0.191	2.223
16.760	1.000	0.142	0.357
16.770	1.000	0.161	-1.593
16.780	1.000	0.234	-2.912
16.790	1.000	0.366	-4.255
16.800	1.000	0.493	-4.753
16.810	0.000	0.620	-4.660
16.820	0.000	0.738	-2.794
16.830	0.000	0.782	0.327
16.840	0.000	0.762	1.720
16.850	0.000	0.674	3.170
16.860	0.000	0.567	4.045
16.870	0.000	0.401	4.499
16.880	1.000	0.254	4.348
16.890	1.000	0.137	2.692
16.900	1.000	0.083	0.132
16.910	1.000	0.107	-1.744
16.920	1.000	0.156	-2.882
16.930	1.000	0.269	-4.064
16.940	1.000	0.425	-4.924
16.950	0.000	0.572	-5.046
16.960	0.000	0.699	-2.736
16.970	0.000	0.752	-0.635
16.980	0.000	0.738	1.436
16.990	0.000	0.679	2.692
17.000	0.000	0.586	3.688
17.010	0.000	0.435	4.358
17.020	1.000	0.293	4.377
17.030	1.000	0.191	3.810
17.040	1.000	0.107	1.177
17.050	1.000	0.103	-1.397
17.060	1.000	0.156	-2.750
17.070	1.000	0.269	-3.962
17.080	1.000	0.366	-4.631
17.090	0.000	0.508	-5.007
17.100	0.000	0.645	-3.131
17.110	0.000	0.699	-0.112
17.120	0.000	0.679	1.505
17.130	0.000	0.625	2.487
17.140	0.000	0.523	3.532
17.150	0.000	0.386	4.021
17.160	1.000	0.283	4.172
17.170	1.000	0.151	1.368
17.180	1.000	0.142	-0.723
17.190	1.000	0.176	-2.018
17.200	1.000	0.254	-3.327
17.210	1.000	0.386	-4.294
17.220	1.000	0.503	-4.734
17.230	0.000	0.645	-4.621
17.240	0.000	0.782	-2.047
17.250	0.000	0.801	0.244
17.260	0.000	0.777	1.827
17.270	0.000	0.689	3.214
17.280	0.000	0.552	4.221
17.290	0.000	0.410	4.724
17.300	1.000	0.283	4.729
17.310	1.000	0.156	2.570
17.320	1.000	0.122	-0.278
17.330	1.000	0.137	-1.749
17.340	1.000	0.239	-3.395
17.350	1.000	0.327	-4.211
17.360	1.000	0.459	-4.675
17.370	0.000	0.596	-4.841
17.380	0.000	0.708	-2.745
17.390	0.000	0.767	0.039
17.400	0.000	0.738	1.597
17.410	0.000	0.660	3.029
17.420	0.000	0.528	4.040
17.430	0.000	0.396	4.338
17.440	1.000	0.283	4.392
17.450	1.000	0.161	2.340
17.460	1.000	0.132	-0.440
17.470	1.000	0.142	-1.798
17.480	1.000	0.225	-3.112
17.490	1.000	0.352	-4.343
17.500	1.000	0.464	-4.700
17.510	0.000	0.650	-4.787
17.520	0.000	0.762	-3.205
17.530	0.000	0.806	-0.508
17.540	0.000	0.801	1.290
17.550	0.000	0.738	2.814
17.560	0.000	0.611	4.055
17.570	0.000	0.489	4.548
17.580	1.000	0.337	4.690
17.590	1.000	0.215	2.516
17.600	1.000	0.161	0.049
17.610	1.000	0.186	-1.729
17.620	1.000	0.249	-2.956
17.630	1.000	0.347	-4.045
17.640	1.000	0.518	-4.631
17.650	0.000	0.660	-4.880
17.660	0.000	0.762	-3.659
17.670	0.000	0.821	-0.982
17.680	0.000	0.801	1.764
17.690	0.000	0.747	2.912
17.700	0.000	0.640	3.815
17.710	0.000	0.493	4.607
17.720	1.000	0.352	4.919
17.730	1.000	0.239	2.887
17.740	1.000	0.176	0.606
