0.010	0.000	-0.269	-0.445
0.020	0.000	-0.249	-0.811
0.030	0.000	-0.220	-1.050
0.040	0.000	-0.186	-1.197
0.050	0.000	-0.151	-1.138
0.060	0.000	-0.122	-1.104
0.070	0.000	-0.093	-0.972
0.080	0.000	-0.078	-0.801
0.090	0.000	-0.054	-0.620
0.100	0.000	-0.039	-0.449
0.110	0.000	-0.029	-0.303
0.120	0.000	-0.024	-0.127
0.130	0.000	-0.024	-0.112
0.140	0.000	-0.024	-0.107
0.150	0.000	-0.024	-0.112
0.160	0.000	-0.020	-0.112
0.170	0.000	-0.024	-0.112
0.180	0.000	-0.024	-0.112
0.190	1.000	-0.024	-0.112
0.200	1.000	-0.010	-1.529
0.210	1.000	0.039	-2.877
0.220	1.000	0.142	-3.967
0.230	1.000	0.298	-4.924
0.240	1.000	0.425	-5.442
0.250	1.000	0.596	-5.398
0.260	1.000	0.772	-4.968
0.270	1.000	0.904	-4.338
0.280	1.000	1.036	-3.337
0.290	1.000	1.099	-2.467
0.300	1.000	1.163	-1.485
0.310	1.000	1.192	-0.322
0.320	1.000	1.192	0.318
0.330	1.000	1.172	0.640
0.340	1.000	1.153	0.840
0.350	1.000	1.119	0.909
0.360	1.000	1.080	0.938
0.370	1.000	1.055	0.850
0.380	1.000	1.031	0.655
0.390	1.000	1.006	0.498
0.400	1.000	0.977	0.357
0.410	1.000	0.972	0.147
0.420	1.000	0.967	-0.064
0.430	1.000	0.967	-0.127
0.440	1.000	0.967	-0.112
0.450	1.000	0.967	-0.112
0.460	1.000	0.967	-0.112
0.470	1.000	0.967	-0.112
0.480	1.000	0.962	-0.112
0.490	1.000	0.967	-0.107
0.500	0.000	0.967	-0.112
0.510	0.000	0.962	0.865
0.520	0.000	0.904	2.633
0.530	0.000	0.787	3.952
0.540	0.000	0.664	4.827
0.550	0.000	0.508	5.349
0.560	0.000	0.313	5.173
0.570	0.000	0.156	4.822
0.580	0.000	0.020	4.021
0.590	0.000	-0.107	3.166
0.600	0.000	-0.171	2.325
0.610	0.000	-0.234	1.236
0.620	0.000	-0.264	0.191
0.630	0.000	-0.264	-0.430
0.640	0.000	-0.249	-0.777
0.650	0.000	-0.230	-0.977
0.660	0.000	-0.195	-1.143
0.670	0.000	-0.156	-1.168
0.680	0.000	-0.127	-1.109
0.690	0.000	-0.098	-0.992
0.700	0.000	-0.078	-0.801
0.710	0.000	-0.059	-0.650
0.720	0.000	-0.044	-0.489
0.730	0.000	-0.029	-0.308
0.740	0.000	-0.029	-0.161
0.750	0.000	-0.029	-0.112
0.760	0.000	-0.029	-0.112
0.770	0.000	-0.029	-0.112
0.780	0.000	-0.024	-0.112
0.790	0.000	-0.029	-0.107
0.800	0.000	-0.024	-0.107
0.810	0.000	-0.029	-0.112
0.820	1.000	-0.029	-0.112
0.830	1.000	-0.010	-1.529
0.840	1.000	0.039	-2.829
0.850	1.000	0.137	-3.947
0.860	1.000	0.293	-4.924
0.870	1.000	0.440	-5.442
0.880	1.000	0.616	-5.305
0.890	1.000	0.743	-5.169
0.900	1.000	0.884	-4.441
0.910	1.000	1.026	-3.317
0.920	1.000	1.114	-2.369
0.930	1.000	1.158	-1.534
0.940	1.000	1.187	-0.503
0.950	1.000	1.192	0.298
0.960	1.000	1.172	0.640
0.970	1.000	1.153	0.826
0.980	1.000	1.124	0.899
0.990	1.000	1.080	0.943
1.000	1.000	1.050	0.835
1.010	1.000	1.026	0.620
1.020	1.000	1.011	0.523
1.030	1.000	0.982	0.376
1.040	1.000	0.972	0.142
1.050	1.000	0.967	-0.059
1.060	1.000	0.967	-0.127
1.070	1.000	0.972	-0.107
1.080	1.000	0.967	-0.112
1.090	1.000	0.967	-0.107
1.100	1.000	0.962	-0.112
1.110	1.000	0.967	-0.112
1.120	1.000	0.967	-0.112
1.130	0.000	0.967	-0.107
1.140	0.000	0.953	1.378
1.150	0.000	0.889	2.848
1.160	0.000	0.787	3.952
1.170	0.000	0.620	4.949
1.180	0.000	0.445	5.471
1.190	0.000	0.313	5.217
1.200	0.000	0.151	4.797
1.210	0.000	0.005	4.001
1.220	0.000	-0.117	2.980
1.230	0.000	-0.195	1.979
1.240	0.000	-0.249	0.914
1.250	0.000	-0.264	0.059
1.260	0.000	-0.269	-0.503
1.270	0.000	-0.249	-0.787
1.280	0.000	-0.225	-1.006
1.290	0.000	-0.191	-1.182
1.300	0.000	-0.156	-1.177
1.310	0.000	-0.127	-1.124
1.320	0.000	-0.093	-0.977
1.330	0.000	-0.073	-0.762
1.340	0.000	-0.054	-0.616
1.350	0.000	-0.039	-0.464
1.360	0.000	-0.029	-0.274
1.370	0.000	-0.029	-0.103
1.380	0.000	-0.029	-0.112
1.390	0.000	-0.029	-0.112
1.400	0.000	-0.029	-0.112
1.410	0.000	-0.024	-0.107
1.420	0.000	-0.029	-0.117
1.430	0.000	-0.024	-0.107
1.440	0.000	-0.024	-0.107
1.450	1.000	-0.029	-0.107
1.460	1.000	-0.015	-1.387
1.470	1.000	0.044	-2.926
1.480	1.000	0.137	-3.894
1.490	1.000	0.264	-4.709
1.500	1.000	0.425	-5.427
1.510	1.000	0.576	-5.374
1.520	1.000	0.728	-5.213
1.530	1.000	0.894	-4.475
1.540	1.000	1.001	-3.586
1.550	1.000	1.094	-2.540
1.560	1.000	1.168	-1.451
1.570	1.000	1.187	-0.440
1.580	1.000	1.192	0.191
1.590	1.000	1.182	0.562
1.600	1.000	1.153	0.845
1.610	1.000	1.124	0.923
1.620	1.000	1.085	0.957
1.630	1.000	1.060	0.889
1.640	1.000	1.036	0.699
1.650	1.000	1.006	0.532
1.660	1.000	0.982	0.386
1.670	1.000	0.972	0.171
1.680	1.000	0.967	-0.005
1.690	1.000	0.962	-0.127
1.700	1.000	0.962	-0.112
1.710	1.000	0.962	-0.112
1.720	1.000	0.967	-0.107
1.730	1.000	0.967	-0.103
1.740	1.000	0.962	-0.112
1.750	1.000	0.962	-0.112
1.760	0.000	0.962	-0.112
1.770	0.000	0.957	1.094
1.780	0.000	0.889	2.833
1.790	0.000	0.801	3.825
1.800	0.000	0.664	4.807
1.810	0.000	0.484	5.222
1.820	0.000	0.337	5.296
1.830	0.000	0.186	4.802
1.840	0.000	0.024	3.991
1.850	0.000	-0.103	3.229
1.860	0.000	-0.171	2.340
1.870	0.000	-0.234	1.246
1.880	0.000	-0.264	0.195
1.890	0.000	-0.264	-0.327
1.900	0.000	-0.254	-0.728
1.910	0.000	-0.225	-1.001
1.920	0.000	-0.195	-1.153
1.930	0.000	-0.166	-1.177
1.940	0.000	-0.127	-1.109
1.950	0.000	-0.103	-1.021
1.960	0.000	-0.078	-0.845
1.970	0.000	-0.059	-0.620
1.980	0.000	-0.044	-0.464
1.990	0.000	-0.034	-0.332
2.000	0.000	-0.029	-0.166
2.010	0.000	-0.029	-0.112
2.020	0.000	-0.029	-0.112
2.030	0.000	-0.024	-0.112
2.040	0.000	-0.029	-0.112
2.050	0.000	-0.024	-0.112
2.060	0.000	-0.029	-0.112
2.070	1.000	-0.029	-0.117
2.080	1.000	-0.015	-1.397
2.090	1.000	0.044	-2.916
2.100	1.000	0.132	-3.874
2.110	1.000	0.254	-4.665
2.120	1.000	0.425	-5.467
2.130	1.000	0.576	-5.413
2.140	1.000	0.728	-5.169
2.150	1.000	0.889	-4.460
2.160	1.000	1.026	-3.366
2.170	1.000	1.094	-2.521
2.180	1.000	1.158	-1.607
2.190	1.000	1.187	-0.464
2.200	1.000	1.192	0.259
2.210	1.000	1.177	0.611
2.220	1.000	1.158	0.816
2.230	1.000	1.128	0.909
2.240	1.000	1.085	0.957
2.250	1.000	1.055	0.870
2.260	1.000	1.036	0.699
2.270	1.000	1.011	0.547
2.280	1.000	0.982	0.391
2.290	1.000	0.972	0.210
2.300	1.000	0.962	-0.005
2.310	1.000	0.962	-0.137
2.320	1.000	0.962	-0.112
2.330	1.000	0.962	-0.117
2.340	1.000	0.962	-0.112
2.350	1.000	0.962	-0.107
2.360	1.000	0.967	-0.112
2.370	1.000	0.962	-0.112
2.380	1.000	0.967	-0.107
2.390	0.000	0.967	-0.112
2.400	0.000	0.957	1.148
2.410	0.000	0.870	3.004
2.420	0.000	0.782	3.981
2.430	0.000	0.635	4.739
2.440	0.000	0.445	5.442
2.450	0.000	0.283	5.261
2.460	0.000	0.127	4.748
2.470	0.000	0.020	3.996
2.480	0.000	-0.107	3.141
2.490	0.000	-0.200	1.949
2.500	0.000	-0.249	0.879
2.510	0.000	-0.264	0.161
2.520	0.000	-0.264	-0.440
2.530	0.000	-0.244	-0.840
2.540	0.000	-0.220	-1.016
2.550	0.000	-0.191	-1.163
2.560	0.000	-0.151	-1.124
2.570	0.000	-0.122	-1.099
2.580	0.000	-0.098	-0.957
2.590	0.000	-0.078	-0.801
2.600	0.000	-0.059	-0.611
2.610	0.000	-0.039	-0.449
2.620	0.000	-0.034	-0.283
2.630	0.000	-0.024	-0.142
2.640	0.000	-0.024	-0.112
2.650	0.000	-0.029	-0.112
2.660	0.000	-0.029	-0.112
2.670	0.000	-0.029	-0.112
2.680	0.000	-0.024	-0.112
2.690	0.000	-0.029	-0.112
2.700	1.000	-0.024	-0.112
2.710	1.000	-0.015	-1.280
2.720	1.000	0.054	-3.048
2.730	1.000	0.156	-3.991
2.740	1.000	0.274	-4.836
2.750	1.000	0.415	-5.418
2.760	1.000	0.616	-5.310
2.770	1.000	0.767	-5.032
2.780	1.000	0.904	-4.353
2.790	1.000	1.031	-3.346
2.800	1.000	1.119	-2.369
2.810	1.000	1.172	-1.329
2.820	1.000	1.192	-0.313
2.830	1.000	1.192	0.327
2.840	1.000	1.177	0.616
2.850	1.000	1.153	0.845
2.860	1.000	1.119	0.923
2.870	1.000	1.080	0.957
2.880	1.000	1.050	0.840
2.890	1.000	1.026	0.664
2.900	1.000	1.006	0.518
2.910	1.000	0.977	0.342
2.920	1.000	0.972	0.122
2.930	1.000	0.967	-0.068
2.940	1.000	0.962	-0.127
2.950	1.000	0.962	-0.117
2.960	1.000	0.962	-0.112
2.970	1.000	0.962	-0.107
2.980	1.000	0.962	-0.112
2.990	1.000	0.962	-0.112
3.000	1.000	0.967	-0.107
3.010	1.000	0.967	-0.107
3.020	0.000	0.962	-0.112
3.030	0.000	0.953	1.387
3.040	0.000	0.889	2.829
3.050	0.000	0.787	3.991
3.060	0.000	0.620	4.998
3.070	0.000	0.445	5.481
3.080	0.000	0.283	5.276
3.090	0.000	0.151	4.807
3.100	0.000	0.024	3.967
3.110	0.000	-0.117	2.970
3.120	0.000	-0.200	1.964
3.130	0.000	-0.244	1.070
3.140	0.000	-0.264	0.171
3.150	0.000	-0.269	-0.493
3.160	0.000	-0.249	-0.850
3.170	0.000	-0.220	-1.060
3.180	0.000	-0.191	-1.192
3.190	0.000	-0.156	-1.172
3.200	0.000	-0.122	-1.114
3.210	0.000	-0.098	-1.001
3.220	0.000	-0.073	-0.801
3.230	0.000	-0.054	-0.591
3.240	0.000	-0.039	-0.469
3.250	0.000	-0.029	-0.288
3.260	0.000	-0.024	-0.103
3.270	0.000	-0.024	-0.112
3.280	0.000	-0.024	-0.107
3.290	0.000	-0.024	-0.112
3.300	0.000	-0.024	-0.112
3.310	0.000	-0.024	-0.112
3.320	0.000	-0.024	-0.107
3.330	1.000	-0.029	-0.117
3.340	1.000	-0.020	-1.031
3.350	1.000	0.034	-2.618
3.360	1.000	0.142	-3.967
3.370	1.000	0.278	-4.856
3.380	1.000	0.425	-5.427
3.390	1.000	0.572	-5.315
3.400	1.000	0.718	-5.081
3.410	1.000	0.884	-4.416
3.420	1.000	0.982	-3.659
3.430	1.000	1.080	-2.638
3.440	1.000	1.158	-1.563
3.450	1.000	1.187	-0.532
3.460	1.000	1.187	0.220
3.470	1.000	1.177	0.567
3.480	1.000	1.158	0.782
3.490	1.000	1.128	0.894
3.500	1.000	1.089	0.928
3.510	1.000	1.055	0.860
3.520	1.000	1.036	0.708
3.530	1.000	1.016	0.508
3.540	1.000	0.987	0.386
3.550	1.000	0.977	0.234
3.560	1.000	0.972	0.024
3.570	1.000	0.967	-0.127
3.580	1.000	0.967	-0.117
3.590	1.000	0.967	-0.112
3.600	1.000	0.967	-0.112
3.610	1.000	0.967	-0.112
3.620	1.000	0.967	-0.112
3.630	1.000	0.967	-0.112
3.640	1.000	0.967	-0.112
3.650	0.000	0.967	-0.112
3.660	0.000	0.957	1.163
3.670	0.000	0.879	3.014
3.680	0.000	0.782	3.991
3.690	0.000	0.640	4.787
3.700	0.000	0.449	5.452
3.710	0.000	0.283	5.291
3.720	0.000	0.151	4.807
3.730	0.000	0.020	3.977
3.740	0.000	-0.122	2.965
3.750	0.000	-0.195	1.964
3.760	0.000	-0.244	1.060
3.770	0.000	-0.264	0.151
3.780	0.000	-0.264	-0.508
3.790	0.000	-0.249	-0.835
3.800	0.000	-0.215	-1.055
3.810	0.000	-0.186	-1.182
3.820	0.000	-0.151	-1.128
3.830	0.000	-0.122	-1.099
3.840	0.000	-0.093	-0.962
3.850	0.000	-0.073	-0.752
3.860	0.000	-0.054	-0.586
3.870	0.000	-0.039	-0.435
3.880	0.000	-0.034	-0.269
3.890	0.000	-0.029	-0.112
3.900	0.000	-0.029	-0.112
3.910	0.000	-0.024	-0.112
3.920	0.000	-0.024	-0.112
3.930	0.000	-0.024	-0.112
3.940	0.000	-0.024	-0.112
3.950	0.000	-0.024	-0.112
3.960	1.000	-0.024	-0.112
3.970	1.000	-0.020	-1.050
3.980	1.000	0.034	-2.638
3.990	1.000	0.142	-3.972
4.000	1.000	0.278	-4.895
4.010	1.000	0.401	-5.232
4.020	1.000	0.572	-5.330
4.030	1.000	0.747	-5.149
4.040	1.000	0.865	-4.465
4.050	1.000	0.987	-3.644
4.060	1.000	1.085	-2.599
4.070	1.000	1.163	-1.514
4.080	1.000	1.182	-0.684
4.090	1.000	1.192	0.151
4.100	1.000	1.177	0.586
4.110	1.000	1.158	0.801
4.120	1.000	1.128	0.899
4.130	1.000	1.085	0.943
4.140	1.000	1.055	0.855
4.150	1.000	1.031	0.664
4.160	1.000	1.011	0.537
4.170	1.000	0.982	0.405
4.180	1.000	0.972	0.166
4.190	1.000	0.967	-0.010
4.200	1.000	0.972	-0.132
4.210	1.000	0.967	-0.112
4.220	1.000	0.967	-0.112
4.230	1.000	0.967	-0.112
4.240	1.000	0.967	-0.112
4.250	1.000	0.972	-0.112
4.260	1.000	0.967	-0.112
4.270	0.000	0.967	-0.112
4.280	0.000	0.957	1.119
4.290	0.000	0.889	2.868
4.300	0.000	0.801	3.845
4.310	0.000	0.664	4.841
4.320	0.000	0.484	5.213
4.330	0.000	0.313	5.252
4.340	0.000	0.181	4.807
4.350	0.000	0.039	4.255
4.360	0.000	-0.107	3.156
4.370	0.000	-0.186	2.164
4.380	0.000	-0.244	1.055
4.390	0.000	-0.264	0.171
4.400	0.000	-0.269	-0.435
4.410	0.000	-0.254	-0.752
4.420	0.000	-0.230	-0.997
4.430	0.000	-0.191	-1.182
4.440	0.000	-0.161	-1.187
4.450	0.000	-0.127	-1.124
4.460	0.000	-0.098	-0.982
4.470	0.000	-0.078	-0.791
4.480	0.000	-0.059	-0.635
4.490	0.000	-0.044	-0.484
4.500	0.000	-0.034	-0.298
4.510	0.000	-0.029	-0.132
4.520	0.000	-0.029	-0.112
4.530	0.000	-0.024	-0.112
4.540	0.000	-0.024	-0.112
4.550	0.000	-0.024	-0.112
4.560	0.000	-0.029	-0.112
4.570	0.000	-0.029	-0.112
4.580	0.000	-0.029	-0.117
4.590	1.000	-0.029	-0.107
4.600	1.000	-0.015	-1.343
4.610	1.000	0.034	-2.643
4.620	1.000	0.132	-3.854
4.630	1.000	0.254	-4.602
4.640	1.000	0.401	-5.222
4.650	1.000	0.572	-5.354
4.660	1.000	0.752	-5.134
4.670	1.000	0.884	-4.475
4.680	1.000	1.016	-3.341
4.690	1.000	1.104	-2.447
4.700	1.000	1.163	-1.480
4.710	1.000	1.192	-0.440
4.720	1.000	1.192	0.264
4.730	1.000	1.177	0.562
4.740	1.000	1.158	0.816
4.750	1.000	1.124	0.918
4.760	1.000	1.080	0.962
4.770	1.000	1.055	0.860
4.780	1.000	1.036	0.689
4.790	1.000	1.011	0.542
4.800	1.000	0.982	0.386
4.810	1.000	0.972	0.210
4.820	1.000	0.967	-0.010
4.830	1.000	0.962	-0.127
4.840	1.000	0.962	-0.112
4.850	1.000	0.962	-0.112
4.860	1.000	0.967	-0.107
4.870	1.000	0.967	-0.107
4.880	1.000	0.962	-0.117
4.890	1.000	0.967	-0.112
4.900	0.000	0.967	-0.112
4.910	0.000	0.953	1.246
4.920	0.000	0.904	2.662
4.930	0.000	0.796	3.845
4.940	0.000	0.630	4.744
4.950	0.000	0.498	5.354
4.960	0.000	0.332	5.213
4.970	0.000	0.151	4.807
4.980	0.000	0.034	4.191
4.990	0.000	-0.088	3.278
5.000	0.000	-0.186	2.115
5.010	0.000	-0.244	1.016
5.020	0.000	-0.264	0.151
5.030	0.000	-0.264	-0.445
5.040	0.000	-0.254	-0.738
5.050	0.000	-0.230	-0.987
5.060	0.000	-0.191	-1.177
5.070	0.000	-0.151	-1.168
5.080	0.000	-0.127	-1.104
5.090	0.000	-0.098	-0.982
5.100	0.000	-0.073	-0.782
5.110	0.000	-0.054	-0.601
5.120	0.000	-0.039	-0.454
5.130	0.000	-0.029	-0.288
5.140	0.000	-0.029	-0.107
5.150	0.000	-0.029	-0.112
5.160	0.000	-0.029	-0.112
5.170	0.000	-0.029	-0.112
5.180	0.000	-0.024	-0.112
5.190	0.000	-0.024	-0.112
5.200	0.000	-0.024	-0.112
5.210	0.000	-0.024	-0.112
5.220	1.000	-0.029	-0.112
5.230	1.000	-0.020	-0.923
5.240	1.000	0.029	-2.482
5.250	1.000	0.137	-3.908
5.260	1.000	0.269	-4.802
5.270	1.000	0.410	-5.320
5.280	1.000	0.586	-5.393
5.290	1.000	0.733	-5.149
5.300	1.000	0.874	-4.441
5.310	1.000	1.001	-3.488
5.320	1.000	1.094	-2.487
5.330	1.000	1.148	-1.768
5.340	1.000	1.182	-0.723
5.350	1.000	1.187	0.191
5.360	1.000	1.177	0.562
5.370	1.000	1.158	0.777
5.380	1.000	1.128	0.889
5.390	1.000	1.085	0.938
5.400	1.000	1.055	0.855
5.410	1.000	1.031	0.655
5.420	1.000	1.016	0.523
5.430	1.000	0.982	0.396
5.440	1.000	0.972	0.191
5.450	1.000	0.967	-0.024
5.460	1.000	0.967	-0.127
5.470	1.000	0.967	-0.112
5.480	1.000	0.967	-0.112
5.490	1.000	0.967	-0.107
5.500	1.000	0.967	-0.112
5.510	1.000	0.967	-0.112
5.520	1.000	0.962	-0.117
5.530	0.000	0.962	-0.112
5.540	0.000	0.957	1.158
5.550	0.000	0.889	2.872
5.560	0.000	0.801	3.850
5.570	0.000	0.664	4.822
5.580	0.000	0.484	5.203
5.590	0.000	0.313	5.232
5.600	0.000	0.151	4.807
5.610	0.000	0.020	4.006
5.620	0.000	-0.107	3.156
5.630	0.000	-0.186	2.120
5.640	0.000	-0.234	1.226
5.650	0.000	-0.264	0.293
5.660	0.000	-0.264	-0.445
5.670	0.000	-0.249	-0.791
5.680	0.000	-0.220	-1.006
5.690	0.000	-0.195	-1.148
5.700	0.000	-0.161	-1.168
5.710	0.000	-0.127	-1.109
5.720	0.000	-0.098	-0.987
5.730	0.000	-0.078	-0.787
5.740	0.000	-0.054	-0.606
5.750	0.000	-0.044	-0.474
5.760	0.000	-0.034	-0.313
5.770	0.000	-0.029	-0.127
5.780	0.000	-0.029	-0.112
5.790	0.000	-0.029	-0.112
5.800	0.000	-0.029	-0.112
5.810	0.000	-0.029	-0.107
5.820	0.000	-0.029	-0.112
5.830	0.000	-0.029	-0.107
5.840	1.000	-0.029	-0.112
5.850	1.000	-0.015	-1.329
5.860	1.000	0.059	-3.112
5.870	1.000	0.161	-3.996
5.880	1.000	0.298	-4.944
5.890	1.000	0.425	-5.457
5.900	1.000	0.591	-5.432
5.910	1.000	0.777	-4.905
5.920	1.000	0.909	-4.279
5.930	1.000	1.016	-3.351
5.940	1.000	1.099	-2.452
5.950	1.000	1.168	-1.324
5.960	1.000	1.192	-0.298
5.970	1.000	1.192	0.234
5.980	1.000	1.177	0.586
5.990	1.000	1.148	0.865
6.000	1.000	1.124	0.918
6.010	1.000	1.080	0.948
6.020	1.000	1.050	0.826
6.030	1.000	1.031	0.655
6.040	1.000	1.011	0.513
6.050	1.000	0.982	0.352
6.060	1.000	0.967	0.142
6.070	1.000	0.967	-0.024
6.080	1.000	0.967	-0.132
6.090	1.000	0.962	-0.112
6.100	1.000	0.967	-0.112
6.110	1.000	0.962	-0.112
6.120	1.000	0.967	-0.112
6.130	1.000	0.962	-0.112
6.140	1.000	0.967	-0.112
6.150	1.000	0.962	-0.112
6.160	0.000	0.967	-0.112
6.170	0.000	0.962	0.767
6.180	0.000	0.909	2.555
6.190	0.000	0.791	3.884
6.200	0.000	0.645	4.807
6.210	0.000	0.484	5.203
6.220	0.000	0.313	5.169
6.230	0.000	0.156	4.768
6.240	0.000	0.024	3.986
6.250	0.000	-0.083	3.312
6.260	0.000	-0.171	2.301
6.270	0.000	-0.239	1.094
6.280	0.000	-0.259	0.176
6.290	0.000	-0.264	-0.410
6.300	0.000	-0.249	-0.762
6.310	0.000	-0.220	-0.982
6.320	0.000	-0.191	-1.143
6.330	0.000	-0.156	-1.143
6.340	0.000	-0.132	-1.089
6.350	0.000	-0.107	-1.006
6.360	0.000	-0.078	-0.845
6.370	0.000	-0.059	-0.611
6.380	0.000	-0.049	-0.464
6.390	0.000	-0.034	-0.337
6.400	0.000	-0.029	-0.176
6.410	0.000	-0.029	-0.107
6.420	0.000	-0.029	-0.112
6.430	0.000	-0.029	-0.112
6.440	0.000	-0.029	-0.112
6.450	0.000	-0.029	-0.112
6.460	0.000	-0.029	-0.112
6.470	1.000	-0.029	-0.112
6.480	1.000	-0.015	-1.334
6.490	1.000	0.039	-2.887
6.500	1.000	0.132	-3.840
6.510	1.000	0.254	-4.626
6.520	1.000	0.425	-5.452
6.530	1.000	0.572	-5.354
6.540	1.000	0.728	-5.154
6.550	1.000	0.884	-4.441
6.560	1.000	1.021	-3.332
6.570	1.000	1.085	-2.614
6.580	1.000	1.153	-1.676
6.590	1.000	1.187	-0.493
6.600	1.000	1.192	0.239
6.610	1.000	1.177	0.542
6.620	1.000	1.158	0.796
6.630	1.000	1.119	0.914
6.640	1.000	1.089	0.943
6.650	1.000	1.060	0.874
6.660	1.000	1.026	0.655
6.670	1.000	1.006	0.508
6.680	1.000	0.982	0.401
6.690	1.000	0.972	0.186
6.700	1.000	0.967	-0.054
6.710	1.000	0.972	-0.127
6.720	1.000	0.962	-0.117
6.730	1.000	0.962	-0.112
6.740	1.000	0.967	-0.112
6.750	1.000	0.967	-0.112
6.760	1.000	0.967	-0.107
6.770	1.000	0.967	-0.112
6.780	1.000	0.967	-0.112
6.790	0.000	0.967	-0.112
6.800	0.000	0.953	1.426
6.810	0.000	0.889	2.863
6.820	0.000	0.782	4.006
6.830	0.000	0.620	4.993
6.840	0.000	0.440	5.511
6.850	0.000	0.278	5.276
6.860	0.000	0.147	4.841
6.870	0.000	0.015	3.991
6.880	0.000	-0.122	2.951
6.890	0.000	-0.200	1.920
6.900	0.000	-0.249	0.845
6.910	0.000	-0.264	-0.010
6.920	0.000	-0.264	-0.518
6.930	0.000	-0.244	-0.835
6.940	0.000	-0.215	-1.045
6.950	0.000	-0.186	-1.177
6.960	0.000	-0.147	-1.124
6.970	0.000	-0.122	-1.089
6.980	0.000	-0.093	-0.948
6.990	0.000	-0.073	-0.747
7.000	0.000	-0.054	-0.572
7.010	0.000	-0.044	-0.449
7.020	0.000	-0.034	-0.293
7.030	0.000	-0.029	-0.112
7.040	0.000	-0.029	-0.112
7.050	0.000	-0.029	-0.112
7.060	0.000	-0.029	-0.112
7.070	0.000	-0.029	-0.112
7.080	0.000	-0.029	-0.112
7.090	0.000	-0.024	-0.112
7.100	1.000	-0.029	-0.112
7.110	1.000	-0.024	-0.967
7.120	1.000	0.029	-2.594
7.130	1.000	0.142	-3.952
7.140	1.000	0.244	-4.519
7.150	1.000	0.396	-5.139
7.160	1.000	0.591	-5.442
7.170	1.000	0.747	-5.183
7.180	1.000	0.884	-4.465
7.190	1.000	1.016	-3.322
7.200	1.000	1.085	-2.643
7.210	1.000	1.153	-1.671
7.220	1.000	1.182	-0.498
7.230	1.000	1.192	0.147
7.240	1.000	1.177	0.537
7.250	1.000	1.153	0.826
7.260	1.000	1.124	0.904
7.270	1.000	1.080	0.943
7.280	1.000	1.055	0.874
7.290	1.000	1.036	0.679
7.300	1.000	1.011	0.503
7.310	1.000	0.982	0.371
7.320	1.000	0.972	0.171
7.330	1.000	0.967	-0.024
7.340	1.000	0.967	-0.132
7.350	1.000	0.967	-0.112
7.360	1.000	0.967	-0.112
7.370	1.000	0.967	-0.112
7.380	1.000	0.967	-0.107
7.390	1.000	0.967	-0.107
7.400	1.000	0.967	-0.107
7.410	1.000	0.962	-0.117
7.420	0.000	0.962	-0.112
7.430	0.000	0.957	1.212
7.440	0.000	0.874	3.029
7.450	0.000	0.762	4.314
7.460	0.000	0.635	4.768
7.470	0.000	0.474	5.183
7.480	0.000	0.288	5.232
7.490	0.000	0.132	4.812
7.500	0.000	0.000	4.016
7.510	0.000	-0.122	2.941
7.520	0.000	-0.200	1.959
7.530	0.000	-0.244	1.094
7.540	0.000	-0.264	0.186
7.550	0.000	-0.269	-0.435
7.560	0.000	-0.249	-0.845
7.570	0.000	-0.220	-1.060
7.580	0.000	-0.186	-1.197
7.590	0.000	-0.156	-1.177
7.600	0.000	-0.127	-1.124
7.610	0.000	-0.093	-0.962
7.620	0.000	-0.073	-0.757
7.630	0.000	-0.054	-0.591
7.640	0.000	-0.039	-0.440
7.650	0.000	-0.029	-0.259
7.660	0.000	-0.024	-0.103
7.670	0.000	-0.024	-0.112
7.680	0.000	-0.024	-0.112
7.690	0.000	-0.024	-0.112
7.700	0.000	-0.024	-0.112
7.710	0.000	-0.024	-0.117
7.720	0.000	-0.024	-0.112
7.730	1.000	-0.024	-0.112
7.740	1.000	-0.015	-1.348
7.750	1.000	0.044	-2.902
7.760	1.000	0.147	-3.981
7.770	1.000	0.278	-4.890
7.780	1.000	0.401	-5.232
7.790	1.000	0.572	-5.335
7.800	1.000	0.752	-5.120
7.810	1.000	0.865	-4.465
7.820	1.000	0.987	-3.615
7.830	1.000	1.099	-2.438
7.840	1.000	1.163	-1.510
7.850	1.000	1.187	-0.489
7.860	1.000	1.187	0.254
7.870	1.000	1.177	0.581
7.880	1.000	1.153	0.826
7.890	1.000	1.124	0.904
7.900	1.000	1.089	0.933
7.910	1.000	1.055	0.874
7.920	1.000	1.031	0.650
7.930	1.000	1.011	0.503
7.940	1.000	0.982	0.376
7.950	1.000	0.977	0.176
7.960	1.000	0.967	-0.029
7.970	1.000	0.967	-0.127
7.980	1.000	0.967	-0.112
7.990	1.000	0.967	-0.112
8.000	1.000	0.967	-0.107
8.010	1.000	0.967	-0.107
8.020	1.000	0.967	-0.112
8.030	1.000	0.967	-0.107
8.040	0.000	0.967	-0.112
8.050	0.000	0.957	1.177
8.060	0.000	0.874	3.048
8.070	0.000	0.762	4.323
8.080	0.000	0.616	5.042
8.090	0.000	0.440	5.476
8.100	0.000	0.283	5.256
8.110	0.000	0.132	4.807
8.120	0.000	0.000	4.001
8.130	0.000	-0.122	2.951
8.140	0.000	-0.200	1.930
8.150	0.000	-0.249	0.860
8.160	0.000	-0.264	0.176
8.170	0.000	-0.269	-0.445
8.180	0.000	-0.249	-0.855
8.190	0.000	-0.220	-1.065
8.200	0.000	-0.186	-1.207
8.210	0.000	-0.151	-1.182
8.220	0.000	-0.127	-1.114
8.230	0.000	-0.093	-0.957
8.240	0.000	-0.073	-0.743
8.250	0.000	-0.054	-0.581
8.260	0.000	-0.039	-0.435
8.270	0.000	-0.029	-0.288
8.280	0.000	-0.029	-0.117
8.290	0.000	-0.024	-0.112
8.300	0.000	-0.024	-0.112
8.310	0.000	-0.024	-0.112
8.320	0.000	-0.024	-0.107
8.330	0.000	-0.029	-0.112
8.340	0.000	-0.024	-0.112
8.350	0.000	-0.024	-0.107
8.360	1.000	-0.024	-0.112
8.370	1.000	-0.005	-1.724
8.380	1.000	0.059	-3.107
8.390	1.000	0.147	-3.991
8.400	1.000	0.278	-4.895
8.410	1.000	0.479	-5.340
8.420	1.000	0.625	-5.403
8.430	1.000	0.796	-5.100
8.440	1.000	0.914	-4.704
8.450	1.000	1.089	-3.058
8.460	1.000	1.153	-2.496
8.470	1.000	1.202	-1.485
8.480	1.000	1.231	-0.474
8.490	1.000	1.231	0.396
8.500	1.000	1.207	0.879
8.510	1.000	1.177	1.065
8.520	1.000	1.128	1.187
8.530	1.000	1.089	1.163
8.540	1.000	1.060	1.085
8.550	1.000	1.026	0.826
8.560	1.000	0.987	0.630
8.570	1.000	0.972	0.454
8.580	1.000	0.957	0.215
8.590	1.000	0.953	-0.024
8.600	1.000	0.953	-0.132
8.610	1.000	0.957	-0.122
8.620	1.000	0.953	-0.117
8.630	1.000	0.957	-0.112
8.640	1.000	0.953	-0.112
8.650	1.000	0.953	-0.107
8.660	1.000	0.953	-0.112
8.670	0.000	0.953	-0.112
8.680	0.000	0.953	-0.073
8.690	0.000	0.923	1.812
8.700	0.000	0.860	2.985
8.710	0.000	0.674	4.680
8.720	0.000	0.601	5.017
8.730	0.000	0.435	5.393
8.740	0.000	0.274	5.129
8.750	0.000	0.088	4.392
8.760	0.000	-0.054	3.894
8.770	0.000	-0.132	3.073
8.780	0.000	-0.220	1.856
8.790	0.000	-0.274	0.703
8.800	0.000	-0.288	-0.059
8.810	0.000	-0.283	-0.576
8.820	0.000	-0.264	-1.016
8.830	0.000	-0.230	-1.212
8.840	0.000	-0.186	-1.343
8.850	0.000	-0.147	-1.280
8.860	0.000	-0.112	-1.207
8.870	0.000	-0.083	-1.011
8.880	0.000	-0.059	-0.782
8.890	0.000	-0.039	-0.601
8.900	0.000	-0.024	-0.420
8.910	0.000	-0.020	-0.181
8.920	0.000	-0.020	-0.098
8.930	0.000	-0.020	-0.107
8.940	0.000	-0.015	-0.112
8.950	0.000	-0.020	-0.107
8.960	0.000	-0.020	-0.117
8.970	0.000	-0.020	-0.112
8.980	0.000	-0.015	-0.112
8.990	1.000	-0.020	-0.107
9.000	1.000	0.000	-1.593
9.010	1.000	0.054	-2.941
9.020	1.000	0.151	-3.942
9.030	1.000	0.313	-4.866
9.040	1.000	0.449	-5.496
9.050	1.000	0.630	-5.159
9.060	1.000	0.787	-4.831
9.070	1.000	0.904	-4.387
9.080	1.000	1.026	-3.322
9.090	1.000	1.124	-2.237
9.100	1.000	1.172	-1.314
9.110	1.000	1.187	-0.415
9.120	1.000	1.192	0.269
9.130	1.000	1.172	0.660
9.140	1.000	1.153	0.845
9.150	1.000	1.119	0.914
9.160	1.000	1.080	0.943
9.170	1.000	1.050	0.865
9.180	1.000	1.026	0.620
9.190	1.000	1.001	0.537
9.200	1.000	0.977	0.347
9.210	1.000	0.972	0.176
9.220	1.000	0.967	-0.039
9.230	1.000	0.967	-0.132
9.240	1.000	0.962	-0.112
9.250	1.000	0.962	-0.112
9.260	1.000	0.962	-0.107
9.270	1.000	0.962	-0.112
9.280	1.000	0.962	-0.112
9.290	1.000	0.962	-0.112
9.300	0.000	0.962	-0.112
9.310	0.000	0.948	1.387
9.320	0.000	0.894	2.819
9.330	0.000	0.782	3.967
9.340	0.000	0.625	4.895
9.350	0.000	0.440	5.506
9.360	0.000	0.313	5.383
9.370	0.000	0.147	4.915
9.380	0.000	-0.005	4.074
9.390	0.000	-0.127	2.936
9.400	0.000	-0.195	2.233
9.410	0.000	-0.254	1.099
9.420	0.000	-0.274	0.259
9.430	0.000	-0.278	-0.459
9.440	0.000	-0.264	-0.957
9.450	0.000	-0.234	-1.143
9.460	0.000	-0.195	-1.290
9.470	0.000	-0.151	-1.251
9.480	0.000	-0.122	-1.182
9.490	0.000	-0.093	-1.065
9.500	0.000	-0.073	-0.821
9.510	0.000	-0.044	-0.625
9.520	0.000	-0.034	-0.474
9.530	0.000	-0.024	-0.254
9.540	0.000	-0.020	-0.098
9.550	0.000	-0.020	-0.112
9.560	0.000	-0.020	-0.107
9.570	0.000	-0.020	-0.112
9.580	0.000	-0.020	-0.112
9.590	0.000	-0.020	-0.112
9.600	0.000	-0.020	-0.112
9.610	1.000	-0.020	-0.112
9.620	1.000	-0.005	-1.602
9.630	1.000	0.068	-3.127
9.640	1.000	0.147	-3.967
9.650	1.000	0.288	-4.895
9.660	1.000	0.435	-5.559
9.670	1.000	0.611	-5.408
9.680	1.000	0.787	-4.831
9.690	1.000	0.904	-4.387
9.700	1.000	1.031	-3.332
9.710	1.000	1.128	-2.247
9.720	1.000	1.168	-1.402
9.730	1.000	1.192	-0.391
9.740	1.000	1.192	0.337
9.750	1.000	1.172	0.679
9.760	1.000	1.153	0.870
9.770	1.000	1.119	0.933
9.780	1.000	1.075	0.957
9.790	1.000	1.050	0.874
9.800	1.000	1.026	0.660
9.810	1.000	1.006	0.528
9.820	1.000	0.977	0.332
9.830	1.000	0.972	0.156
9.840	1.000	0.967	-0.073
9.850	1.000	0.962	-0.127
9.860	1.000	0.962	-0.112
9.870	1.000	0.962	-0.107
9.880	1.000	0.962	-0.117
9.890	1.000	0.967	-0.112
9.900	1.000	0.962	-0.112
9.910	1.000	0.962	-0.112
9.920	1.000	0.962	-0.107
9.930	0.000	0.962	-0.112
9.940	0.000	0.953	1.255
9.950	0.000	0.865	3.048
9.960	0.000	0.777	4.099
9.970	0.000	0.630	4.709
9.980	0.000	0.445	5.437
9.990	0.000	0.278	5.193
10.000	0.000	0.142	4.905
10.010	0.000	0.010	4.045
10.020	0.000	-0.127	2.907
10.030	0.000	-0.205	1.866
10.040	0.000	-0.249	0.957
10.050	0.000	-0.274	0.034
10.060	0.000	-0.274	-0.454
10.070	0.000	-0.254	-0.865
10.080	0.000	-0.220	-1.094
10.090	0.000	-0.191	-1.236
10.100	0.000	-0.151	-1.207
10.110	0.000	-0.122	-1.128
10.120	0.000	-0.093	-0.957
10.130	0.000	-0.073	-0.782
10.140	0.000	-0.054	-0.620
10.150	0.000	-0.039	-0.464
10.160	0.000	-0.029	-0.254
10.170	0.000	-0.024	-0.117
10.180	0.000	-0.024	-0.112
10.190	0.000	-0.029	-0.112
10.200	0.000	-0.024	-0.112
10.210	0.000	-0.024	-0.112
10.220	0.000	-0.029	-0.107
10.230	0.000	-0.024	-0.112
10.240	1.000	-0.029	-0.117
10.250	1.000	-0.024	-0.586
10.260	1.000	0.020	-2.169
10.270	1.000	0.127	-3.737
10.280	1.000	0.230	-4.392
10.290	1.000	0.391	-5.173
10.300	1.000	0.547	-5.423
10.310	1.000	0.703	-5.125
10.320	1.000	0.855	-4.489
10.330	1.000	0.982	-3.801
10.340	1.000	1.080	-2.814
10.350	1.000	1.158	-1.744
10.360	1.000	1.187	-0.855
10.370	1.000	1.202	0.068
10.380	1.000	1.192	0.449
10.390	1.000	1.172	0.757
10.400	1.000	1.133	0.948
10.410	1.000	1.104	0.938
10.420	1.000	1.075	0.957
10.430	1.000	1.045	0.811
10.440	1.000	1.016	0.567
10.450	1.000	0.992	0.508
10.460	1.000	0.977	0.313
10.470	1.000	0.967	0.083
10.480	1.000	0.962	-0.127
10.490	1.000	0.962	-0.122
10.500	1.000	0.962	-0.112
10.510	1.000	0.962	-0.112
10.520	1.000	0.962	-0.112
10.530	1.000	0.962	-0.112
10.540	1.000	0.962	-0.112
10.550	1.000	0.962	-0.112
10.560	0.000	0.962	-0.112
10.570	0.000	0.962	0.606
10.580	0.000	0.909	2.482
10.590	0.000	0.826	3.649
10.600	0.000	0.699	4.553
10.610	0.000	0.508	5.349
10.620	0.000	0.376	5.545
10.630	0.000	0.215	5.178
10.640	0.000	0.059	4.548
10.650	0.000	-0.088	3.400
10.660	0.000	-0.181	2.545
10.670	0.000	-0.239	1.500
10.680	0.000	-0.274	0.508
10.690	0.000	-0.278	-0.503
10.700	0.000	-0.254	-1.001
10.710	0.000	-0.244	-1.080
10.720	0.000	-0.191	-1.304
10.730	0.000	-0.166	-1.295
10.740	0.000	-0.132	-1.216
10.750	0.000	-0.103	-1.119
10.760	0.000	-0.073	-0.845
10.770	0.000	-0.049	-0.660
10.780	0.000	-0.034	-0.489
10.790	0.000	-0.024	-0.337
10.800	0.000	-0.020	-0.117
10.810	0.000	-0.020	-0.112
10.820	0.000	-0.020	-0.112
10.830	0.000	-0.020	-0.117
10.840	0.000	-0.020	-0.107
10.850	0.000	-0.020	-0.112
10.860	0.000	-0.020	-0.112
10.870	1.000	-0.020	-0.112
10.880	1.000	0.000	-1.661
10.890	1.000	0.049	-2.931
10.900	1.000	0.151	-3.957
10.910	1.000	0.283	-4.900
10.920	1.000	0.454	-5.379
10.930	1.000	0.611	-5.369
10.940	1.000	0.767	-5.032
10.950	1.000	0.918	-4.143
10.960	1.000	1.021	-3.400
10.970	1.000	1.119	-2.360
10.980	1.000	1.172	-1.270
10.990	1.000	1.192	-0.308
11.000	1.000	1.192	0.318
11.010	1.000	1.177	0.611
11.020	1.000	1.153	0.850
11.030	1.000	1.114	0.928
11.040	1.000	1.085	0.982
11.050	1.000	1.050	0.860
11.060	1.000	1.026	0.635
11.070	1.000	1.001	0.523
11.080	1.000	0.982	0.342
11.090	1.000	0.967	0.137
11.100	1.000	0.967	-0.044
11.110	1.000	0.962	-0.132
11.120	1.000	0.967	-0.112
11.130	1.000	0.962	-0.112
11.140	1.000	0.967	-0.112
11.150	1.000	0.962	-0.112
11.160	1.000	0.967	-0.112
11.170	1.000	0.967	-0.112
11.180	1.000	0.962	-0.112
11.190	0.000	0.962	-0.107
11.200	0.000	0.943	1.500
11.210	0.000	0.884	2.887
11.220	0.000	0.777	4.099
11.230	0.000	0.611	5.071
11.240	0.000	0.449	5.594
11.250	0.000	0.274	5.271
11.260	0.000	0.137	5.027
11.270	0.000	0.005	4.152
11.280	0.000	-0.137	2.877
11.290	0.000	-0.205	2.052
11.300	0.000	-0.259	0.972
11.310	0.000	-0.274	-0.078
11.320	0.000	-0.274	-0.537
11.330	0.000	-0.254	-0.933
11.340	0.000	-0.225	-1.114
11.350	0.000	-0.186	-1.275
11.360	0.000	-0.147	-1.216
11.370	0.000	-0.117	-1.192
11.380	0.000	-0.088	-1.006
11.390	0.000	-0.064	-0.747
11.400	0.000	-0.049	-0.572
11.410	0.000	-0.034	-0.425
11.420	0.000	-0.024	-0.244
11.430	0.000	-0.020	-0.098
11.440	0.000	-0.020	-0.112
11.450	0.000	-0.020	-0.107
11.460	0.000	-0.020	-0.112
11.470	0.000	-0.020	-0.112
11.480	0.000	-0.020	-0.112
11.490	0.000	-0.020	-0.112
11.500	1.000	-0.020	-0.112
11.510	1.000	-0.005	-1.602
11.520	1.000	0.064	-3.097
11.530	1.000	0.151	-3.972
11.540	1.000	0.283	-4.905
11.550	1.000	0.459	-5.320
11.560	1.000	0.620	-5.276
11.570	1.000	0.767	-5.110
11.580	1.000	0.904	-4.377
11.590	1.000	1.045	-3.283
11.600	1.000	1.114	-2.531
11.610	1.000	1.172	-1.407
11.620	1.000	1.202	-0.308
11.630	1.000	1.202	0.249
11.640	1.000	1.182	0.640
11.650	1.000	1.153	0.914
11.660	1.000	1.128	0.967
11.670	1.000	1.089	0.977
11.680	1.000	1.050	0.884
11.690	1.000	1.026	0.664
11.700	1.000	1.001	0.537
11.710	1.000	0.982	0.391
11.720	1.000	0.972	0.166
11.730	1.000	0.962	-0.064
11.740	1.000	0.967	-0.137
11.750	1.000	0.962	-0.107
11.760	1.000	0.967	-0.112
11.770	1.000	0.962	-0.107
11.780	1.000	0.962	-0.112
11.790	1.000	0.962	-0.112
11.800	1.000	0.962	-0.112
11.810	0.000	0.962	-0.112
11.820	0.000	0.962	0.747
11.830	0.000	0.904	2.531
11.840	0.000	0.782	4.011
11.850	0.000	0.669	4.797
11.860	0.000	0.489	5.227
11.870	0.000	0.313	5.188
11.880	0.000	0.191	5.066
11.890	0.000	0.024	4.162
11.900	0.000	-0.107	3.302
11.910	0.000	-0.186	2.457
11.920	0.000	-0.249	1.202
11.930	0.000	-0.274	0.161
11.940	0.000	-0.278	-0.357
11.950	0.000	-0.264	-0.865
11.960	0.000	-0.230	-1.133
11.970	0.000	-0.200	-1.260
11.980	0.000	-0.161	-1.260
11.990	0.000	-0.122	-1.177
12.000	0.000	-0.098	-1.085
12.010	0.000	-0.073	-0.870
12.020	0.000	-0.054	-0.674
12.030	0.000	-0.034	-0.474
12.040	0.000	-0.020	-0.254
12.050	0.000	-0.020	-0.103
12.060	0.000	-0.020	-0.112
12.070	0.000	-0.020	-0.107
12.080	0.000	-0.020	-0.112
12.090	0.000	-0.020	-0.112
12.100	0.000	-0.024	-0.107
12.110	0.000	-0.020	-0.112
12.120	0.000	-0.024	-0.112
12.130	1.000	-0.020	-0.112
12.140	1.000	0.000	-1.617
12.150	1.000	0.049	-2.946
12.160	1.000	0.142	-3.928
12.170	1.000	0.274	-4.817
12.180	1.000	0.454	-5.383
12.190	1.000	0.611	-5.506
12.200	1.000	0.772	-5.051
12.210	1.000	0.894	-4.504
12.220	1.000	1.021	-3.366
12.230	1.000	1.128	-2.320
12.240	1.000	1.172	-1.407
12.250	1.000	1.197	-0.508
12.260	1.000	1.197	0.210
12.270	1.000	1.177	0.664
12.280	1.000	1.158	0.889
12.290	1.000	1.133	0.972
12.300	1.000	1.089	0.982
12.310	1.000	1.050	0.879
12.320	1.000	1.036	0.757
12.330	1.000	1.006	0.586
12.340	1.000	0.977	0.405
12.350	1.000	0.972	0.210
12.360	1.000	0.957	-0.054
12.370	1.000	0.962	-0.142
12.380	1.000	0.962	-0.117
12.390	1.000	0.957	-0.112
12.400	1.000	0.962	-0.112
12.410	1.000	0.962	-0.112
12.420	1.000	0.962	-0.112
12.430	1.000	0.957	-0.112
12.440	0.000	0.957	-0.112
12.450	0.000	0.948	1.231
12.460	0.000	0.894	2.741
12.470	0.000	0.782	4.001
12.480	0.000	0.620	4.968
12.490	0.000	0.489	5.447
12.500	0.000	0.313	5.325
12.510	0.000	0.137	4.929
12.520	0.000	0.020	4.162
12.530	0.000	-0.122	3.117
12.540	0.000	-0.210	1.979
12.550	0.000	-0.259	0.938
12.560	0.000	-0.274	0.098
12.570	0.000	-0.274	-0.484
12.580	0.000	-0.254	-0.933
12.590	0.000	-0.220	-1.143
12.600	0.000	-0.191	-1.290
12.610	0.000	-0.156	-1.251
12.620	0.000	-0.122	-1.182
12.630	0.000	-0.088	-0.977
12.640	0.000	-0.068	-0.816
12.650	0.000	-0.044	-0.611
12.660	0.000	-0.029	-0.474
12.670	0.000	-0.020	-0.230
12.680	0.000	-0.020	-0.103
12.690	0.000	-0.020	-0.112
12.700	0.000	-0.020	-0.112
12.710	0.000	-0.020	-0.112
12.720	0.000	-0.020	-0.112
12.730	0.000	-0.020	-0.112
12.740	0.000	-0.020	-0.117
12.750	0.000	-0.020	-0.117
12.760	1.000	-0.020	-0.107
12.770	1.000	-0.020	-0.176
12.780	1.000	0.020	-1.993
12.790	1.000	0.103	-3.381
12.800	1.000	0.195	-4.284
12.810	1.000	0.357	-5.271
12.820	1.000	0.518	-5.496
12.830	1.000	0.664	-5.471
12.840	1.000	0.835	-4.885
12.850	1.000	0.953	-4.128
12.860	1.000	1.060	-3.200
12.870	1.000	1.153	-1.939
12.880	1.000	1.192	-1.026
12.890	1.000	1.212	-0.274
12.900	1.000	1.212	0.357
12.910	1.000	1.177	0.801
12.920	1.000	1.153	1.021
12.930	1.000	1.124	1.050
12.940	1.000	1.075	1.085
12.950	1.000	1.041	0.884
12.960	1.000	1.016	0.718
12.970	1.000	0.987	0.581
12.980	1.000	0.967	0.298
12.990	1.000	0.962	0.093
13.000	1.000	0.957	-0.122
13.010	1.000	0.957	-0.122
13.020	1.000	0.957	-0.117
13.030	1.000	0.957	-0.112
13.040	1.000	0.957	-0.117
13.050	1.000	0.957	-0.112
13.060	1.000	0.957	-0.112
13.070	0.000	0.957	-0.117
13.080	0.000	0.948	1.080
13.090	0.000	0.904	2.604
13.100	0.000	0.777	4.079
13.110	0.000	0.630	4.670
13.120	0.000	0.503	5.349
13.130	0.000	0.332	5.198
13.140	0.000	0.142	4.787
13.150	0.000	0.024	4.201
13.160	0.000	-0.098	3.444
13.170	0.000	-0.186	2.364
13.180	0.000	-0.249	1.070
13.190	0.000	-0.274	0.332
13.200	0.000	-0.278	-0.396
13.210	0.000	-0.259	-0.938
13.220	0.000	-0.234	-1.133
13.230	0.000	-0.195	-1.275
13.240	0.000	-0.151	-1.265
13.250	0.000	-0.117	-1.216
13.260	0.000	-0.093	-1.075
13.270	0.000	-0.064	-0.801
13.280	0.000	-0.044	-0.630
13.290	0.000	-0.029	-0.425
13.300	0.000	-0.020	-0.254
13.310	0.000	-0.015	-0.093
13.320	0.000	-0.020	-0.112
13.330	0.000	-0.020	-0.112
13.340	0.000	-0.015	-0.112
13.350	0.000	-0.020	-0.112
13.360	0.000	-0.015	-0.117
13.370	0.000	-0.020	-0.112
13.380	1.000	-0.020	-0.107
13.390	1.000	-0.020	-0.205
13.400	1.000	0.015	-1.905
13.410	1.000	0.103	-3.405
13.420	1.000	0.225	-4.441
13.430	1.000	0.327	-5.027
13.440	1.000	0.513	-5.457
13.450	1.000	0.674	-5.256
13.460	1.000	0.830	-4.817
13.470	1.000	0.938	-3.957
13.480	1.000	1.055	-3.156
13.490	1.000	1.138	-1.983
13.500	1.000	1.177	-1.104
13.510	1.000	1.192	-0.073
13.520	1.000	1.187	0.405
13.530	1.000	1.168	0.703
13.540	1.000	1.138	0.894
13.550	1.000	1.099	0.909
13.560	1.000	1.075	0.972
13.570	1.000	1.045	0.816
13.580	1.000	1.021	0.630
13.590	1.000	0.987	0.528
13.600	1.000	0.977	0.308
13.610	1.000	0.962	0.039
13.620	1.000	0.962	-0.122
13.630	1.000	0.962	-0.122
13.640	1.000	0.962	-0.112
13.650	1.000	0.962	-0.117
13.660	1.000	0.962	-0.112
13.670	1.000	0.962	-0.117
13.680	1.000	0.962	-0.107
13.690	1.000	0.962	-0.112
13.700	0.000	0.957	-0.112
13.710	0.000	0.962	0.440
13.720	0.000	0.918	2.242
13.730	0.000	0.811	3.766
13.740	0.000	0.674	4.773
13.750	0.000	0.513	5.325
13.760	0.000	0.371	5.374
13.770	0.000	0.220	4.973
13.780	0.000	0.044	4.275
13.790	0.000	-0.073	3.415
13.800	0.000	-0.166	2.413
13.810	0.000	-0.234	1.304
13.820	0.000	-0.264	0.469
13.830	0.000	-0.269	-0.234
13.840	0.000	-0.259	-0.679
13.850	0.000	-0.234	-0.957
13.860	0.000	-0.200	-1.143
13.870	0.000	-0.166	-1.192
13.880	0.000	-0.132	-1.124
13.890	0.000	-0.107	-1.026
13.900	0.000	-0.078	-0.850
13.910	0.000	-0.059	-0.645
13.920	0.000	-0.049	-0.493
13.930	0.000	-0.039	-0.352
13.940	0.000	-0.029	-0.176
13.950	0.000	-0.029	-0.112
13.960	0.000	-0.029	-0.117
13.970	0.000	-0.029	-0.112
13.980	0.000	-0.029	-0.112
13.990	0.000	-0.029	-0.107
14.000	0.000	-0.029	-0.112
14.010	1.000	-0.034	-0.107
14.020	1.000	-0.015	-1.456
14.030	1.000	0.054	-3.107
14.040	1.000	0.171	-4.021
14.050	1.000	0.278	-4.910
14.060	1.000	0.430	-5.462
14.070	1.000	0.620	-5.198
14.080	1.000	0.762	-5.100
14.090	1.000	0.894	-4.348
14.100	1.000	1.036	-3.229
14.110	1.000	1.109	-2.423
14.120	1.000	1.168	-1.348
14.130	1.000	1.187	-0.327
14.140	1.000	1.187	0.239
14.150	1.000	1.177	0.591
14.160	1.000	1.148	0.840
14.170	1.000	1.119	0.914
14.180	1.000	1.085	0.953
14.190	1.000	1.055	0.865
14.200	1.000	1.031	0.689
14.210	1.000	1.001	0.542
14.220	1.000	0.977	0.366
14.230	1.000	0.972	0.137
14.240	1.000	0.967	-0.073
14.250	1.000	0.967	-0.127
14.260	1.000	0.962	-0.112
14.270	1.000	0.962	-0.112
14.280	1.000	0.962	-0.107
14.290	1.000	0.962	-0.107
14.300	1.000	0.962	-0.117
14.310	1.000	0.962	-0.107
14.320	1.000	0.967	-0.112
14.330	0.000	0.962	-0.112
14.340	0.000	0.953	1.265
14.350	0.000	0.874	3.024
14.360	0.000	0.752	4.328
14.370	0.000	0.630	4.714
14.380	0.000	0.464	5.310
14.390	0.000	0.283	5.217
14.400	0.000	0.137	4.758
14.410	0.000	0.000	3.952
14.420	0.000	-0.107	3.087
14.430	0.000	-0.191	2.042
14.440	0.000	-0.244	0.850
14.450	0.000	-0.264	-0.049
14.460	0.000	-0.264	-0.454
14.470	0.000	-0.244	-0.782
14.480	0.000	-0.215	-1.036
14.490	0.000	-0.181	-1.168
14.500	0.000	-0.151	-1.133
14.510	0.000	-0.122	-1.094
14.520	0.000	-0.093	-0.987
14.530	0.000	-0.073	-0.762
14.540	0.000	-0.049	-0.567
14.550	0.000	-0.039	-0.459
14.560	0.000	-0.024	-0.171
14.570	0.000	-0.024	-0.112
14.580	0.000	-0.024	-0.112
14.590	0.000	-0.020	-0.112
14.600	0.000	-0.024	-0.112
14.610	0.000	-0.024	-0.112
14.620	0.000	-0.020	-0.112
14.630	0.000	-0.020	-0.112
14.640	1.000	-0.024	-0.112
14.650	1.000	-0.020	-0.616
14.660	1.000	0.024	-2.408
14.670	1.000	0.107	-3.512
14.680	1.000	0.220	-4.446
14.690	1.000	0.342	-5.203
14.700	1.000	0.532	-5.379
14.710	1.000	0.694	-5.115
14.720	1.000	0.826	-4.885
14.730	1.000	0.957	-3.942
14.740	1.000	1.080	-2.760
14.750	1.000	1.138	-2.149
14.760	1.000	1.182	-1.016
14.770	1.000	1.202	-0.166
14.780	1.000	1.197	0.386
14.790	1.000	1.172	0.772
14.800	1.000	1.153	0.948
14.810	1.000	1.114	0.987
14.820	1.000	1.070	0.987
14.830	1.000	1.045	0.860
14.840	1.000	1.021	0.620
14.850	1.000	0.987	0.484
14.860	1.000	0.977	0.327
14.870	1.000	0.962	0.068
14.880	1.000	0.962	-0.098
14.890	1.000	0.962	-0.127
14.900	1.000	0.962	-0.112
14.910	1.000	0.962	-0.112
14.920	1.000	0.962	-0.112
14.930	1.000	0.962	-0.117
14.940	1.000	0.962	-0.112
14.950	1.000	0.962	-0.117
14.960	0.000	0.962	-0.112
14.970	0.000	0.957	1.207
14.980	0.000	0.865	3.039
14.990	0.000	0.777	4.060
15.000	0.000	0.630	4.700
15.010	0.000	0.469	5.511
15.020	0.000	0.293	5.442
15.030	0.000	0.122	4.812
15.040	0.000	-0.034	3.981
15.050	0.000	-0.127	3.219
15.060	0.000	-0.215	2.057
15.070	0.000	-0.269	0.879
15.080	0.000	-0.288	-0.098
15.090	0.000	-0.283	-0.557
15.100	0.000	-0.269	-1.011
15.110	0.000	-0.225	-1.226
15.120	0.000	-0.186	-1.383
15.130	0.000	-0.151	-1.295
15.140	0.000	-0.117	-1.236
15.150	0.000	-0.083	-1.001
15.160	0.000	-0.059	-0.855
15.170	0.000	-0.039	-0.660
15.180	0.000	-0.020	-0.381
15.190	0.000	-0.015	-0.181
15.200	0.000	-0.015	-0.093
15.210	0.000	-0.015	-0.112
15.220	0.000	-0.015	-0.117
15.230	0.000	-0.015	-0.112
15.240	0.000	-0.015	-0.112
15.250	0.000	-0.015	-0.107
15.260	0.000	-0.015	-0.112
15.270	1.000	-0.015	-0.107
15.280	1.000	0.005	-1.690
15.290	1.000	0.054	-2.936
15.300	1.000	0.200	-4.304
15.310	1.000	0.308	-4.836
15.320	1.000	0.464	-5.271
15.330	1.000	0.611	-5.340
15.340	1.000	0.767	-4.983
15.350	1.000	0.909	-4.187
15.360	1.000	1.021	-3.254
15.370	1.000	1.099	-2.325
15.380	1.000	1.168	-1.192
15.390	1.000	1.182	-0.493
15.400	1.000	1.182	0.234
15.410	1.000	1.172	0.606
15.420	1.000	1.138	0.835
15.430	1.000	1.119	0.874
15.440	1.000	1.080	0.904
15.450	1.000	1.050	0.787
15.460	1.000	1.026	0.625
15.470	1.000	1.011	0.508
15.480	1.000	0.982	0.371
15.490	1.000	0.972	0.127
15.500	1.000	0.967	-0.020
15.510	1.000	0.967	-0.127
15.520	1.000	0.967	-0.107
15.530	1.000	0.967	-0.117
15.540	1.000	0.967	-0.117
15.550	1.000	0.967	-0.112
15.560	1.000	0.967	-0.107
15.570	1.000	0.967	-0.112
15.580	0.000	0.967	-0.112
15.590	0.000	0.957	1.212
15.600	0.000	0.870	3.068
15.610	0.000	0.762	4.279
15.620	0.000	0.611	5.061
15.630	0.000	0.474	5.315
15.640	0.000	0.308	5.252
15.650	0.000	0.132	4.802
15.660	0.000	-0.005	4.025
15.670	0.000	-0.107	3.190
15.680	0.000	-0.191	2.120
15.690	0.000	-0.254	0.860
15.700	0.000	-0.264	0.151
15.710	0.000	-0.269	-0.454
15.720	0.000	-0.249	-0.879
15.730	0.000	-0.225	-1.080
15.740	0.000	-0.191	-1.221
15.750	0.000	-0.151	-1.192
15.760	0.000	-0.117	-1.109
15.770	0.000	-0.098	-0.992
15.780	0.000	-0.073	-0.772
15.790	0.000	-0.049	-0.572
15.800	0.000	-0.034	-0.454
15.810	0.000	-0.024	-0.239
15.820	0.000	-0.024	-0.098
15.830	0.000	-0.024	-0.112
15.840	0.000	-0.024	-0.112
15.850	0.000	-0.020	-0.112
15.860	0.000	-0.024	-0.112
15.870	0.000	-0.024	-0.112
15.880	0.000	-0.020	-0.112
15.890	0.000	-0.024	-0.112
15.900	1.000	-0.024	-0.117
15.910	1.000	-0.005	-1.602
15.920	1.000	0.064	-3.107
15.930	1.000	0.171	-3.967
15.940	1.000	0.303	-4.910
15.950	1.000	0.430	-5.476
15.960	1.000	0.601	-5.393
15.970	1.000	0.777	-4.846
15.980	1.000	0.909	-4.265
15.990	1.000	1.036	-3.322
16.000	1.000	1.109	-2.462
16.010	1.000	1.168	-1.431
16.020	1.000	1.192	-0.239
16.030	1.000	1.192	0.249
16.040	1.000	1.168	0.699
16.050	1.000	1.143	0.865
16.060	1.000	1.119	0.904
16.070	1.000	1.085	0.918
16.080	1.000	1.050	0.816
16.090	1.000	1.026	0.616
16.100	1.000	1.006	0.489
16.110	1.000	0.982	0.376
16.120	1.000	0.977	0.171
16.130	1.000	0.972	-0.064
16.140	1.000	0.972	-0.122
16.150	1.000	0.972	-0.112
16.160	1.000	0.967	-0.112
16.170	1.000	0.967	-0.112
16.180	1.000	0.972	-0.117
16.190	1.000	0.967	-0.112
16.200	1.000	0.962	-0.112
16.210	0.000	0.967	-0.117
16.220	0.000	0.957	1.153
16.230	0.000	0.904	2.623
16.240	0.000	0.801	3.859
16.250	0.000	0.645	4.812
16.260	0.000	0.474	5.310
16.270	0.000	0.332	5.452
16.280	0.000	0.176	4.846
16.290	0.000	0.010	4.133
16.300	0.000	-0.117	3.200
16.310	0.000	-0.191	2.325
16.320	0.000	-0.249	1.177
16.330	0.000	-0.274	0.132
16.340	0.000	-0.274	-0.523
16.350	0.000	-0.259	-0.879
16.360	0.000	-0.230	-1.099
16.370	0.000	-0.191	-1.246
16.380	0.000	-0.151	-1.236
16.390	0.000	-0.132	-1.168
16.400	0.000	-0.098	-1.031
16.410	0.000	-0.073	-0.777
16.420	0.000	-0.054	-0.664
16.430	0.000	-0.039	-0.493
16.440	0.000	-0.024	-0.269
16.450	0.000	-0.020	-0.098
16.460	0.000	-0.020	-0.112
16.470	0.000	-0.020	-0.107
16.480	0.000	-0.020	-0.112
16.490	0.000	-0.020	-0.112
16.500	0.000	-0.024	-0.107
16.510	0.000	-0.020	-0.112
16.520	0.000	-0.020	-0.107
16.530	1.000	-0.020	-0.112
16.540	1.000	-0.010	-1.402
16.550	1.000	0.064	-3.112
16.560	1.000	0.181	-4.138
16.570	1.000	0.298	-4.919
16.580	1.000	0.469	-5.256
16.590	1.000	0.625	-5.242
16.600	1.000	0.791	-4.905
16.610	1.000	0.904	-4.553
16.620	1.000	1.031	-3.478
16.630	1.000	1.124	-2.702
16.640	1.000	1.182	-1.495
16.650	1.000	1.216	-0.425
16.660	1.000	1.216	0.274
16.670	1.000	1.202	0.699
16.680	1.000	1.172	0.957
16.690	1.000	1.128	1.094
16.700	1.000	1.089	1.065
16.710	1.000	1.060	1.006
16.720	1.000	1.036	0.782
16.730	1.000	1.001	0.586
16.740	1.000	0.982	0.474
16.750	1.000	0.967	0.230
16.760	1.000	0.957	-0.039
16.770	1.000	0.957	-0.142
16.780	1.000	0.962	-0.117
16.790	1.000	0.957	-0.112
16.800	1.000	0.957	-0.112
16.810	1.000	0.962	-0.112
16.820	1.000	0.962	-0.112
16.830	1.000	0.957	-0.107
16.840	0.000	0.957	-0.112
16.850	0.000	0.943	1.309
16.860	0.000	0.865	3.004
16.870	0.000	0.757	4.284
16.880	0.000	0.596	5.105
16.890	0.000	0.459	5.511
16.900	0.000	0.288	5.359
16.910	0.000	0.117	4.744
16.920	0.000	0.000	4.113
16.930	0.000	-0.122	3.034
16.940	0.000	-0.215	1.705
16.950	0.000	-0.254	0.933
16.960	0.000	-0.274	-0.039
16.970	0.000	-0.274	-0.503
16.980	0.000	-0.259	-0.904
16.990	0.000	-0.225	-1.128
17.000	0.000	-0.191	-1.275
17.010	0.000	-0.151	-1.192
17.020	0.000	-0.117	-1.172
17.030	0.000	-0.093	-1.016
17.040	0.000	-0.068	-0.782
17.050	0.000	-0.044	-0.586
17.060	0.000	-0.034	-0.459
17.070	0.000	-0.024	-0.249
17.080	0.000	-0.020	-0.103
17.090	0.000	-0.020	-0.112
17.100	0.000	-0.020	-0.112
17.110	0.000	-0.020	-0.112
17.120	0.000	-0.020	-0.117
17.130	0.000	-0.020	-0.112
17.140	0.000	-0.020	-0.112
17.150	1.000	-0.020	-0.117
17.160	1.000	-0.020	-0.630
17.170	1.000	0.020	-2.086
17.180	1.000	0.103	-3.405
17.190	1.000	0.230	-4.382
17.200	1.000	0.386	-5.173
17.210	1.000	0.513	-5.579
17.220	1.000	0.674	-5.305
17.230	1.000	0.845	-4.568
17.240	1.000	0.987	-3.776
17.250	1.000	1.075	-3.024
17.260	1.000	1.153	-2.096
17.270	1.000	1.192	-0.962
17.280	1.000	1.212	0.015
17.290	1.000	1.207	0.489
17.300	1.000	1.182	0.782
17.310	1.000	1.148	0.992
17.320	1.000	1.104	1.011
17.330	1.000	1.075	1.045
17.340	1.000	1.045	0.879
17.350	1.000	1.021	0.679
17.360	1.000	0.987	0.562
17.370	1.000	0.967	0.283
17.380	1.000	0.962	0.073
17.390	1.000	0.957	-0.117
17.400	1.000	0.957	-0.132
17.410	1.000	0.962	-0.112
17.420	1.000	0.962	-0.112
17.430	1.000	0.957	-0.107
17.440	1.000	0.957	-0.112
17.450	1.000	0.957	-0.112
17.460	1.000	0.957	-0.107
17.470	0.000	0.957	-0.112
17.480	0.000	0.938	1.466
17.490	0.000	0.855	3.214
17.500	0.000	0.747	4.314
17.510	0.000	0.625	4.724
17.520	0.000	0.464	5.271
17.530	0.000	0.278	5.154
17.540	0.000	0.142	4.787
17.550	0.000	0.015	3.923
17.560	0.000	-0.122	2.819
17.570	0.000	-0.191	2.193
17.580	0.000	-0.244	1.045
17.590	0.000	-0.269	0.068
17.600	0.000	-0.269	-0.518
17.610	0.000	-0.249	-0.840
17.620	0.000	-0.225	-1.031
17.630	0.000	-0.191	-1.182
17.640	0.000	-0.151	-1.153
17.650	0.000	-0.122	-1.133
17.660	0.000	-0.093	-0.972
17.670	0.000	-0.073	-0.796
17.680	0.000	-0.054	-0.606
17.690	0.000	-0.039	-0.425
17.700	0.000	-0.029	-0.293
17.710	0.000	-0.024	-0.117
17.720	0.000	-0.029	-0.112
17.730	0.000	-0.029	-0.112
17.740	0.000	-0.029	-0.112
17.750	0.000	-0.029	-0.112
17.760	0.000	-0.029	-0.112
17.770	0.000	-0.029	-0.117
17.780	1.000	-0.029	-0.112
17.790	1.000	-0.005	-1.641
17.800	1.000	0.064	-3.136
17.810	1.000	0.176	-4.104
17.820	1.000	0.278	-4.905
17.830	1.000	0.430	-5.462
17.840	1.000	0.606	-5.491
17.850	1.000	0.762	-5.139
17.860	1.000	0.923	-4.143
17.870	1.000	1.041	-3.542
17.880	1.000	1.133	-2.521
17.890	1.000	1.187	-1.329
17.900	1.000	1.216	-0.572
17.910	1.000	1.216	0.191
17.920	1.000	1.192	0.777
17.930	1.000	1.168	1.001
17.940	1.000	1.133	1.109
17.950	1.000	1.094	1.055
17.960	1.000	1.050	0.962
17.970	1.000	1.031	0.796
17.980	1.000	1.001	0.645
17.990	1.000	0.977	0.449
18.000	1.000	0.962	0.156
18.010	1.000	0.962	-0.039
18.020	1.000	0.957	-0.137
18.030	1.000	0.957	-0.112
18.040	1.000	0.957	-0.112
18.050	1.000	0.957	-0.107
18.060	1.000	0.957	-0.112
18.070	1.000	0.957	-0.112
18.080	1.000	0.962	-0.112
18.090	1.000	0.957	-0.112
18.100	0.000	0.957	-0.117
18.110	0.000	0.923	1.915
18.120	0.000	0.865	2.975
18.130	0.000	0.767	4.148
18.140	0.000	0.625	4.812
18.150	0.000	0.435	5.452
18.160	0.000	0.274	5.188
18.170	0.000	0.122	4.729
18.180	0.000	-0.020	3.977
18.190	0.000	-0.132	2.848
18.200	0.000	-0.210	1.842
18.210	0.000	-0.254	0.987
18.220	0.000	-0.274	0.093
18.230	0.000	-0.269	-0.611
18.240	0.000	-0.254	-0.904
18.250	0.000	-0.225	-1.099
18.260	0.000	-0.181	-1.260
18.270	0.000	-0.147	-1.221
18.280	0.000	-0.117	-1.177
18.290	0.000	-0.083	-0.997
18.300	0.000	-0.064	-0.801
18.310	0.000	-0.044	-0.611
18.320	0.000	-0.029	-0.386
18.330	0.000	-0.020	-0.176
18.340	0.000	-0.020	-0.098
18.350	0.000	-0.020	-0.112
18.360	0.000	-0.020	-0.112
18.370	0.000	-0.020	-0.112
18.380	0.000	-0.020	-0.112
18.390	0.000	-0.020	-0.112
18.400	0.000	-0.020	-0.112
18.410	1.000	-0.020	-0.112
18.420	1.000	-0.005	-1.397
18.430	1.000	0.068	-3.151
18.440	1.000	0.176	-4.040
18.450	1.000	0.308	-4.866
18.460	1.000	0.435	-5.471
18.470	1.000	0.616	-5.281
18.480	1.000	0.782	-4.773
18.490	1.000	0.909	-4.270
18.500	1.000	1.026	-3.332
18.510	1.000	1.104	-2.355
18.520	1.000	1.168	-1.172
18.530	1.000	1.187	-0.513
18.540	1.000	1.192	0.239
18.550	1.000	1.172	0.640
18.560	1.000	1.148	0.860
18.570	1.000	1.119	0.918
18.580	1.000	1.085	0.953
18.590	1.000	1.055	0.874
18.600	1.000	1.026	0.655
18.610	1.000	1.001	0.508
18.620	1.000	0.977	0.347
18.630	1.000	0.967	0.132
18.640	1.000	0.962	-0.044
18.650	1.000	0.962	-0.137
18.660	1.000	0.962	-0.112
18.670	1.000	0.962	-0.112
18.680	1.000	0.962	-0.112
18.690	1.000	0.962	-0.117
18.700	1.000	0.967	-0.112
18.710	1.000	0.967	-0.112
18.720	1.000	0.962	-0.112
18.730	0.000	0.967	-0.117
18.740	0.000	0.957	1.202
18.750	0.000	0.865	3.068
18.760	0.000	0.782	4.069
18.770	0.000	0.630	4.744
18.780	0.000	0.435	5.657
18.790	0.000	0.274	5.364
18.800	0.000	0.137	5.002
18.810	0.000	0.000	4.133
18.820	0.000	-0.142	2.736
18.830	0.000	-0.215	2.022
18.840	0.000	-0.264	1.099
18.850	0.000	-0.288	0.117
18.860	0.000	-0.283	-0.640
18.870	0.000	-0.264	-1.011
18.880	0.000	-0.230	-1.226
18.890	0.000	-0.186	-1.353
18.900	0.000	-0.147	-1.270
18.910	0.000	-0.117	-1.241
18.920	0.000	-0.088	-1.031
18.930	0.000	-0.059	-0.777
18.940	0.000	-0.044	-0.640
18.950	0.000	-0.024	-0.430
18.960	0.000	-0.015	-0.161
18.970	0.000	-0.020	-0.098
18.980	0.000	-0.020	-0.112
18.990	0.000	-0.015	-0.112
19.000	0.000	-0.020	-0.112
19.010	0.000	-0.015	-0.112
19.020	0.000	-0.020	-0.112
19.030	0.000	-0.015	-0.112
19.040	1.000	-0.015	-0.112
19.050	1.000	-0.010	-1.236
19.060	1.000	0.049	-2.809
19.070	1.000	0.137	-3.801
19.080	1.000	0.259	-4.607
19.090	1.000	0.430	-5.442
19.100	1.000	0.591	-5.603
19.110	1.000	0.728	-5.359
19.120	1.000	0.874	-4.631
19.130	1.000	1.026	-3.464
19.140	1.000	1.099	-2.677
19.150	1.000	1.172	-1.475
19.160	1.000	1.202	-0.440
19.170	1.000	1.202	0.112
19.180	1.000	1.192	0.576
19.190	1.000	1.168	0.874
19.200	1.000	1.133	1.006
19.210	1.000	1.094	1.041
19.220	1.000	1.060	0.992
19.230	1.000	1.036	0.787
19.240	1.000	1.001	0.586
19.250	1.000	0.982	0.459
19.260	1.000	0.962	0.191
19.270	1.000	0.962	-0.054
19.280	1.000	0.962	-0.137
19.290	1.000	0.962	-0.112
19.300	1.000	0.962	-0.112
19.310	1.000	0.962	-0.112
19.320	1.000	0.962	-0.112
19.330	1.000	0.962	-0.112
19.340	1.000	0.962	-0.112
19.350	0.000	0.962	-0.112
19.360	0.000	0.948	1.334
19.370	0.000	0.865	3.063
19.380	0.000	0.762	4.265
19.390	0.000	0.601	5.120
19.400	0.000	0.464	5.501
19.410	0.000	0.293	5.374
19.420	0.000	0.122	4.758
19.430	0.000	0.005	4.133
19.440	0.000	-0.122	3.078
19.450	0.000	-0.210	1.803
19.460	0.000	-0.259	0.992
19.470	0.000	-0.274	0.059
19.480	0.000	-0.269	-0.650
19.490	0.000	-0.249	-0.953
19.500	0.000	-0.220	-1.104
19.510	0.000	-0.191	-1.246
19.520	0.000	-0.142	-1.163
19.530	0.000	-0.122	-1.192
19.540	0.000	-0.093	-1.006
19.550	0.000	-0.064	-0.767
19.560	0.000	-0.044	-0.625
19.570	0.000	-0.034	-0.430
19.580	0.000	-0.020	-0.191
19.590	0.000	-0.020	-0.103
19.600	0.000	-0.020	-0.112
19.610	0.000	-0.020	-0.112
19.620	0.000	-0.020	-0.112
19.630	0.000	-0.020	-0.107
19.640	0.000	-0.020	-0.112
19.650	0.000	-0.020	-0.107
19.660	0.000	-0.020	-0.112
19.670	1.000	-0.024	-0.112
19.680	1.000	-0.020	-0.342
19.690	1.000	0.020	-2.052
19.700	1.000	0.112	-3.547
19.710	1.000	0.234	-4.372
19.720	1.000	0.352	-5.276
19.730	1.000	0.537	-5.379
19.740	1.000	0.684	-5.388
19.750	1.000	0.821	-4.973
19.760	1.000	0.962	-4.226
19.770	1.000	1.075	-3.258
19.780	1.000	1.172	-1.886
19.790	1.000	1.207	-1.192
19.800	1.000	1.226	-0.186
19.810	1.000	1.221	0.498
19.820	1.000	1.197	0.870
19.830	1.000	1.163	1.094
19.840	1.000	1.124	1.143
19.850	1.000	1.085	1.168
19.860	1.000	1.045	1.011
19.870	1.000	1.016	0.713
19.880	1.000	0.977	0.576
19.890	1.000	0.972	0.386
19.900	1.000	0.957	0.137
19.910	1.000	0.953	-0.093
19.920	1.000	0.957	-0.127
19.930	1.000	0.957	-0.112
19.940	1.000	0.953	-0.112
19.950	1.000	0.957	-0.112
19.960	1.000	0.957	-0.112
19.970	1.000	0.953	-0.112
19.980	0.000	0.953	-0.107
19.990	0.000	0.948	0.948
20.000	0.000	0.879	2.731
20.010	0.000	0.752	4.245
20.020	0.000	0.640	4.724
20.030	0.000	0.474	5.183
20.040	0.000	0.293	5.217
20.050	0.000	0.137	4.773
20.060	0.000	0.015	4.162
20.070	0.000	-0.127	3.048
20.080	0.000	-0.200	2.242
20.090	0.000	-0.264	1.099
20.100	0.000	-0.288	0.122
20.110	0.000	-0.288	-0.459
20.120	0.000	-0.264	-1.006
20.130	0.000	-0.234	-1.216
20.140	0.000	-0.195	-1.334
20.150	0.000	-0.156	-1.304
20.160	0.000	-0.117	-1.202
20.170	0.000	-0.093	-1.104
20.180	0.000	-0.068	-0.855
20.190	0.000	-0.044	-0.708
20.200	0.000	-0.020	-0.454
20.210	0.000	-0.015	-0.205
20.220	0.000	-0.015	-0.093
20.230	0.000	-0.015	-0.112
20.240	0.000	-0.015	-0.112
20.250	0.000	-0.015	-0.112
20.260	0.000	-0.015	-0.112
20.270	0.000	-0.015	-0.112
20.280	0.000	-0.015	-0.117
20.290	0.000	-0.015	-0.117
20.300	1.000	-0.015	-0.112
20.310	1.000	0.000	-1.495
20.320	1.000	0.078	-3.122
20.330	1.000	0.186	-4.128
20.340	1.000	0.308	-4.851
20.350	1.000	0.440	-5.408
20.360	1.000	0.616	-5.213
20.370	1.000	0.796	-4.846
20.380	1.000	0.904	-4.494
20.390	1.000	1.036	-3.429
20.400	1.000	1.128	-2.350
20.410	1.000	1.177	-1.236
20.420	1.000	1.202	-0.278
20.430	1.000	1.202	0.318
20.440	1.000	1.182	0.640
20.450	1.000	1.158	0.874
20.460	1.000	1.124	0.962
20.470	1.000	1.089	1.021
20.480	1.000	1.050	0.948
20.490	1.000	1.031	0.718
20.500	1.000	0.997	0.547
20.510	1.000	0.977	0.440
20.520	1.000	0.967	0.200
20.530	1.000	0.957	-0.029
20.540	1.000	0.962	-0.137
20.550	1.000	0.962	-0.117
20.560	1.000	0.962	-0.112
20.570	1.000	0.957	-0.112
