0.010	0.000	-0.049	-0.112
0.020	0.000	-0.054	-0.112
0.030	0.000	-0.054	-0.112
0.040	0.000	-0.049	-0.112
0.050	0.000	-0.049	-0.107
0.060	0.000	-0.049	-0.112
0.070	1.000	-0.054	-0.112
0.080	1.000	-0.039	-1.104
0.090	1.000	0.024	-2.643
0.100	1.000	0.137	-4.099
0.110	1.000	0.264	-4.919
0.120	1.000	0.415	-5.481
0.130	1.000	0.567	-5.359
0.140	1.000	0.718	-5.066
0.150	1.000	0.879	-4.343
0.160	1.000	1.001	-3.337
0.170	1.000	1.080	-2.316
0.180	1.000	1.138	-1.558
0.190	1.000	1.168	-0.542
0.200	1.000	1.168	0.215
0.210	1.000	1.158	0.513
0.220	1.000	1.133	0.723
0.230	1.000	1.099	0.796
0.240	1.000	1.075	0.830
0.250	1.000	1.050	0.708
0.260	1.000	1.026	0.498
0.270	1.000	1.011	0.391
0.280	1.000	0.987	0.293
0.290	1.000	0.977	0.112
0.300	1.000	0.977	-0.088
0.310	1.000	0.977	-0.112
0.320	1.000	0.977	-0.112
0.330	1.000	0.977	-0.112
0.340	1.000	0.977	-0.112
0.350	1.000	0.977	-0.112
0.360	1.000	0.977	-0.112
0.370	1.000	0.972	-0.117
0.380	1.000	0.972	-0.112
0.390	1.000	0.977	-0.117
0.400	1.000	0.977	-0.112
0.410	1.000	0.977	-0.112
0.420	1.000	0.977	-0.112
0.430	1.000	0.972	-0.107
0.440	1.000	0.977	-0.112
0.450	1.000	0.972	-0.112
0.460	1.000	0.972	-0.112
0.470	1.000	0.972	-0.112
0.480	1.000	0.977	-0.112
0.490	1.000	0.977	-0.117
0.500	1.000	0.977	-0.117
0.510	1.000	0.977	-0.117
0.520	1.000	0.977	-0.112
0.530	1.000	0.977	-0.112
0.540	1.000	0.977	-0.112
0.550	1.000	0.977	-0.107
0.560	1.000	0.977	-0.117
0.570	1.000	0.977	-0.112
0.580	1.000	0.977	-0.112
0.590	1.000	0.977	-0.112
0.600	1.000	0.972	-0.112
0.610	1.000	0.977	-0.112
0.620	1.000	0.977	-0.112
0.630	1.000	0.977	-0.112
0.640	1.000	0.977	-0.112
0.650	1.000	0.977	-0.112
0.660	1.000	0.977	-0.112
0.670	1.000	0.977	-0.112
0.680	1.000	0.977	-0.112
0.690	1.000	0.972	-0.112
0.700	1.000	0.972	-0.112
0.710	1.000	0.972	-0.117
0.720	1.000	0.977	-0.112
0.730	1.000	0.977	-0.117
0.740	1.000	0.977	-0.112
0.750	1.000	0.977	-0.112
0.760	1.000	0.972	-0.112
0.770	1.000	0.977	-0.112
0.780	1.000	0.977	-0.112
0.790	1.000	0.977	-0.112
0.800	1.000	0.977	-0.107
0.810	1.000	0.972	-0.117
0.820	1.000	0.977	-0.112
0.830	1.000	0.977	-0.112
0.840	1.000	0.977	-0.112
0.850	1.000	0.977	-0.117
0.860	1.000	0.977	-0.117
0.870	1.000	0.977	-0.112
0.880	1.000	0.977	-0.112
0.890	1.000	0.977	-0.112
0.900	1.000	0.977	-0.112
0.910	1.000	0.977	-0.112
0.920	1.000	0.977	-0.107
0.930	1.000	0.977	-0.112
0.940	1.000	0.977	-0.117
0.950	1.000	0.972	-0.112
0.960	1.000	0.977	-0.112
0.970	1.000	0.977	-0.112
0.980	1.000	0.977	-0.107
0.990	1.000	0.977	-0.112
1.000	1.000	0.977	-0.112
1.010	1.000	0.977	-0.112
1.020	1.000	0.977	-0.112
1.030	1.000	0.977	-0.112
1.040	1.000	0.977	-0.112
1.050	1.000	0.972	-0.112
1.060	1.000	0.977	-0.117
1.070	1.000	0.977	-0.112
1.080	1.000	0.977	-0.117
1.090	1.000	0.977	-0.112
1.100	1.000	0.977	-0.112
1.110	1.000	0.977	-0.117
1.120	0.000	0.977	-0.117
1.130	0.000	0.972	0.928
1.140	0.000	0.909	2.706
1.150	0.000	0.791	4.021
1.160	0.000	0.635	4.846
1.170	0.000	0.503	5.408
1.180	0.000	0.332	5.227
1.190	0.000	0.156	4.729
1.200	0.000	0.024	3.869
1.210	0.000	-0.093	3.029
1.220	0.000	-0.171	1.964
1.230	0.000	-0.225	0.889
1.240	0.000	-0.234	0.078
1.250	0.000	-0.239	-0.518
1.260	0.000	-0.215	-0.845
1.270	0.000	-0.186	-1.031
1.280	0.000	-0.156	-1.041
1.290	0.000	-0.132	-0.997
1.300	0.000	-0.107	-0.904
1.310	0.000	-0.083	-0.733
1.320	0.000	-0.068	-0.537
1.330	0.000	-0.059	-0.376
1.340	0.000	-0.049	-0.234
1.350	0.000	-0.049	-0.142
1.360	0.000	-0.049	-0.112
1.370	0.000	-0.044	-0.112
1.380	0.000	-0.049	-0.112
1.390	0.000	-0.049	-0.112
1.400	0.000	-0.049	-0.112
1.410	0.000	-0.049	-0.117
1.420	0.000	-0.049	-0.112
1.430	0.000	-0.049	-0.112
1.440	0.000	-0.049	-0.117
1.450	0.000	-0.049	-0.117
1.460	0.000	-0.044	-0.112
1.470	0.000	-0.049	-0.112
1.480	0.000	-0.049	-0.112
1.490	0.000	-0.049	-0.112
1.500	0.000	-0.049	-0.112
1.510	0.000	-0.044	-0.112
1.520	0.000	-0.049	-0.112
1.530	0.000	-0.049	-0.112
1.540	0.000	-0.049	-0.112
1.550	0.000	-0.049	-0.117
1.560	0.000	-0.049	-0.112
1.570	0.000	-0.049	-0.112
1.580	0.000	-0.049	-0.112
1.590	0.000	-0.049	-0.112
1.600	0.000	-0.049	-0.117
1.610	0.000	-0.054	-0.112
1.620	0.000	-0.049	-0.112
1.630	0.000	-0.049	-0.112
1.640	0.000	-0.049	-0.112
1.650	0.000	-0.049	-0.112
1.660	0.000	-0.049	-0.112
1.670	0.000	-0.049	-0.112
1.680	0.000	-0.049	-0.117
1.690	0.000	-0.049	-0.117
1.700	0.000	-0.049	-0.112
1.710	0.000	-0.044	-0.112
1.720	0.000	-0.049	-0.117
1.730	0.000	-0.044	-0.112
1.740	0.000	-0.049	-0.112
1.750	0.000	-0.049	-0.112
1.760	0.000	-0.049	-0.112
1.770	0.000	-0.049	-0.112
1.780	0.000	-0.044	-0.112
1.790	0.000	-0.049	-0.107
1.800	0.000	-0.049	-0.112
1.810	0.000	-0.049	-0.112
1.820	0.000	-0.044	-0.112
1.830	0.000	-0.049	-0.103
1.840	0.000	-0.049	-0.112
1.850	0.000	-0.049	-0.117
1.860	0.000	-0.049	-0.112
1.870	0.000	-0.044	-0.112
1.880	0.000	-0.049	-0.107
1.890	0.000	-0.049	-0.112
1.900	0.000	-0.049	-0.112
1.910	0.000	-0.049	-0.112
1.920	0.000	-0.044	-0.112
1.930	0.000	-0.049	-0.112
1.940	0.000	-0.049	-0.117
1.950	0.000	-0.049	-0.112
1.960	0.000	-0.049	-0.112
1.970	0.000	-0.049	-0.112
1.980	0.000	-0.049	-0.112
1.990	0.000	-0.049	-0.112
2.000	0.000	-0.049	-0.112
2.010	0.000	-0.054	-0.112
2.020	0.000	-0.049	-0.112
2.030	0.000	-0.049	-0.117
2.040	0.000	-0.044	-0.107
2.050	0.000	-0.049	-0.112
2.060	0.000	-0.044	-0.112
2.070	0.000	-0.049	-0.117
2.080	0.000	-0.049	-0.117
2.090	0.000	-0.049	-0.112
2.100	0.000	-0.049	-0.117
2.110	0.000	-0.044	-0.112
2.120	0.000	-0.044	-0.117
2.130	0.000	-0.049	-0.112
2.140	0.000	-0.049	-0.112
2.150	0.000	-0.049	-0.107
2.160	1.000	-0.049	-0.112
2.170	1.000	-0.029	-1.676
2.180	1.000	0.044	-3.205
2.190	1.000	0.151	-4.182
2.200	1.000	0.293	-5.076
2.210	1.000	0.440	-5.540
2.220	1.000	0.591	-5.467
2.230	1.000	0.747	-5.129
2.240	1.000	0.904	-4.206
2.250	1.000	1.026	-3.102
2.260	1.000	1.099	-2.106
2.270	1.000	1.153	-1.182
2.280	1.000	1.168	-0.386
2.290	1.000	1.168	0.234
2.300	1.000	1.153	0.601
2.310	1.000	1.133	0.743
2.320	1.000	1.099	0.796
2.330	1.000	1.065	0.806
2.340	1.000	1.041	0.664
2.350	1.000	1.026	0.484
2.360	1.000	1.006	0.376
2.370	1.000	0.987	0.234
2.380	1.000	0.977	0.068
2.390	1.000	0.977	-0.078
2.400	1.000	0.977	-0.112
2.410	1.000	0.977	-0.112
2.420	1.000	0.977	-0.112
2.430	1.000	0.977	-0.112
2.440	1.000	0.977	-0.112
2.450	1.000	0.977	-0.112
2.460	1.000	0.977	-0.112
2.470	1.000	0.977	-0.112
2.480	1.000	0.977	-0.112
2.490	1.000	0.977	-0.112
2.500	1.000	0.977	-0.112
2.510	1.000	0.977	-0.112
2.520	1.000	0.977	-0.112
2.530	1.000	0.977	-0.117
2.540	1.000	0.977	-0.112
2.550	1.000	0.977	-0.112
2.560	1.000	0.977	-0.112
2.570	1.000	0.977	-0.117
2.580	1.000	0.977	-0.117
2.590	1.000	0.977	-0.112
2.600	1.000	0.977	-0.112
2.610	1.000	0.977	-0.117
2.620	1.000	0.977	-0.112
2.630	1.000	0.977	-0.107
2.640	1.000	0.977	-0.112
2.650	1.000	0.972	-0.112
2.660	1.000	0.977	-0.112
2.670	1.000	0.977	-0.112
2.680	1.000	0.977	-0.112
2.690	1.000	0.977	-0.112
2.700	1.000	0.977	-0.117
2.710	1.000	0.977	-0.117
2.720	1.000	0.977	-0.112
2.730	1.000	0.977	-0.112
2.740	1.000	0.977	-0.112
2.750	1.000	0.977	-0.112
2.760	1.000	0.977	-0.112
2.770	1.000	0.977	-0.117
2.780	1.000	0.977	-0.112
2.790	1.000	0.977	-0.112
2.800	1.000	0.977	-0.112
2.810	1.000	0.977	-0.107
2.820	1.000	0.977	-0.107
2.830	1.000	0.977	-0.107
2.840	1.000	0.977	-0.112
2.850	1.000	0.977	-0.117
2.860	1.000	0.977	-0.117
2.870	1.000	0.977	-0.112
2.880	1.000	0.977	-0.107
2.890	1.000	0.977	-0.112
2.900	1.000	0.977	-0.112
2.910	1.000	0.977	-0.112
2.920	1.000	0.972	-0.112
2.930	1.000	0.977	-0.112
2.940	1.000	0.977	-0.117
2.950	1.000	0.977	-0.112
2.960	1.000	0.972	-0.112
2.970	1.000	0.977	-0.112
2.980	1.000	0.972	-0.107
2.990	1.000	0.977	-0.112
3.000	1.000	0.977	-0.112
3.010	1.000	0.972	-0.112
3.020	1.000	0.977	-0.112
3.030	1.000	0.977	-0.112
3.040	1.000	0.977	-0.112
3.050	1.000	0.972	-0.112
3.060	1.000	0.977	-0.112
3.070	1.000	0.977	-0.112
3.080	1.000	0.977	-0.112
3.090	1.000	0.977	-0.112
3.100	1.000	0.977	-0.112
3.110	1.000	0.977	-0.107
3.120	1.000	0.977	-0.112
3.130	1.000	0.977	-0.112
3.140	1.000	0.977	-0.112
3.150	1.000	0.977	-0.112
3.160	1.000	0.977	-0.112
3.170	1.000	0.977	-0.112
3.180	1.000	0.977	-0.112
3.190	1.000	0.977	-0.112
3.200	1.000	0.977	-0.112
3.210	0.000	0.977	-0.112
3.220	0.000	0.957	1.470
3.230	0.000	0.879	3.127
3.240	0.000	0.767	4.314
3.250	0.000	0.620	5.032
3.260	0.000	0.454	5.467
3.270	0.000	0.288	5.256
3.280	0.000	0.142	4.739
3.290	0.000	0.005	3.864
3.300	0.000	-0.098	3.029
3.310	0.000	-0.171	1.954
3.320	0.000	-0.225	0.757
3.330	0.000	-0.239	-0.059
3.340	0.000	-0.234	-0.586
3.350	0.000	-0.210	-0.894
3.360	0.000	-0.181	-1.045
3.370	0.000	-0.156	-1.045
3.380	0.000	-0.132	-0.992
3.390	0.000	-0.098	-0.879
3.400	0.000	-0.078	-0.708
3.410	0.000	-0.064	-0.513
3.420	0.000	-0.054	-0.342
3.430	0.000	-0.054	-0.205
3.440	0.000	-0.049	-0.127
3.450	0.000	-0.044	-0.117
3.460	0.000	-0.049	-0.112
3.470	0.000	-0.049	-0.117
3.480	0.000	-0.044	-0.112
3.490	0.000	-0.049	-0.112
3.500	0.000	-0.044	-0.112
3.510	0.000	-0.049	-0.112
3.520	0.000	-0.049	-0.117
3.530	0.000	-0.049	-0.112
3.540	0.000	-0.044	-0.112
3.550	0.000	-0.049	-0.117
3.560	0.000	-0.049	-0.117
3.570	0.000	-0.049	-0.112
3.580	0.000	-0.044	-0.117
3.590	0.000	-0.049	-0.112
3.600	0.000	-0.049	-0.112
3.610	0.000	-0.044	-0.117
3.620	0.000	-0.049	-0.112
3.630	0.000	-0.049	-0.112
3.640	0.000	-0.049	-0.112
3.650	0.000	-0.049	-0.112
3.660	0.000	-0.049	-0.112
3.670	0.000	-0.049	-0.112
3.680	0.000	-0.049	-0.117
3.690	0.000	-0.044	-0.112
3.700	0.000	-0.049	-0.117
3.710	0.000	-0.049	-0.117
3.720	0.000	-0.049	-0.112
3.730	0.000	-0.049	-0.112
3.740	0.000	-0.049	-0.112
3.750	0.000	-0.049	-0.112
3.760	0.000	-0.049	-0.107
3.770	0.000	-0.049	-0.117
3.780	0.000	-0.049	-0.112
3.790	0.000	-0.044	-0.112
3.800	0.000	-0.044	-0.112
3.810	0.000	-0.049	-0.112
3.820	0.000	-0.049	-0.112
3.830	0.000	-0.044	-0.112
3.840	0.000	-0.049	-0.112
3.850	0.000	-0.049	-0.112
3.860	0.000	-0.049	-0.117
3.870	0.000	-0.049	-0.112
3.880	0.000	-0.049	-0.112
3.890	0.000	-0.049	-0.117
3.900	0.000	-0.049	-0.112
3.910	0.000	-0.049	-0.112
3.920	0.000	-0.044	-0.112
3.930	0.000	-0.049	-0.107
3.940	0.000	-0.049	-0.112
3.950	0.000	-0.044	-0.112
3.960	0.000	-0.049	-0.112
3.970	0.000	-0.049	-0.112
3.980	0.000	-0.044	-0.112
3.990	0.000	-0.049	-0.117
4.000	0.000	-0.049	-0.112
4.010	0.000	-0.049	-0.107
4.020	0.000	-0.049	-0.117
4.030	0.000	-0.044	-0.112
4.040	0.000	-0.049	-0.112
4.050	0.000	-0.049	-0.112
4.060	0.000	-0.049	-0.112
4.070	0.000	-0.044	-0.107
4.080	0.000	-0.044	-0.112
4.090	0.000	-0.049	-0.112
4.100	0.000	-0.049	-0.112
4.110	0.000	-0.049	-0.112
4.120	0.000	-0.049	-0.112
4.130	0.000	-0.049	-0.117
4.140	0.000	-0.044	-0.112
4.150	0.000	-0.049	-0.107
4.160	0.000	-0.049	-0.112
4.170	0.000	-0.049	-0.112
4.180	0.000	-0.049	-0.117
4.190	0.000	-0.049	-0.112
4.200	0.000	-0.049	-0.112
4.210	0.000	-0.049	-0.112
4.220	0.000	-0.044	-0.112
4.230	0.000	-0.049	-0.112
4.240	0.000	-0.044	-0.112
4.250	0.000	-0.044	-0.112
4.260	1.000	-0.044	-0.112
4.270	1.000	-0.024	-1.724
4.280	1.000	0.044	-3.224
4.290	1.000	0.151	-4.191
4.300	1.000	0.293	-5.085
4.310	1.000	0.449	-5.525
4.320	1.000	0.591	-5.462
4.330	1.000	0.747	-5.115
4.340	1.000	0.904	-4.196
4.350	1.000	1.001	-3.327
4.360	1.000	1.085	-2.277
4.370	1.000	1.148	-1.202
4.380	1.000	1.168	-0.259
4.390	1.000	1.172	0.215
4.400	1.000	1.158	0.562
4.410	1.000	1.128	0.772
4.420	1.000	1.099	0.816
4.430	1.000	1.065	0.826
4.440	1.000	1.041	0.660
4.450	1.000	1.026	0.484
4.460	1.000	1.011	0.371
4.470	1.000	0.982	0.239
4.480	1.000	0.977	0.098
4.490	1.000	0.977	-0.078
4.500	1.000	0.977	-0.112
4.510	1.000	0.977	-0.112
4.520	1.000	0.977	-0.112
4.530	1.000	0.972	-0.117
4.540	1.000	0.977	-0.107
4.550	1.000	0.977	-0.112
4.560	1.000	0.977	-0.112
4.570	1.000	0.977	-0.117
4.580	1.000	0.977	-0.112
4.590	1.000	0.977	-0.112
4.600	1.000	0.977	-0.112
4.610	1.000	0.977	-0.112
4.620	1.000	0.977	-0.112
4.630	1.000	0.977	-0.112
4.640	1.000	0.977	-0.117
4.650	1.000	0.972	-0.117
4.660	1.000	0.977	-0.112
4.670	1.000	0.977	-0.112
4.680	1.000	0.977	-0.112
4.690	1.000	0.977	-0.112
4.700	1.000	0.977	-0.112
4.710	1.000	0.972	-0.117
4.720	1.000	0.977	-0.112
4.730	1.000	0.977	-0.112
4.740	1.000	0.977	-0.112
4.750	1.000	0.977	-0.112
4.760	1.000	0.977	-0.112
4.770	1.000	0.977	-0.112
4.780	1.000	0.977	-0.112
4.790	1.000	0.977	-0.112
4.800	1.000	0.977	-0.112
4.810	1.000	0.977	-0.107
4.820	1.000	0.977	-0.112
4.830	1.000	0.977	-0.112
4.840	1.000	0.977	-0.112
4.850	1.000	0.977	-0.112
4.860	1.000	0.977	-0.107
4.870	1.000	0.977	-0.112
4.880	1.000	0.977	-0.117
4.890	1.000	0.977	-0.107
4.900	1.000	0.972	-0.112
4.910	1.000	0.977	-0.112
4.920	1.000	0.977	-0.117
4.930	1.000	0.977	-0.117
4.940	1.000	0.977	-0.117
4.950	1.000	0.977	-0.107
4.960	1.000	0.977	-0.112
4.970	1.000	0.977	-0.112
4.980	1.000	0.977	-0.112
4.990	1.000	0.977	-0.117
5.000	1.000	0.977	-0.112
5.010	1.000	0.977	-0.112
5.020	1.000	0.977	-0.117
5.030	1.000	0.977	-0.112
5.040	1.000	0.977	-0.107
5.050	1.000	0.977	-0.112
5.060	1.000	0.977	-0.112
5.070	1.000	0.972	-0.107
5.080	1.000	0.977	-0.112
5.090	1.000	0.977	-0.112
5.100	1.000	0.977	-0.117
5.110	1.000	0.977	-0.117
5.120	1.000	0.977	-0.112
5.130	1.000	0.977	-0.112
5.140	1.000	0.977	-0.112
5.150	1.000	0.977	-0.112
5.160	1.000	0.977	-0.117
5.170	1.000	0.977	-0.117
5.180	1.000	0.977	-0.117
5.190	1.000	0.977	-0.107
5.200	1.000	0.977	-0.107
5.210	1.000	0.977	-0.112
5.220	1.000	0.977	-0.112
5.230	1.000	0.977	-0.112
5.240	1.000	0.972	-0.107
5.250	1.000	0.977	-0.107
5.260	1.000	0.977	-0.107
5.270	1.000	0.977	-0.112
5.280	1.000	0.977	-0.117
5.290	1.000	0.977	-0.112
5.300	1.000	0.977	-0.117
5.310	0.000	0.977	-0.112
5.320	0.000	0.967	1.216
5.330	0.000	0.914	2.658
5.340	0.000	0.806	3.957
5.350	0.000	0.645	4.871
5.360	0.000	0.474	5.310
5.370	0.000	0.337	5.291
5.380	0.000	0.191	4.753
5.390	0.000	0.024	3.894
5.400	0.000	-0.083	3.175
5.410	0.000	-0.161	2.096
5.420	0.000	-0.215	1.031
5.430	0.000	-0.239	0.093
5.440	0.000	-0.239	-0.518
5.450	0.000	-0.215	-0.865
5.460	0.000	-0.186	-1.036
5.470	0.000	-0.161	-1.060
5.480	0.000	-0.132	-0.997
5.490	0.000	-0.103	-0.894
5.500	0.000	-0.088	-0.757
5.510	0.000	-0.073	-0.567
5.520	0.000	-0.054	-0.391
5.530	0.000	-0.049	-0.244
5.540	0.000	-0.049	-0.137
5.550	0.000	-0.044	-0.112
5.560	0.000	-0.049	-0.112
5.570	0.000	-0.044	-0.107
5.580	0.000	-0.044	-0.112
5.590	0.000	-0.044	-0.112
5.600	0.000	-0.049	-0.112
5.610	0.000	-0.049	-0.112
5.620	0.000	-0.049	-0.117
5.630	0.000	-0.049	-0.112
5.640	0.000	-0.044	-0.112
5.650	0.000	-0.049	-0.107
5.660	0.000	-0.044	-0.112
5.670	0.000	-0.044	-0.112
5.680	0.000	-0.044	-0.112
5.690	0.000	-0.044	-0.107
5.700	0.000	-0.049	-0.107
5.710	0.000	-0.044	-0.107
5.720	0.000	-0.044	-0.112
5.730	0.000	-0.044	-0.112
5.740	0.000	-0.044	-0.112
5.750	0.000	-0.049	-0.112
5.760	0.000	-0.044	-0.112
5.770	0.000	-0.044	-0.112
5.780	0.000	-0.049	-0.112
5.790	0.000	-0.044	-0.112
5.800	0.000	-0.049	-0.112
5.810	0.000	-0.049	-0.112
5.820	0.000	-0.044	-0.112
5.830	0.000	-0.049	-0.107
5.840	0.000	-0.049	-0.112
5.850	0.000	-0.044	-0.117
5.860	0.000	-0.044	-0.117
5.870	0.000	-0.049	-0.107
5.880	0.000	-0.049	-0.112
5.890	0.000	-0.049	-0.112
5.900	0.000	-0.044	-0.112
5.910	0.000	-0.044	-0.117
5.920	0.000	-0.044	-0.112
5.930	0.000	-0.044	-0.112
5.940	0.000	-0.044	-0.112
5.950	0.000	-0.049	-0.112
5.960	0.000	-0.049	-0.117
5.970	0.000	-0.044	-0.112
5.980	0.000	-0.049	-0.117
5.990	0.000	-0.049	-0.112
6.000	0.000	-0.044	-0.112
6.010	0.000	-0.044	-0.117
6.020	0.000	-0.049	-0.117
6.030	0.000	-0.044	-0.112
6.040	0.000	-0.044	-0.107
6.050	0.000	-0.044	-0.112
6.060	0.000	-0.044	-0.112
6.070	0.000	-0.049	-0.112
6.080	0.000	-0.044	-0.112
6.090	0.000	-0.044	-0.112
6.100	0.000	-0.044	-0.112
6.110	0.000	-0.044	-0.112
6.120	0.000	-0.049	-0.112
6.130	0.000	-0.044	-0.112
6.140	0.000	-0.044	-0.112
6.150	0.000	-0.049	-0.112
6.160	0.000	-0.049	-0.112
6.170	0.000	-0.044	-0.112
6.180	0.000	-0.044	-0.112
6.190	0.000	-0.044	-0.112
6.200	0.000	-0.044	-0.112
6.210	0.000	-0.044	-0.112
6.220	0.000	-0.044	-0.112
6.230	0.000	-0.049	-0.117
6.240	0.000	-0.044	-0.112
6.250	0.000	-0.049	-0.112
6.260	0.000	-0.049	-0.117
6.270	0.000	-0.044	-0.112
6.280	0.000	-0.044	-0.107
6.290	0.000	-0.044	-0.107
6.300	0.000	-0.044	-0.112
6.310	0.000	-0.049	-0.112
6.320	0.000	-0.044	-0.117
6.330	0.000	-0.049	-0.112
6.340	0.000	-0.044	-0.112
6.350	1.000	-0.049	-0.112
6.360	1.000	-0.024	-1.671
6.370	1.000	0.034	-2.941
6.380	1.000	0.142	-4.104
6.390	1.000	0.288	-5.061
6.400	1.000	0.420	-5.520
6.410	1.000	0.591	-5.442
6.420	1.000	0.767	-4.958
6.430	1.000	0.904	-4.250
6.440	1.000	1.026	-3.112
6.450	1.000	1.089	-2.277
6.460	1.000	1.143	-1.363
6.470	1.000	1.168	-0.230
6.480	1.000	1.172	0.225
6.490	1.000	1.158	0.572
6.500	1.000	1.128	0.782
6.510	1.000	1.094	0.850
6.520	1.000	1.060	0.821
6.530	1.000	1.041	0.664
6.540	1.000	1.021	0.484
6.550	1.000	1.001	0.386
6.560	1.000	0.982	0.220
6.570	1.000	0.977	0.064
6.580	1.000	0.977	-0.112
6.590	1.000	0.972	-0.112
6.600	1.000	0.977	-0.107
6.610	1.000	0.977	-0.112
6.620	1.000	0.977	-0.112
6.630	1.000	0.977	-0.112
6.640	1.000	0.972	-0.112
6.650	1.000	0.972	-0.112
6.660	1.000	0.972	-0.112
6.670	1.000	0.972	-0.112
6.680	1.000	0.972	-0.112
6.690	1.000	0.977	-0.112
6.700	1.000	0.977	-0.112
6.710	1.000	0.972	-0.112
6.720	1.000	0.972	-0.112
6.730	1.000	0.972	-0.117
6.740	1.000	0.972	-0.112
6.750	1.000	0.977	-0.112
6.760	1.000	0.972	-0.112
6.770	1.000	0.977	-0.112
6.780	1.000	0.972	-0.112
6.790	1.000	0.977	-0.112
6.800	1.000	0.972	-0.112
6.810	1.000	0.972	-0.107
6.820	1.000	0.977	-0.112
6.830	1.000	0.977	-0.112
6.840	1.000	0.977	-0.117
6.850	1.000	0.977	-0.112
6.860	1.000	0.972	-0.112
6.870	1.000	0.972	-0.112
6.880	1.000	0.977	-0.117
6.890	1.000	0.972	-0.117
6.900	1.000	0.972	-0.112
6.910	1.000	0.977	-0.112
6.920	1.000	0.972	-0.117
6.930	1.000	0.972	-0.112
6.940	1.000	0.972	-0.117
6.950	1.000	0.977	-0.112
6.960	1.000	0.977	-0.112
6.970	1.000	0.972	-0.112
6.980	1.000	0.977	-0.112
6.990	1.000	0.972	-0.107
7.000	1.000	0.972	-0.112
7.010	1.000	0.972	-0.112
7.020	1.000	0.972	-0.112
7.030	1.000	0.972	-0.117
7.040	1.000	0.977	-0.112
7.050	1.000	0.972	-0.107
7.060	1.000	0.972	-0.117
7.070	1.000	0.972	-0.112
7.080	1.000	0.977	-0.112
7.090	1.000	0.972	-0.112
7.100	1.000	0.972	-0.112
7.110	1.000	0.977	-0.112
7.120	1.000	0.977	-0.112
7.130	1.000	0.972	-0.112
7.140	1.000	0.972	-0.112
7.150	1.000	0.972	-0.112
7.160	1.000	0.972	-0.107
7.170	1.000	0.977	-0.112
7.180	1.000	0.977	-0.112
7.190	1.000	0.977	-0.107
7.200	1.000	0.972	-0.112
7.210	1.000	0.972	-0.112
7.220	1.000	0.977	-0.112
7.230	1.000	0.972	-0.112
7.240	1.000	0.972	-0.112
7.250	1.000	0.977	-0.112
7.260	1.000	0.977	-0.112
7.270	1.000	0.977	-0.107
7.280	1.000	0.972	-0.107
7.290	1.000	0.972	-0.112
7.300	1.000	0.972	-0.117
7.310	1.000	0.972	-0.117
7.320	1.000	0.972	-0.112
7.330	1.000	0.972	-0.107
7.340	1.000	0.972	-0.117
7.350	1.000	0.972	-0.112
7.360	1.000	0.972	-0.112
7.370	1.000	0.977	-0.112
7.380	1.000	0.972	-0.112
7.390	1.000	0.972	-0.112
7.400	0.000	0.972	-0.112
7.410	0.000	0.957	1.246
7.420	0.000	0.909	2.706
7.430	0.000	0.806	3.947
7.440	0.000	0.640	4.827
7.450	0.000	0.503	5.418
7.460	0.000	0.332	5.232
7.470	0.000	0.147	4.768
7.480	0.000	0.034	4.133
7.490	0.000	-0.083	3.107
7.500	0.000	-0.171	1.905
7.510	0.000	-0.220	0.830
7.520	0.000	-0.234	0.073
7.530	0.000	-0.234	-0.523
7.540	0.000	-0.215	-0.855
7.550	0.000	-0.186	-1.031
7.560	0.000	-0.161	-1.050
7.570	0.000	-0.132	-1.001
7.580	0.000	-0.107	-0.923
7.590	0.000	-0.083	-0.743
7.600	0.000	-0.064	-0.552
7.610	0.000	-0.054	-0.386
7.620	0.000	-0.049	-0.274
7.630	0.000	-0.044	-0.171
7.640	0.000	-0.044	-0.112
7.650	0.000	-0.039	-0.112
7.660	0.000	-0.044	-0.112
7.670	0.000	-0.044	-0.117
7.680	0.000	-0.039	-0.112
7.690	0.000	-0.044	-0.112
7.700	0.000	-0.044	-0.112
7.710	0.000	-0.044	-0.112
7.720	0.000	-0.044	-0.107
7.730	0.000	-0.044	-0.112
7.740	0.000	-0.039	-0.112
7.750	0.000	-0.044	-0.112
7.760	0.000	-0.044	-0.112
7.770	0.000	-0.044	-0.112
7.780	0.000	-0.044	-0.117
7.790	0.000	-0.044	-0.112
7.800	0.000	-0.044	-0.112
7.810	0.000	-0.044	-0.112
7.820	0.000	-0.039	-0.112
7.830	0.000	-0.044	-0.117
7.840	0.000	-0.044	-0.117
7.850	0.000	-0.044	-0.117
7.860	0.000	-0.044	-0.117
7.870	0.000	-0.044	-0.117
7.880	0.000	-0.044	-0.117
7.890	0.000	-0.044	-0.112
7.900	0.000	-0.039	-0.112
7.910	0.000	-0.044	-0.112
7.920	0.000	-0.044	-0.117
7.930	0.000	-0.044	-0.112
7.940	0.000	-0.044	-0.112
7.950	0.000	-0.044	-0.107
7.960	0.000	-0.044	-0.112
7.970	0.000	-0.044	-0.112
7.980	0.000	-0.039	-0.117
7.990	0.000	-0.044	-0.112
8.000	0.000	-0.044	-0.112
8.010	0.000	-0.039	-0.117
8.020	0.000	-0.044	-0.112
8.030	0.000	-0.044	-0.112
8.040	0.000	-0.044	-0.112
8.050	0.000	-0.044	-0.112
8.060	0.000	-0.044	-0.112
8.070	0.000	-0.044	-0.112
8.080	0.000	-0.044	-0.107
8.090	0.000	-0.044	-0.112
8.100	0.000	-0.039	-0.112
8.110	0.000	-0.044	-0.117
8.120	0.000	-0.039	-0.112
8.130	0.000	-0.044	-0.112
8.140	0.000	-0.044	-0.112
8.150	0.000	-0.039	-0.112
8.160	0.000	-0.044	-0.112
8.170	0.000	-0.044	-0.107
8.180	0.000	-0.044	-0.112
8.190	0.000	-0.044	-0.117
8.200	0.000	-0.039	-0.112
8.210	0.000	-0.044	-0.112
8.220	0.000	-0.044	-0.112
8.230	0.000	-0.039	-0.112
8.240	0.000	-0.044	-0.112
8.250	0.000	-0.044	-0.112
8.260	0.000	-0.044	-0.112
8.270	0.000	-0.044	-0.112
8.280	0.000	-0.044	-0.112
8.290	0.000	-0.044	-0.112
8.300	0.000	-0.044	-0.112
8.310	0.000	-0.044	-0.107
8.320	0.000	-0.044	-0.112
8.330	0.000	-0.044	-0.112
8.340	0.000	-0.044	-0.112
8.350	0.000	-0.039	-0.117
8.360	0.000	-0.044	-0.117
8.370	0.000	-0.044	-0.112
8.380	0.000	-0.044	-0.117
8.390	0.000	-0.044	-0.112
8.400	0.000	-0.039	-0.117
8.410	0.000	-0.044	-0.112
8.420	0.000	-0.044	-0.112
8.430	0.000	-0.039	-0.117
8.440	0.000	-0.044	-0.112
8.450	1.000	-0.044	-0.112
8.460	1.000	-0.020	-1.676
8.470	1.000	0.049	-3.234
8.480	1.000	0.142	-4.118
8.490	1.000	0.278	-4.998
8.500	1.000	0.445	-5.506
8.510	1.000	0.606	-5.413
8.520	1.000	0.762	-5.022
8.530	1.000	0.904	-4.128
8.540	1.000	1.016	-3.092
8.550	1.000	1.089	-2.145
8.560	1.000	1.143	-1.168
8.570	1.000	1.163	-0.337
8.580	1.000	1.163	0.249
8.590	1.000	1.138	0.630
8.600	1.000	1.128	0.738
8.610	1.000	1.080	0.850
8.620	1.000	1.060	0.821
8.630	1.000	1.041	0.669
8.640	1.000	1.021	0.459
8.650	1.000	0.997	0.371
8.660	1.000	0.982	0.234
8.670	1.000	0.972	0.034
8.680	1.000	0.972	-0.127
8.690	1.000	0.972	-0.112
8.700	1.000	0.972	-0.112
8.710	1.000	0.977	-0.117
8.720	1.000	0.972	-0.112
8.730	1.000	0.972	-0.112
8.740	1.000	0.972	-0.112
8.750	1.000	0.972	-0.112
8.760	1.000	0.972	-0.112
8.770	1.000	0.972	-0.112
8.780	1.000	0.972	-0.112
8.790	1.000	0.972	-0.112
8.800	1.000	0.972	-0.107
8.810	1.000	0.977	-0.112
8.820	1.000	0.972	-0.112
8.830	1.000	0.972	-0.112
8.840	1.000	0.972	-0.112
8.850	1.000	0.972	-0.112
8.860	1.000	0.972	-0.112
8.870	1.000	0.972	-0.112
8.880	1.000	0.972	-0.112
8.890	1.000	0.972	-0.112
8.900	1.000	0.972	-0.112
8.910	1.000	0.972	-0.112
8.920	1.000	0.972	-0.117
8.930	1.000	0.972	-0.112
8.940	1.000	0.972	-0.112
8.950	1.000	0.972	-0.112
8.960	1.000	0.972	-0.112
8.970	1.000	0.972	-0.107
8.980	1.000	0.972	-0.112
8.990	1.000	0.972	-0.112
9.000	1.000	0.972	-0.112
9.010	1.000	0.972	-0.112
9.020	1.000	0.972	-0.107
9.030	1.000	0.972	-0.112
9.040	1.000	0.977	-0.112
9.050	1.000	0.972	-0.112
9.060	1.000	0.977	-0.107
9.070	1.000	0.972	-0.112
9.080	1.000	0.972	-0.112
9.090	1.000	0.977	-0.112
9.100	1.000	0.972	-0.112
9.110	1.000	0.972	-0.117
9.120	1.000	0.972	-0.117
9.130	1.000	0.972	-0.112
9.140	1.000	0.972	-0.112
9.150	1.000	0.972	-0.107
9.160	1.000	0.972	-0.112
9.170	1.000	0.972	-0.112
9.180	1.000	0.977	-0.112
9.190	1.000	0.972	-0.112
9.200	1.000	0.977	-0.112
9.210	1.000	0.972	-0.112
9.220	1.000	0.972	-0.112
9.230	1.000	0.977	-0.112
9.240	1.000	0.972	-0.112
9.250	1.000	0.972	-0.112
9.260	1.000	0.972	-0.112
9.270	1.000	0.972	-0.112
9.280	1.000	0.972	-0.112
9.290	1.000	0.972	-0.117
9.300	1.000	0.972	-0.112
9.310	1.000	0.972	-0.112
9.320	1.000	0.972	-0.112
9.330	1.000	0.972	-0.112
9.340	1.000	0.972	-0.112
9.350	1.000	0.972	-0.117
9.360	1.000	0.977	-0.112
9.370	1.000	0.972	-0.112
9.380	1.000	0.977	-0.107
9.390	1.000	0.972	-0.112
9.400	1.000	0.972	-0.107
9.410	1.000	0.972	-0.107
9.420	1.000	0.972	-0.112
9.430	1.000	0.972	-0.112
9.440	1.000	0.972	-0.107
9.450	1.000	0.972	-0.112
9.460	1.000	0.972	-0.107
9.470	1.000	0.972	-0.112
9.480	1.000	0.972	-0.112
9.490	0.000	0.972	-0.117
9.500	0.000	0.957	1.470
9.510	0.000	0.874	3.141
9.520	0.000	0.767	4.304
9.530	0.000	0.630	4.773
9.540	0.000	0.464	5.330
9.550	0.000	0.288	5.178
9.560	0.000	0.151	4.695
9.570	0.000	0.020	3.771
9.580	0.000	-0.122	2.579
9.590	0.000	-0.191	1.856
9.600	0.000	-0.230	1.055
9.610	0.000	-0.249	0.103
9.620	0.000	-0.239	-0.611
9.630	0.000	-0.230	-0.845
9.640	0.000	-0.200	-1.016
9.650	0.000	-0.171	-1.094
9.660	0.000	-0.137	-1.021
9.670	0.000	-0.117	-0.977
9.680	0.000	-0.093	-0.826
9.690	0.000	-0.073	-0.645
9.700	0.000	-0.059	-0.479
9.710	0.000	-0.054	-0.308
9.720	0.000	-0.044	-0.195
9.730	0.000	-0.044	-0.117
9.740	0.000	-0.044	-0.112
9.750	0.000	-0.044	-0.112
9.760	0.000	-0.044	-0.112
9.770	0.000	-0.044	-0.112
9.780	0.000	-0.044	-0.112
9.790	0.000	-0.044	-0.117
9.800	0.000	-0.044	-0.112
9.810	0.000	-0.044	-0.112
9.820	0.000	-0.044	-0.112
9.830	0.000	-0.039	-0.112
9.840	0.000	-0.044	-0.112
9.850	0.000	-0.044	-0.107
9.860	0.000	-0.044	-0.112
9.870	0.000	-0.044	-0.112
9.880	0.000	-0.044	-0.107
9.890	0.000	-0.044	-0.112
9.900	0.000	-0.044	-0.112
9.910	0.000	-0.044	-0.117
9.920	0.000	-0.044	-0.112
9.930	0.000	-0.044	-0.112
9.940	0.000	-0.044	-0.112
9.950	0.000	-0.044	-0.112
9.960	0.000	-0.039	-0.112
9.970	0.000	-0.044	-0.112
9.980	0.000	-0.044	-0.112
9.990	0.000	-0.044	-0.112
10.000	0.000	-0.044	-0.112
10.010	0.000	-0.044	-0.112
10.020	0.000	-0.044	-0.112
10.030	0.000	-0.044	-0.112
10.040	0.000	-0.039	-0.107
10.050	0.000	-0.039	-0.117
10.060	0.000	-0.044	-0.112
10.070	0.000	-0.044	-0.112
10.080	0.000	-0.044	-0.112
10.090	0.000	-0.044	-0.112
10.100	0.000	-0.044	-0.112
10.110	0.000	-0.044	-0.112
10.120	0.000	-0.044	-0.117
10.130	0.000	-0.044	-0.112
10.140	0.000	-0.044	-0.112
10.150	0.000	-0.044	-0.117
10.160	0.000	-0.044	-0.112
10.170	0.000	-0.044	-0.107
10.180	0.000	-0.044	-0.112
10.190	0.000	-0.044	-0.112
10.200	0.000	-0.044	-0.112
10.210	0.000	-0.044	-0.112
10.220	0.000	-0.044	-0.112
10.230	0.000	-0.044	-0.107
10.240	0.000	-0.044	-0.107
10.250	0.000	-0.044	-0.112
10.260	0.000	-0.044	-0.107
10.270	0.000	-0.044	-0.112
10.280	0.000	-0.044	-0.112
10.290	0.000	-0.039	-0.112
10.300	0.000	-0.044	-0.112
10.310	0.000	-0.044	-0.107
10.320	0.000	-0.044	-0.112
10.330	0.000	-0.039	-0.112
10.340	0.000	-0.044	-0.112
10.350	0.000	-0.044	-0.112
10.360	0.000	-0.044	-0.112
10.370	0.000	-0.044	-0.112
10.380	0.000	-0.044	-0.112
10.390	0.000	-0.039	-0.117
10.400	0.000	-0.044	-0.112
10.410	0.000	-0.044	-0.112
10.420	0.000	-0.044	-0.117
10.430	0.000	-0.039	-0.107
10.440	0.000	-0.044	-0.112
10.450	0.000	-0.044	-0.112
10.460	0.000	-0.044	-0.112
10.470	0.000	-0.039	-0.112
10.480	0.000	-0.044	-0.107
10.490	0.000	-0.044	-0.117
10.500	0.000	-0.044	-0.112
10.510	0.000	-0.044	-0.112
10.520	0.000	-0.044	-0.107
10.530	0.000	-0.044	-0.112
10.540	1.000	-0.044	-0.112
10.550	1.000	-0.044	-0.596
10.560	1.000	0.005	-2.330
10.570	1.000	0.112	-3.791
10.580	1.000	0.220	-4.607
10.590	1.000	0.352	-5.374
10.600	1.000	0.518	-5.530
10.610	1.000	0.699	-5.032
10.620	1.000	0.830	-4.773
10.630	1.000	0.957	-3.766
10.640	1.000	1.065	-2.653
10.650	1.000	1.133	-1.641
10.660	1.000	1.168	-0.767
10.670	1.000	1.177	0.020
10.680	1.000	1.168	0.449
10.690	1.000	1.143	0.752
10.700	1.000	1.124	0.840
10.710	1.000	1.085	0.879
10.720	1.000	1.050	0.787
10.730	1.000	1.031	0.581
10.740	1.000	1.016	0.464
10.750	1.000	0.987	0.347
10.760	1.000	0.982	0.176
10.770	1.000	0.972	-0.015
10.780	1.000	0.972	-0.127
10.790	1.000	0.972	-0.117
10.800	1.000	0.972	-0.112
10.810	1.000	0.972	-0.117
10.820	1.000	0.972	-0.107
10.830	1.000	0.972	-0.112
10.840	1.000	0.972	-0.112
10.850	1.000	0.972	-0.107
10.860	1.000	0.972	-0.112
10.870	1.000	0.972	-0.112
10.880	1.000	0.972	-0.112
10.890	1.000	0.972	-0.112
10.900	1.000	0.972	-0.112
10.910	1.000	0.972	-0.107
10.920	1.000	0.977	-0.107
10.930	1.000	0.972	-0.117
10.940	1.000	0.972	-0.112
10.950	1.000	0.972	-0.112
10.960	1.000	0.972	-0.117
10.970	1.000	0.972	-0.112
10.980	1.000	0.972	-0.117
10.990	1.000	0.972	-0.117
11.000	1.000	0.972	-0.117
11.010	1.000	0.972	-0.107
11.020	1.000	0.972	-0.112
11.030	1.000	0.972	-0.112
11.040	1.000	0.972	-0.112
11.050	1.000	0.972	-0.112
11.060	1.000	0.977	-0.112
11.070	1.000	0.972	-0.112
11.080	1.000	0.972	-0.112
11.090	1.000	0.972	-0.112
11.100	1.000	0.972	-0.107
11.110	1.000	0.972	-0.112
11.120	1.000	0.972	-0.107
11.130	1.000	0.972	-0.112
11.140	1.000	0.972	-0.117
11.150	1.000	0.972	-0.112
11.160	1.000	0.977	-0.112
11.170	1.000	0.972	-0.112
11.180	1.000	0.972	-0.112
11.190	1.000	0.972	-0.112
11.200	1.000	0.972	-0.112
11.210	1.000	0.972	-0.112
11.220	1.000	0.977	-0.112
11.230	1.000	0.972	-0.112
11.240	1.000	0.972	-0.117
11.250	1.000	0.972	-0.112
11.260	1.000	0.972	-0.112
11.270	1.000	0.972	-0.112
11.280	1.000	0.972	-0.112
11.290	1.000	0.977	-0.112
11.300	1.000	0.972	-0.112
11.310	1.000	0.972	-0.112
11.320	1.000	0.972	-0.112
11.330	1.000	0.972	-0.112
11.340	1.000	0.972	-0.107
11.350	1.000	0.972	-0.112
11.360	1.000	0.972	-0.112
11.370	1.000	0.972	-0.117
11.380	1.000	0.977	-0.117
11.390	1.000	0.972	-0.112
11.400	1.000	0.972	-0.103
11.410	1.000	0.972	-0.112
11.420	1.000	0.972	-0.112
11.430	1.000	0.972	-0.112
11.440	1.000	0.972	-0.107
11.450	1.000	0.972	-0.112
11.460	1.000	0.972	-0.112
11.470	1.000	0.972	-0.112
11.480	1.000	0.972	-0.112
11.490	1.000	0.972	-0.112
11.500	1.000	0.972	-0.112
11.510	1.000	0.972	-0.112
11.520	1.000	0.972	-0.112
11.530	1.000	0.972	-0.112
11.540	1.000	0.972	-0.112
11.550	1.000	0.972	-0.112
11.560	1.000	0.972	-0.112
11.570	1.000	0.972	-0.112
11.580	1.000	0.972	-0.112
11.590	0.000	0.972	-0.112
11.600	0.000	0.962	1.319
11.610	0.000	0.870	3.161
11.620	0.000	0.762	4.372
11.630	0.000	0.611	5.115
11.640	0.000	0.435	5.486
11.650	0.000	0.278	5.198
11.660	0.000	0.127	4.685
11.670	0.000	0.015	3.874
11.680	0.000	-0.103	2.907
11.690	0.000	-0.186	1.676
11.700	0.000	-0.225	0.860
11.710	0.000	-0.239	-0.112
11.720	0.000	-0.234	-0.664
11.730	0.000	-0.210	-0.899
11.740	0.000	-0.181	-1.050
11.750	0.000	-0.151	-1.016
11.760	0.000	-0.127	-1.001
11.770	0.000	-0.107	-0.884
11.780	0.000	-0.078	-0.703
11.790	0.000	-0.068	-0.572
11.800	0.000	-0.049	-0.313
11.810	0.000	-0.044	-0.269
11.820	0.000	-0.044	-0.176
11.830	0.000	-0.039	-0.112
11.840	0.000	-0.039	-0.112
11.850	0.000	-0.039	-0.112
11.860	0.000	-0.039	-0.112
11.870	0.000	-0.039	-0.112
11.880	0.000	-0.039	-0.112
11.890	0.000	-0.039	-0.117
11.900	0.000	-0.039	-0.112
11.910	0.000	-0.044	-0.117
11.920	0.000	-0.039	-0.112
11.930	0.000	-0.044	-0.112
11.940	0.000	-0.039	-0.107
11.950	0.000	-0.044	-0.112
11.960	0.000	-0.039	-0.112
11.970	0.000	-0.039	-0.117
11.980	0.000	-0.039	-0.112
11.990	0.000	-0.044	-0.103
12.000	0.000	-0.039	-0.112
12.010	0.000	-0.039	-0.112
12.020	0.000	-0.044	-0.117
12.030	0.000	-0.039	-0.112
12.040	0.000	-0.039	-0.112
12.050	0.000	-0.044	-0.112
12.060	0.000	-0.039	-0.117
12.070	0.000	-0.039	-0.107
12.080	0.000	-0.044	-0.107
12.090	0.000	-0.039	-0.112
12.100	0.000	-0.039	-0.112
12.110	0.000	-0.039	-0.112
12.120	0.000	-0.044	-0.112
12.130	0.000	-0.044	-0.112
12.140	0.000	-0.044	-0.112
12.150	0.000	-0.039	-0.112
12.160	0.000	-0.039	-0.112
12.170	0.000	-0.039	-0.112
12.180	0.000	-0.039	-0.107
12.190	0.000	-0.044	-0.112
12.200	0.000	-0.044	-0.112
12.210	0.000	-0.039	-0.112
12.220	0.000	-0.039	-0.112
12.230	0.000	-0.039	-0.112
12.240	0.000	-0.039	-0.112
12.250	0.000	-0.039	-0.117
12.260	0.000	-0.039	-0.112
12.270	0.000	-0.044	-0.112
12.280	0.000	-0.039	-0.112
12.290	0.000	-0.039	-0.112
12.300	0.000	-0.044	-0.112
12.310	0.000	-0.039	-0.117
12.320	0.000	-0.044	-0.112
12.330	0.000	-0.044	-0.112
12.340	0.000	-0.039	-0.112
12.350	0.000	-0.039	-0.112
12.360	0.000	-0.039	-0.112
12.370	0.000	-0.039	-0.117
12.380	0.000	-0.044	-0.117
12.390	0.000	-0.044	-0.117
12.400	0.000	-0.044	-0.112
12.410	0.000	-0.044	-0.112
12.420	0.000	-0.039	-0.112
12.430	0.000	-0.039	-0.112
12.440	0.000	-0.044	-0.112
12.450	0.000	-0.039	-0.112
12.460	0.000	-0.039	-0.112
12.470	0.000	-0.044	-0.112
12.480	0.000	-0.039	-0.107
12.490	0.000	-0.044	-0.112
12.500	0.000	-0.044	-0.107
12.510	0.000	-0.039	-0.112
12.520	0.000	-0.039	-0.112
12.530	0.000	-0.039	-0.117
12.540	0.000	-0.039	-0.103
12.550	0.000	-0.044	-0.107
12.560	0.000	-0.039	-0.112
12.570	0.000	-0.039	-0.112
12.580	0.000	-0.039	-0.112
12.590	0.000	-0.039	-0.112
12.600	0.000	-0.044	-0.112
12.610	0.000	-0.039	-0.112
12.620	0.000	-0.039	-0.117
12.630	0.000	-0.044	-0.117
12.640	1.000	-0.039	-0.112
12.650	1.000	-0.039	-0.948
12.660	1.000	0.020	-2.545
12.670	1.000	0.142	-4.050
12.680	1.000	0.274	-4.944
12.690	1.000	0.405	-5.452
12.700	1.000	0.596	-5.486
12.710	1.000	0.718	-5.320
12.720	1.000	0.879	-4.519
12.730	1.000	1.016	-3.298
12.740	1.000	1.085	-2.531
12.750	1.000	1.158	-1.431
12.760	1.000	1.177	-0.283
12.770	1.000	1.177	0.254
12.780	1.000	1.168	0.562
12.790	1.000	1.138	0.791
12.800	1.000	1.109	0.855
12.810	1.000	1.075	0.870
12.820	1.000	1.050	0.811
12.830	1.000	1.026	0.586
12.840	1.000	1.001	0.430
12.850	1.000	0.987	0.313
12.860	1.000	0.977	0.122
12.870	1.000	0.972	-0.103
12.880	1.000	0.972	-0.117
12.890	1.000	0.972	-0.112
12.900	1.000	0.977	-0.112
12.910	1.000	0.972	-0.112
12.920	1.000	0.972	-0.107
12.930	1.000	0.977	-0.117
12.940	1.000	0.972	-0.112
12.950	1.000	0.972	-0.112
12.960	1.000	0.972	-0.112
12.970	1.000	0.972	-0.112
12.980	1.000	0.972	-0.112
12.990	1.000	0.972	-0.112
13.000	1.000	0.972	-0.112
13.010	1.000	0.972	-0.117
13.020	1.000	0.972	-0.117
13.030	1.000	0.972	-0.112
13.040	1.000	0.972	-0.117
13.050	1.000	0.972	-0.112
13.060	1.000	0.972	-0.107
13.070	1.000	0.972	-0.112
13.080	1.000	0.972	-0.107
13.090	1.000	0.972	-0.112
13.100	1.000	0.972	-0.107
13.110	1.000	0.972	-0.112
13.120	1.000	0.977	-0.112
13.130	1.000	0.972	-0.112
13.140	1.000	0.972	-0.112
13.150	1.000	0.972	-0.117
13.160	1.000	0.972	-0.112
13.170	1.000	0.977	-0.112
13.180	1.000	0.972	-0.107
13.190	1.000	0.972	-0.112
13.200	1.000	0.972	-0.112
13.210	1.000	0.972	-0.112
13.220	1.000	0.972	-0.112
13.230	1.000	0.972	-0.112
13.240	1.000	0.977	-0.112
13.250	1.000	0.972	-0.112
13.260	1.000	0.977	-0.112
13.270	1.000	0.972	-0.112
13.280	1.000	0.972	-0.112
13.290	1.000	0.972	-0.112
13.300	1.000	0.972	-0.112
13.310	1.000	0.972	-0.112
13.320	1.000	0.972	-0.112
13.330	1.000	0.977	-0.112
13.340	1.000	0.972	-0.112
13.350	1.000	0.972	-0.112
13.360	1.000	0.972	-0.112
13.370	1.000	0.972	-0.117
13.380	1.000	0.972	-0.112
13.390	1.000	0.977	-0.112
13.400	1.000	0.972	-0.112
13.410	1.000	0.972	-0.112
13.420	1.000	0.972	-0.112
13.430	1.000	0.972	-0.107
13.440	1.000	0.972	-0.112
13.450	1.000	0.972	-0.107
13.460	1.000	0.977	-0.112
13.470	1.000	0.972	-0.112
13.480	1.000	0.977	-0.112
13.490	1.000	0.972	-0.112
13.500	1.000	0.972	-0.112
13.510	1.000	0.972	-0.112
13.520	1.000	0.972	-0.112
13.530	1.000	0.972	-0.112
13.540	1.000	0.972	-0.112
13.550	1.000	0.972	-0.117
13.560	1.000	0.972	-0.112
13.570	1.000	0.972	-0.112
13.580	1.000	0.972	-0.112
13.590	1.000	0.972	-0.107
13.600	1.000	0.972	-0.112
13.610	1.000	0.972	-0.117
13.620	1.000	0.972	-0.112
13.630	1.000	0.972	-0.112
13.640	1.000	0.977	-0.112
13.650	1.000	0.972	-0.112
13.660	1.000	0.972	-0.112
13.670	1.000	0.972	-0.117
13.680	0.000	0.972	-0.112
13.690	0.000	0.972	0.357
13.700	0.000	0.933	2.213
13.710	0.000	0.835	3.708
13.720	0.000	0.703	4.548
13.730	0.000	0.581	5.154
13.740	0.000	0.410	5.291
13.750	0.000	0.230	4.978
13.760	0.000	0.103	4.426
13.770	0.000	-0.044	3.488
13.780	0.000	-0.142	2.257
13.790	0.000	-0.195	1.544
13.800	0.000	-0.234	0.513
13.810	0.000	-0.239	-0.425
13.820	0.000	-0.230	-0.708
13.830	0.000	-0.195	-1.016
13.840	0.000	-0.176	-1.075
13.850	0.000	-0.142	-1.021
13.860	0.000	-0.122	-0.972
13.870	0.000	-0.093	-0.821
13.880	0.000	-0.073	-0.684
13.890	0.000	-0.059	-0.484
13.900	0.000	-0.049	-0.298
13.910	0.000	-0.044	-0.200
13.920	0.000	-0.044	-0.112
13.930	0.000	-0.044	-0.112
13.940	0.000	-0.044	-0.112
13.950	0.000	-0.044	-0.112
13.960	0.000	-0.044	-0.117
13.970	0.000	-0.044	-0.112
13.980	0.000	-0.049	-0.117
13.990	0.000	-0.044	-0.112
14.000	0.000	-0.044	-0.112
14.010	0.000	-0.044	-0.112
14.020	0.000	-0.044	-0.112
14.030	0.000	-0.044	-0.117
14.040	0.000	-0.044	-0.117
14.050	0.000	-0.049	-0.112
14.060	0.000	-0.044	-0.107
14.070	0.000	-0.044	-0.112
14.080	0.000	-0.044	-0.112
14.090	0.000	-0.044	-0.112
14.100	0.000	-0.044	-0.112
14.110	0.000	-0.044	-0.112
14.120	0.000	-0.044	-0.112
14.130	0.000	-0.044	-0.112
14.140	0.000	-0.044	-0.112
14.150	0.000	-0.044	-0.112
14.160	0.000	-0.044	-0.112
14.170	0.000	-0.044	-0.112
14.180	0.000	-0.044	-0.112
14.190	0.000	-0.044	-0.112
14.200	0.000	-0.044	-0.117
14.210	0.000	-0.044	-0.117
14.220	0.000	-0.044	-0.117
14.230	0.000	-0.044	-0.117
14.240	0.000	-0.044	-0.112
14.250	0.000	-0.044	-0.112
14.260	0.000	-0.049	-0.117
14.270	0.000	-0.044	-0.107
14.280	0.000	-0.044	-0.107
14.290	0.000	-0.044	-0.117
14.300	0.000	-0.044	-0.112
14.310	0.000	-0.044	-0.112
14.320	0.000	-0.044	-0.112
14.330	0.000	-0.044	-0.117
14.340	0.000	-0.044	-0.112
14.350	0.000	-0.044	-0.112
14.360	0.000	-0.049	-0.112
14.370	0.000	-0.044	-0.112
14.380	0.000	-0.044	-0.112
14.390	0.000	-0.044	-0.112
14.400	0.000	-0.044	-0.112
14.410	0.000	-0.044	-0.112
14.420	0.000	-0.044	-0.112
14.430	0.000	-0.044	-0.112
14.440	0.000	-0.044	-0.112
14.450	0.000	-0.044	-0.117
14.460	0.000	-0.044	-0.117
14.470	0.000	-0.044	-0.112
14.480	0.000	-0.044	-0.112
14.490	0.000	-0.044	-0.112
14.500	0.000	-0.044	-0.112
14.510	0.000	-0.044	-0.112
14.520	0.000	-0.044	-0.117
14.530	0.000	-0.044	-0.112
14.540	0.000	-0.044	-0.112
14.550	0.000	-0.044	-0.112
14.560	0.000	-0.044	-0.112
14.570	0.000	-0.044	-0.112
14.580	0.000	-0.044	-0.107
14.590	0.000	-0.044	-0.117
14.600	0.000	-0.044	-0.117
14.610	0.000	-0.049	-0.107
14.620	0.000	-0.044	-0.117
14.630	0.000	-0.044	-0.112
14.640	0.000	-0.044	-0.112
14.650	0.000	-0.044	-0.107
14.660	0.000	-0.044	-0.112
14.670	0.000	-0.044	-0.112
14.680	0.000	-0.044	-0.112
14.690	0.000	-0.044	-0.112
14.700	0.000	-0.044	-0.112
14.710	0.000	-0.049	-0.117
14.720	0.000	-0.044	-0.117
14.730	1.000	-0.044	-0.112
14.740	1.000	-0.044	-0.269
14.750	1.000	-0.005	-2.110
14.760	1.000	0.088	-3.483
14.770	1.000	0.225	-4.612
14.780	1.000	0.337	-5.310
14.790	1.000	0.489	-5.467
14.800	1.000	0.650	-5.300
14.810	1.000	0.830	-4.670
14.820	1.000	0.948	-4.016
14.830	1.000	1.055	-3.009
14.840	1.000	1.128	-2.101
14.850	1.000	1.172	-0.977
14.860	1.000	1.182	0.132
14.870	1.000	1.177	0.435
14.880	1.000	1.158	0.743
14.890	1.000	1.124	0.874
14.900	1.000	1.085	0.938
14.910	1.000	1.060	0.909
14.920	1.000	1.036	0.679
14.930	1.000	1.006	0.523
14.940	1.000	0.982	0.405
14.950	1.000	0.977	0.176
14.960	1.000	0.972	-0.068
14.970	1.000	0.967	-0.122
14.980	1.000	0.972	-0.112
14.990	1.000	0.972	-0.112
15.000	1.000	0.972	-0.112
15.010	1.000	0.972	-0.112
15.020	1.000	0.967	-0.112
15.030	1.000	0.967	-0.117
15.040	1.000	0.972	-0.117
15.050	1.000	0.972	-0.112
15.060	1.000	0.972	-0.112
15.070	1.000	0.967	-0.117
15.080	1.000	0.967	-0.107
15.090	1.000	0.967	-0.112
15.100	1.000	0.967	-0.112
15.110	1.000	0.967	-0.112
15.120	1.000	0.972	-0.112
15.130	1.000	0.967	-0.112
15.140	1.000	0.972	-0.112
15.150	1.000	0.967	-0.112
15.160	1.000	0.967	-0.117
15.170	1.000	0.972	-0.107
15.180	1.000	0.967	-0.112
15.190	1.000	0.967	-0.112
15.200	1.000	0.972	-0.112
15.210	1.000	0.972	-0.112
15.220	1.000	0.967	-0.117
15.230	1.000	0.967	-0.112
15.240	1.000	0.972	-0.112
15.250	1.000	0.967	-0.103
15.260	1.000	0.972	-0.112
15.270	1.000	0.967	-0.112
15.280	1.000	0.967	-0.112
15.290	1.000	0.962	-0.112
15.300	1.000	0.967	-0.112
15.310	1.000	0.967	-0.117
15.320	1.000	0.967	-0.112
15.330	1.000	0.967	-0.112
15.340	1.000	0.967	-0.107
15.350	1.000	0.967	-0.117
15.360	1.000	0.967	-0.112
15.370	1.000	0.967	-0.112
15.380	1.000	0.967	-0.112
15.390	1.000	0.967	-0.112
15.400	1.000	0.972	-0.112
15.410	1.000	0.967	-0.112
15.420	1.000	0.972	-0.112
15.430	1.000	0.967	-0.117
15.440	1.000	0.967	-0.117
15.450	1.000	0.967	-0.112
15.460	1.000	0.972	-0.112
15.470	1.000	0.967	-0.112
15.480	1.000	0.967	-0.112
15.490	1.000	0.967	-0.112
15.500	1.000	0.972	-0.117
15.510	1.000	0.972	-0.117
15.520	1.000	0.967	-0.117
15.530	1.000	0.972	-0.112
15.540	1.000	0.967	-0.117
15.550	1.000	0.967	-0.112
15.560	1.000	0.967	-0.112
15.570	1.000	0.967	-0.117
15.580	1.000	0.967	-0.117
15.590	1.000	0.967	-0.117
15.600	1.000	0.972	-0.112
15.610	1.000	0.967	-0.112
15.620	1.000	0.972	-0.117
15.630	1.000	0.967	-0.117
15.640	1.000	0.972	-0.107
15.650	1.000	0.967	-0.112
15.660	1.000	0.967	-0.112
15.670	1.000	0.967	-0.117
15.680	1.000	0.967	-0.112
15.690	1.000	0.967	-0.117
15.700	1.000	0.972	-0.112
15.710	1.000	0.972	-0.117
15.720	1.000	0.972	-0.112
15.730	1.000	0.967	-0.112
15.740	1.000	0.972	-0.112
15.750	1.000	0.967	-0.112
15.760	1.000	0.972	-0.112
15.770	1.000	0.972	-0.112
15.780	0.000	0.972	-0.112
15.790	0.000	0.962	0.791
15.800	0.000	0.909	2.628
15.810	0.000	0.787	4.006
15.820	0.000	0.640	4.812
15.830	0.000	0.479	5.237
15.840	0.000	0.313	5.222
15.850	0.000	0.186	4.787
15.860	0.000	0.039	4.167
15.870	0.000	-0.083	3.141
15.880	0.000	-0.161	2.149
15.890	0.000	-0.215	1.036
15.900	0.000	-0.239	-0.112
15.910	0.000	-0.239	-0.547
15.920	0.000	-0.225	-0.796
15.930	0.000	-0.191	-1.001
15.940	0.000	-0.156	-1.050
15.950	0.000	-0.132	-1.001
15.960	0.000	-0.112	-0.933
15.970	0.000	-0.088	-0.767
15.980	0.000	-0.073	-0.572
15.990	0.000	-0.059	-0.435
16.000	0.000	-0.049	-0.288
16.010	0.000	-0.044	-0.151
16.020	0.000	-0.044	-0.112
16.030	0.000	-0.044	-0.112
16.040	0.000	-0.044	-0.112
16.050	0.000	-0.044	-0.112
16.060	0.000	-0.044	-0.112
16.070	0.000	-0.044	-0.107
16.080	0.000	-0.044	-0.107
16.090	0.000	-0.044	-0.112
16.100	0.000	-0.044	-0.117
16.110	0.000	-0.044	-0.112
16.120	0.000	-0.044	-0.112
16.130	0.000	-0.049	-0.112
16.140	0.000	-0.044	-0.107
16.150	0.000	-0.044	-0.117
16.160	0.000	-0.044	-0.112
16.170	0.000	-0.044	-0.112
16.180	0.000	-0.044	-0.112
16.190	0.000	-0.044	-0.112
16.200	0.000	-0.044	-0.112
16.210	0.000	-0.044	-0.112
16.220	0.000	-0.044	-0.112
16.230	0.000	-0.044	-0.112
16.240	0.000	-0.044	-0.107
16.250	0.000	-0.044	-0.117
16.260	0.000	-0.044	-0.117
16.270	0.000	-0.044	-0.107
16.280	0.000	-0.044	-0.107
16.290	0.000	-0.044	-0.112
16.300	0.000	-0.044	-0.112
16.310	0.000	-0.044	-0.107
16.320	0.000	-0.044	-0.112
16.330	0.000	-0.044	-0.112
16.340	0.000	-0.049	-0.112
16.350	0.000	-0.044	-0.112
16.360	0.000	-0.044	-0.112
16.370	0.000	-0.044	-0.112
16.380	0.000	-0.044	-0.112
16.390	0.000	-0.044	-0.117
16.400	0.000	-0.044	-0.112
16.410	0.000	-0.044	-0.112
16.420	0.000	-0.044	-0.112
16.430	0.000	-0.044	-0.112
16.440	0.000	-0.044	-0.112
16.450	0.000	-0.044	-0.112
16.460	0.000	-0.044	-0.107
16.470	0.000	-0.044	-0.107
16.480	0.000	-0.044	-0.117
16.490	0.000	-0.044	-0.112
16.500	0.000	-0.044	-0.112
16.510	0.000	-0.044	-0.112
16.520	0.000	-0.044	-0.107
16.530	0.000	-0.044	-0.112
16.540	0.000	-0.044	-0.112
16.550	0.000	-0.044	-0.112
16.560	0.000	-0.044	-0.112
16.570	0.000	-0.044	-0.107
16.580	0.000	-0.044	-0.103
16.590	0.000	-0.044	-0.112
16.600	0.000	-0.044	-0.112
16.610	0.000	-0.044	-0.112
16.620	0.000	-0.044	-0.112
16.630	0.000	-0.044	-0.112
16.640	0.000	-0.044	-0.112
16.650	0.000	-0.044	-0.112
16.660	0.000	-0.049	-0.112
16.670	0.000	-0.044	-0.112
16.680	0.000	-0.044	-0.103
16.690	0.000	-0.044	-0.112
16.700	0.000	-0.044	-0.112
16.710	0.000	-0.049	-0.107
16.720	0.000	-0.044	-0.112
16.730	0.000	-0.044	-0.112
16.740	0.000	-0.044	-0.107
16.750	0.000	-0.044	-0.112
16.760	0.000	-0.044	-0.112
16.770	0.000	-0.044	-0.112
16.780	0.000	-0.044	-0.117
16.790	0.000	-0.044	-0.112
16.800	0.000	-0.049	-0.107
16.810	0.000	-0.049	-0.112
16.820	1.000	-0.044	-0.112
16.830	1.000	-0.044	-0.503
16.840	1.000	0.015	-2.404
16.850	1.000	0.073	-3.449
16.860	1.000	0.191	-4.421
16.870	1.000	0.327	-5.183
16.880	1.000	0.498	-5.535
16.890	1.000	0.689	-5.173
16.900	1.000	0.826	-5.032
16.910	1.000	0.953	-4.040
16.920	1.000	1.055	-3.063
16.930	1.000	1.143	-1.734
16.940	1.000	1.177	-0.855
16.950	1.000	1.187	-0.039
16.960	1.000	1.177	0.445
16.970	1.000	1.158	0.777
16.980	1.000	1.128	0.899
16.990	1.000	1.085	0.953
17.000	1.000	1.060	0.918
17.010	1.000	1.031	0.694
17.020	1.000	1.016	0.557
17.030	1.000	0.987	0.425
17.040	1.000	0.977	0.151
17.050	1.000	0.972	0.005
17.060	1.000	0.967	-0.127
17.070	1.000	0.967	-0.112
17.080	1.000	0.967	-0.112
17.090	1.000	0.967	-0.112
17.100	1.000	0.972	-0.117
17.110	1.000	0.967	-0.112
17.120	1.000	0.967	-0.112
17.130	1.000	0.967	-0.112
17.140	1.000	0.967	-0.112
17.150	1.000	0.967	-0.107
17.160	1.000	0.972	-0.107
17.170	1.000	0.967	-0.117
17.180	1.000	0.967	-0.117
17.190	1.000	0.967	-0.117
17.200	1.000	0.967	-0.107
17.210	1.000	0.967	-0.112
17.220	1.000	0.967	-0.112
17.230	1.000	0.967	-0.117
17.240	1.000	0.967	-0.107
17.250	1.000	0.972	-0.117
17.260	1.000	0.967	-0.112
17.270	1.000	0.962	-0.117
17.280	1.000	0.972	-0.112
17.290	1.000	0.967	-0.112
17.300	1.000	0.967	-0.112
17.310	1.000	0.967	-0.112
17.320	1.000	0.967	-0.112
17.330	1.000	0.972	-0.112
17.340	1.000	0.967	-0.117
17.350	1.000	0.972	-0.112
17.360	1.000	0.967	-0.112
17.370	1.000	0.967	-0.112
17.380	1.000	0.967	-0.112
17.390	1.000	0.967	-0.112
17.400	1.000	0.972	-0.112
17.410	1.000	0.962	-0.112
17.420	1.000	0.967	-0.117
17.430	1.000	0.967	-0.112
17.440	1.000	0.972	-0.112
17.450	1.000	0.967	-0.107
17.460	1.000	0.967	-0.112
17.470	1.000	0.972	-0.112
17.480	1.000	0.967	-0.112
17.490	1.000	0.967	-0.112
17.500	1.000	0.967	-0.112
17.510	1.000	0.962	-0.112
17.520	1.000	0.972	-0.112
17.530	1.000	0.962	-0.112
17.540	1.000	0.967	-0.112
17.550	1.000	0.967	-0.112
17.560	1.000	0.967	-0.112
17.570	1.000	0.967	-0.112
17.580	1.000	0.967	-0.112
17.590	1.000	0.972	-0.112
17.600	1.000	0.967	-0.112
17.610	1.000	0.972	-0.112
17.620	1.000	0.962	-0.112
17.630	1.000	0.967	-0.117
17.640	1.000	0.972	-0.107
17.650	1.000	0.962	-0.107
17.660	1.000	0.967	-0.117
17.670	1.000	0.972	-0.112
17.680	1.000	0.972	-0.112
17.690	1.000	0.967	-0.112
17.700	1.000	0.967	-0.112
17.710	1.000	0.962	-0.117
17.720	1.000	0.962	-0.112
17.730	1.000	0.967	-0.112
17.740	1.000	0.967	-0.112
17.750	1.000	0.972	-0.112
17.760	1.000	0.967	-0.107
17.770	1.000	0.967	-0.117
17.780	1.000	0.972	-0.112
17.790	1.000	0.967	-0.112
17.800	1.000	0.967	-0.112
17.810	1.000	0.967	-0.112
17.820	1.000	0.967	-0.112
17.830	1.000	0.972	-0.112
17.840	1.000	0.967	-0.117
17.850	1.000	0.967	-0.112
17.860	1.000	0.967	-0.112
17.870	0.000	0.967	-0.112
17.880	0.000	0.957	1.231
17.890	0.000	0.865	3.131
17.900	0.000	0.747	4.406
17.910	0.000	0.606	5.110
17.920	0.000	0.464	5.364
17.930	0.000	0.303	5.173
17.940	0.000	0.132	4.646
17.950	0.000	-0.005	3.810
17.960	0.000	-0.117	2.785
17.970	0.000	-0.186	1.817
17.980	0.000	-0.225	0.826
17.990	0.000	-0.239	-0.122
18.000	0.000	-0.230	-0.689
18.010	0.000	-0.215	-0.884
18.020	0.000	-0.171	-1.080
18.030	0.000	-0.147	-1.031
18.040	0.000	-0.122	-1.011
18.050	0.000	-0.103	-0.879
18.060	0.000	-0.078	-0.684
18.070	0.000	-0.064	-0.532
18.080	0.000	-0.054	-0.371
18.090	0.000	-0.044	-0.264
18.100	0.000	-0.044	-0.151
18.110	0.000	-0.044	-0.112
18.120	0.000	-0.039	-0.112
18.130	0.000	-0.044	-0.112
18.140	0.000	-0.044	-0.117
18.150	0.000	-0.039	-0.107
18.160	0.000	-0.044	-0.112
18.170	0.000	-0.039	-0.112
18.180	0.000	-0.044	-0.112
18.190	0.000	-0.044	-0.117
18.200	0.000	-0.039	-0.112
18.210	0.000	-0.044	-0.117
18.220	0.000	-0.044	-0.117
18.230	0.000	-0.044	-0.117
18.240	0.000	-0.039	-0.112
18.250	0.000	-0.044	-0.112
18.260	0.000	-0.044	-0.112
18.270	0.000	-0.039	-0.117
18.280	0.000	-0.044	-0.117
18.290	0.000	-0.044	-0.112
18.300	0.000	-0.044	-0.107
18.310	0.000	-0.039	-0.112
18.320	0.000	-0.044	-0.117
18.330	0.000	-0.044	-0.107
18.340	0.000	-0.044	-0.112
18.350	0.000	-0.044	-0.112
18.360	0.000	-0.044	-0.112
18.370	0.000	-0.044	-0.112
18.380	0.000	-0.044	-0.117
18.390	0.000	-0.044	-0.112
18.400	0.000	-0.044	-0.112
18.410	0.000	-0.044	-0.112
18.420	0.000	-0.044	-0.117
18.430	0.000	-0.044	-0.112
18.440	0.000	-0.044	-0.112
18.450	0.000	-0.044	-0.112
18.460	0.000	-0.044	-0.112
18.470	0.000	-0.039	-0.112
18.480	0.000	-0.044	-0.117
18.490	0.000	-0.044	-0.112
18.500	0.000	-0.039	-0.112
18.510	0.000	-0.039	-0.112
18.520	0.000	-0.039	-0.112
18.530	0.000	-0.044	-0.107
18.540	0.000	-0.044	-0.112
18.550	0.000	-0.044	-0.107
18.560	0.000	-0.039	-0.117
18.570	0.000	-0.039	-0.112
18.580	0.000	-0.039	-0.112
18.590	0.000	-0.044	-0.117
18.600	0.000	-0.044	-0.112
18.610	0.000	-0.039	-0.112
18.620	0.000	-0.039	-0.107
18.630	0.000	-0.039	-0.117
18.640	0.000	-0.044	-0.112
18.650	0.000	-0.044	-0.112
18.660	0.000	-0.044	-0.107
18.670	0.000	-0.044	-0.112
18.680	0.000	-0.039	-0.112
18.690	0.000	-0.039	-0.117
18.700	0.000	-0.039	-0.112
18.710	0.000	-0.044	-0.112
18.720	0.000	-0.044	-0.112
18.730	0.000	-0.044	-0.117
18.740	0.000	-0.044	-0.112
18.750	0.000	-0.044	-0.112
18.760	0.000	-0.044	-0.112
18.770	0.000	-0.044	-0.112
18.780	0.000	-0.044	-0.112
18.790	0.000	-0.044	-0.112
18.800	0.000	-0.044	-0.117
18.810	0.000	-0.039	-0.112
18.820	0.000	-0.039	-0.117
18.830	0.000	-0.039	-0.112
18.840	0.000	-0.044	-0.112
18.850	0.000	-0.044	-0.112
18.860	0.000	-0.044	-0.112
18.870	0.000	-0.039	-0.112
18.880	0.000	-0.044	-0.112
18.890	0.000	-0.044	-0.112
18.900	0.000	-0.044	-0.117
18.910	0.000	-0.039	-0.112
18.920	1.000	-0.044	-0.112
18.930	1.000	-0.024	-1.485
18.940	1.000	0.059	-3.288
18.950	1.000	0.151	-4.143
18.960	1.000	0.313	-5.007
18.970	1.000	0.430	-5.657
18.980	1.000	0.616	-5.393
18.990	1.000	0.787	-4.827
19.000	1.000	0.904	-4.348
19.010	1.000	1.021	-3.180
19.020	1.000	1.119	-2.022
19.030	1.000	1.158	-1.212
19.040	1.000	1.177	-0.337
19.050	1.000	1.177	0.293
19.060	1.000	1.158	0.684
19.070	1.000	1.128	0.840
19.080	1.000	1.104	0.860
19.090	1.000	1.070	0.874
19.100	1.000	1.036	0.699
19.110	1.000	1.016	0.479
19.120	1.000	1.001	0.420
19.130	1.000	0.982	0.249
19.140	1.000	0.972	0.029
19.150	1.000	0.972	-0.117
19.160	1.000	0.972	-0.117
19.170	1.000	0.972	-0.112
19.180	1.000	0.972	-0.112
19.190	1.000	0.972	-0.117
19.200	1.000	0.972	-0.112
19.210	1.000	0.972	-0.112
19.220	1.000	0.972	-0.112
