0.010	1.000	0.327	-1.490
0.020	0.000	0.415	-2.843
0.030	0.000	0.493	-1.861
0.040	1.000	0.513	-0.039
0.050	1.000	0.513	-0.210
0.060	1.000	0.532	-1.334
0.070	0.000	0.596	-2.203
0.080	0.000	0.645	-0.894
0.090	1.000	0.645	0.840
0.100	1.000	0.616	0.528
0.110	1.000	0.611	-0.454
0.120	0.000	0.630	-1.246
0.130	0.000	0.655	-0.005
0.140	1.000	0.630	1.578
0.150	1.000	0.591	1.299
0.160	1.000	0.572	-0.210
0.170	0.000	0.591	-1.339
0.180	0.000	0.620	-0.254
0.190	1.000	0.611	1.075
0.200	1.000	0.576	0.479
0.210	1.000	0.576	-0.894
0.220	0.000	0.611	-1.690
0.230	0.000	0.645	-0.884
0.240	1.000	0.645	0.821
0.250	1.000	0.611	0.347
0.260	1.000	0.611	-0.606
0.270	0.000	0.630	-1.348
0.280	0.000	0.660	-0.010
0.290	1.000	0.645	1.353
0.300	1.000	0.601	0.918
0.310	1.000	0.596	-0.596
0.320	0.000	0.611	-1.295
0.330	0.000	0.635	-0.234
0.340	1.000	0.620	1.466
0.350	1.000	0.581	1.016
0.360	1.000	0.567	-0.454
0.370	0.000	0.591	-1.510
0.380	0.000	0.625	-0.278
0.390	1.000	0.620	1.070
0.400	1.000	0.586	0.523
0.410	1.000	0.586	-0.830
0.420	0.000	0.616	-1.627
0.430	0.000	0.645	-0.928
0.440	1.000	0.650	0.821
0.450	1.000	0.616	0.362
0.460	1.000	0.611	-0.713
0.470	0.000	0.640	-1.461
0.480	0.000	0.669	-0.645
0.490	1.000	0.664	1.138
0.500	1.000	0.625	0.537
0.510	1.000	0.620	-0.532
0.520	0.000	0.645	-1.319
0.530	0.000	0.664	-0.176
0.540	1.000	0.650	1.212
0.550	1.000	0.616	0.835
0.560	1.000	0.606	-0.596
0.570	0.000	0.630	-1.334
0.580	0.000	0.650	-0.293
0.590	1.000	0.645	1.324
0.600	1.000	0.601	0.762
0.610	1.000	0.596	-0.420
0.620	0.000	0.611	-1.290
0.630	0.000	0.640	-0.132
0.640	1.000	0.625	1.207
0.650	1.000	0.591	0.557
0.660	1.000	0.586	-0.743
0.670	0.000	0.611	-1.456
0.680	0.000	0.640	-0.357
0.690	1.000	0.625	1.485
0.700	1.000	0.581	0.826
0.710	1.000	0.567	-0.288
0.720	0.000	0.586	-1.295
0.730	0.000	0.611	0.044
0.740	1.000	0.591	1.451
0.750	1.000	0.537	0.743
0.760	1.000	0.528	-0.547
0.770	0.000	0.552	-1.251
0.780	0.000	0.591	-0.435
0.790	1.000	0.576	1.260
0.800	1.000	0.523	1.006
0.810	1.000	0.513	-0.454
0.820	0.000	0.552	-1.681
0.830	0.000	0.596	-0.777
0.840	1.000	0.601	0.586
0.850	1.000	0.581	0.122
0.860	1.000	0.591	-1.104
0.870	0.000	0.616	-1.632
0.880	0.000	0.655	-0.664
0.890	1.000	0.640	1.387
0.900	1.000	0.606	1.324
0.910	1.000	0.586	-0.122
0.920	0.000	0.601	-1.290
0.930	0.000	0.630	-0.220
0.940	0.000	0.620	1.001
0.950	1.000	0.576	2.110
0.960	1.000	0.493	0.943
0.970	0.000	0.479	-0.581
0.980	0.000	0.493	-0.371
0.990	0.000	0.489	0.796
1.000	1.000	0.430	1.915
1.010	1.000	0.376	1.192
1.020	0.000	0.371	-0.777
1.030	0.000	0.401	-0.166
1.040	0.000	0.391	0.713
1.050	1.000	0.342	1.368
1.060	1.000	0.313	0.264
1.070	0.000	0.322	-1.583
1.080	0.000	0.376	-1.275
1.090	0.000	0.396	-0.176
1.100	1.000	0.386	0.757
1.110	1.000	0.357	-0.674
1.120	0.000	0.405	-2.022
1.130	0.000	0.449	-1.798
1.140	0.000	0.479	-0.181
1.150	1.000	0.459	1.168
1.160	1.000	0.420	0.366
1.170	0.000	0.420	-0.870
1.180	0.000	0.440	-0.493
1.190	0.000	0.435	0.870
1.200	1.000	0.401	1.505
1.210	1.000	0.352	0.322
1.220	0.000	0.362	-1.470
1.230	0.000	0.410	-1.011
1.240	0.000	0.415	0.342
1.250	1.000	0.396	1.138
1.260	1.000	0.357	0.523
1.270	0.000	0.362	-1.265
1.280	0.000	0.410	-0.523
1.290	0.000	0.410	0.410
1.300	1.000	0.386	1.168
1.310	1.000	0.352	-0.479
1.320	0.000	0.391	-1.881
1.330	0.000	0.435	-1.617
1.340	0.000	0.454	-0.166
1.350	1.000	0.435	1.207
1.360	1.000	0.401	0.225
1.370	0.000	0.405	-0.962
1.380	0.000	0.430	-0.430
1.390	0.000	0.420	0.914
1.400	1.000	0.371	1.583
1.410	1.000	0.332	0.860
1.420	0.000	0.327	-0.928
1.430	0.000	0.366	-0.586
1.440	0.000	0.371	0.405
1.450	1.000	0.337	1.109
1.460	1.000	0.308	-0.034
1.470	0.000	0.327	-1.734
1.480	0.000	0.391	-1.280
1.490	0.000	0.405	0.020
1.500	1.000	0.391	0.923
1.510	1.000	0.357	0.386
1.520	0.000	0.366	-1.324
1.530	0.000	0.415	-0.532
1.540	0.000	0.415	0.630
1.550	1.000	0.391	1.202
1.560	1.000	0.352	-0.005
1.570	0.000	0.386	-1.832
1.580	0.000	0.440	-1.172
1.590	0.000	0.449	0.151
1.600	1.000	0.430	1.197
1.610	1.000	0.396	0.156
1.620	0.000	0.405	-1.353
1.630	0.000	0.440	-0.826
1.640	0.000	0.449	0.430
1.650	1.000	0.435	1.197
1.660	1.000	0.396	0.127
1.670	0.000	0.415	-1.666
1.680	0.000	0.459	-1.510
1.690	0.000	0.479	0.034
1.700	1.000	0.454	1.343
1.710	1.000	0.410	0.503
1.720	0.000	0.410	-1.109
1.730	0.000	0.440	-0.596
1.740	0.000	0.440	0.278
1.750	1.000	0.425	1.246
1.760	1.000	0.386	-0.161
1.770	0.000	0.410	-1.627
1.780	0.000	0.454	-0.967
1.790	0.000	0.459	0.313
1.800	1.000	0.435	1.402
1.810	1.000	0.401	0.347
1.820	0.000	0.401	-1.226
1.830	0.000	0.435	-1.045
1.840	0.000	0.435	0.269
1.850	1.000	0.410	1.285
1.860	1.000	0.371	0.147
1.870	0.000	0.376	-1.104
1.880	0.000	0.410	-0.689
1.890	0.000	0.410	0.674
1.900	1.000	0.371	1.368
1.910	1.000	0.332	0.210
1.920	1.000	0.337	-1.422
1.930	0.000	0.410	-2.555
1.940	0.000	0.469	-2.096
1.950	1.000	0.503	-0.342
1.960	1.000	0.508	-0.904
1.970	1.000	0.537	-1.632
1.980	0.000	0.601	-2.360
1.990	0.000	0.660	-0.752
2.000	1.000	0.655	1.045
2.010	1.000	0.625	1.031
2.020	1.000	0.611	-0.234
2.030	0.000	0.625	-1.236
2.040	0.000	0.650	-0.254
2.050	1.000	0.640	1.314
2.060	1.000	0.596	0.860
2.070	1.000	0.586	-0.498
2.080	0.000	0.606	-1.329
2.090	0.000	0.630	-0.620
2.100	1.000	0.625	0.967
2.110	1.000	0.591	0.200
2.120	1.000	0.591	-0.923
2.130	0.000	0.625	-1.573
2.140	0.000	0.660	-0.523
2.150	1.000	0.650	1.202
2.160	1.000	0.611	0.840
2.170	1.000	0.601	-0.454
2.180	0.000	0.625	-1.285
2.190	0.000	0.645	-0.342
2.200	1.000	0.635	1.260
2.210	1.000	0.601	1.114
2.220	1.000	0.586	-0.283
2.230	0.000	0.611	-1.373
2.240	0.000	0.640	-0.254
2.250	1.000	0.635	0.889
2.260	1.000	0.601	0.474
2.270	1.000	0.601	-0.879
2.280	0.000	0.630	-1.583
2.290	0.000	0.664	-0.909
2.300	1.000	0.664	0.933
2.310	1.000	0.630	0.347
2.320	1.000	0.625	-0.625
2.330	0.000	0.650	-1.314
2.340	0.000	0.679	-0.137
2.350	1.000	0.655	1.495
2.360	1.000	0.611	1.109
2.370	1.000	0.591	-0.298
2.380	0.000	0.611	-1.212
2.390	0.000	0.635	-0.147
2.400	1.000	0.625	0.957
2.410	1.000	0.591	0.498
2.420	1.000	0.596	-0.923
2.430	0.000	0.630	-1.588
2.440	0.000	0.660	-0.992
2.450	1.000	0.664	0.850
2.460	1.000	0.625	0.293
2.470	1.000	0.630	-0.679
2.480	0.000	0.650	-1.329
2.490	0.000	0.674	-0.576
2.500	1.000	0.664	1.187
2.510	1.000	0.625	0.479
2.520	1.000	0.625	-0.620
2.530	0.000	0.645	-1.339
2.540	0.000	0.669	-0.254
2.550	1.000	0.660	1.378
2.560	1.000	0.611	1.021
2.570	1.000	0.596	-0.093
2.580	0.000	0.606	-1.060
2.590	0.000	0.630	0.352
2.600	1.000	0.596	1.710
2.610	1.000	0.537	0.894
2.620	1.000	0.523	-0.435
2.630	0.000	0.557	-1.378
2.640	0.000	0.591	-0.567
2.650	1.000	0.586	1.011
2.660	1.000	0.542	0.396
2.670	1.000	0.542	-0.791
2.680	0.000	0.572	-1.431
2.690	0.000	0.606	-0.410
2.700	1.000	0.591	1.358
2.710	1.000	0.532	0.660
2.720	1.000	0.523	-0.332
2.730	0.000	0.547	-1.290
2.740	0.000	0.591	-0.103
2.750	1.000	0.586	0.977
2.760	1.000	0.537	0.391
2.770	1.000	0.542	-0.918
2.780	0.000	0.581	-1.593
2.790	0.000	0.611	-0.547
2.800	1.000	0.596	1.373
2.810	1.000	0.557	0.977
2.820	1.000	0.542	-0.410
2.830	0.000	0.581	-1.490
2.840	0.000	0.611	-0.479
2.850	0.000	0.596	1.124
2.860	1.000	0.532	2.233
2.870	1.000	0.479	1.656
2.880	0.000	0.449	-0.200
2.890	0.000	0.454	0.254
2.900	0.000	0.430	1.324
2.910	1.000	0.376	1.891
2.920	1.000	0.327	1.016
2.930	0.000	0.318	-0.811
2.940	0.000	0.352	-0.484
2.950	0.000	0.357	0.220
2.960	1.000	0.332	0.923
2.970	1.000	0.313	-0.664
2.980	0.000	0.337	-1.881
2.990	0.000	0.401	-1.295
3.000	0.000	0.415	0.342
3.010	1.000	0.401	0.943
3.020	1.000	0.371	-0.098
3.030	0.000	0.405	-1.744
3.040	0.000	0.449	-1.016
3.050	0.000	0.459	0.020
3.060	1.000	0.440	1.163
3.070	1.000	0.405	-0.161
3.080	0.000	0.415	-1.309
3.090	0.000	0.459	-0.826
3.100	0.000	0.459	0.684
3.110	1.000	0.420	1.637
3.120	1.000	0.376	0.977
3.130	0.000	0.371	-0.909
3.140	0.000	0.405	-0.220
3.150	0.000	0.396	0.669
3.160	1.000	0.352	1.363
3.170	1.000	0.322	0.630
3.180	0.000	0.322	-1.143
3.190	0.000	0.366	-0.645
3.200	0.000	0.371	0.371
3.210	1.000	0.342	1.085
3.220	1.000	0.318	0.366
3.230	0.000	0.322	-1.378
3.240	0.000	0.371	-1.089
3.250	0.000	0.391	0.332
3.260	1.000	0.357	1.085
3.270	1.000	0.327	-0.029
3.280	0.000	0.337	-1.583
3.290	0.000	0.391	-1.436
3.300	0.000	0.405	-0.064
3.310	1.000	0.391	1.021
3.320	1.000	0.352	-0.200
3.330	0.000	0.376	-1.612
3.340	0.000	0.425	-1.006
3.350	0.000	0.435	0.430
3.360	1.000	0.405	1.251
3.370	1.000	0.362	-0.112
3.380	0.000	0.386	-1.578
3.390	0.000	0.420	-2.233
3.400	0.000	0.469	-0.347
3.410	1.000	0.454	1.055
3.420	1.000	0.435	1.138
3.430	0.000	0.425	-0.874
3.440	0.000	0.449	-0.440
3.450	0.000	0.449	0.562
3.460	1.000	0.425	1.363
3.470	1.000	0.357	1.939
3.480	0.000	0.322	-0.103
3.490	0.000	0.332	-1.314
3.500	0.000	0.362	-0.249
3.510	1.000	0.352	0.606
3.520	1.000	0.332	0.195
3.530	0.000	0.337	-1.363
3.540	0.000	0.396	-0.586
3.550	0.000	0.396	0.274
3.560	1.000	0.371	1.075
3.570	1.000	0.337	-0.591
3.580	0.000	0.371	-1.759
3.590	0.000	0.420	-1.275
3.600	0.000	0.430	0.288
3.610	1.000	0.405	1.177
3.620	1.000	0.357	1.553
3.630	0.000	0.332	-0.664
3.640	0.000	0.362	-1.671
3.650	0.000	0.405	-0.322
3.660	1.000	0.396	0.674
3.670	1.000	0.366	0.230
3.680	0.000	0.381	-1.358
3.690	0.000	0.430	-0.391
3.700	0.000	0.415	0.791
3.710	1.000	0.386	1.417
3.720	1.000	0.342	0.342
3.730	0.000	0.352	-1.426
3.740	0.000	0.405	-0.694
3.750	0.000	0.405	0.293
3.760	1.000	0.366	1.280
3.770	1.000	0.332	0.225
3.780	1.000	0.337	-1.343
3.790	0.000	0.391	-2.223
3.800	0.000	0.464	-1.016
3.810	1.000	0.474	0.254
3.820	1.000	0.459	-0.249
3.830	1.000	0.484	-1.392
3.840	0.000	0.513	-2.130
3.850	0.000	0.586	-1.099
3.860	1.000	0.586	0.914
3.870	1.000	0.542	0.459
3.880	1.000	0.532	-0.513
3.890	0.000	0.557	-1.241
3.900	0.000	0.611	-1.993
3.910	1.000	0.640	-0.112
3.920	1.000	0.630	0.117
3.930	1.000	0.635	-0.801
3.940	0.000	0.664	-1.446
3.950	0.000	0.694	-0.865
3.960	1.000	0.694	1.031
3.970	1.000	0.650	0.283
3.980	1.000	0.650	-0.591
3.990	0.000	0.669	-1.158
4.000	0.000	0.713	-1.563
4.010	1.000	0.733	0.440
4.020	1.000	0.699	0.503
4.030	1.000	0.694	-0.415
4.040	0.000	0.713	-1.055
4.050	0.000	0.743	-1.299
4.060	1.000	0.757	0.884
4.070	1.000	0.708	2.062
4.080	1.000	0.655	0.899
4.090	0.000	0.645	-0.542
4.100	0.000	0.660	0.147
4.110	1.000	0.630	1.637
4.120	1.000	0.581	1.182
4.130	1.000	0.557	-0.278
4.140	0.000	0.572	-1.104
4.150	0.000	0.591	-0.103
4.160	1.000	0.572	1.505
4.170	1.000	0.503	2.267
4.180	1.000	0.454	0.718
4.190	0.000	0.454	-0.879
4.200	0.000	0.479	0.186
4.210	1.000	0.454	1.109
4.220	1.000	0.425	1.705
4.230	1.000	0.391	-0.093
4.240	0.000	0.410	-1.656
4.250	0.000	0.459	-1.182
4.260	1.000	0.464	0.210
4.270	1.000	0.459	-0.747
4.280	1.000	0.493	-1.666
4.290	0.000	0.557	-2.399
4.300	0.000	0.620	-0.821
4.310	1.000	0.620	0.953
4.320	1.000	0.591	0.581
4.330	1.000	0.586	-0.611
4.340	0.000	0.616	-1.524
4.350	0.000	0.650	-1.055
4.360	1.000	0.660	0.616
4.370	1.000	0.640	0.161
4.380	1.000	0.640	-0.796
4.390	0.000	0.669	-1.378
4.400	0.000	0.689	-0.122
4.410	1.000	0.674	1.514
4.420	1.000	0.630	0.821
4.430	1.000	0.620	-0.435
4.440	0.000	0.630	-1.138
4.450	0.000	0.650	-0.078
4.460	1.000	0.625	1.676
4.470	1.000	0.581	1.695
4.480	1.000	0.542	0.039
4.490	0.000	0.557	-1.094
4.500	0.000	0.586	-0.254
4.510	1.000	0.572	1.182
4.520	1.000	0.513	1.216
4.530	1.000	0.498	-0.269
4.540	0.000	0.513	-1.456
4.550	0.000	0.567	-0.352
4.560	1.000	0.557	0.855
4.570	1.000	0.513	0.186
4.580	1.000	0.518	-0.972
4.590	0.000	0.567	-1.754
4.600	0.000	0.606	-0.586
4.610	1.000	0.591	1.212
4.620	1.000	0.547	1.065
4.630	1.000	0.528	-0.161
4.640	0.000	0.542	-1.177
4.650	0.000	0.581	-0.098
4.660	1.000	0.567	1.187
4.670	1.000	0.508	0.674
4.680	1.000	0.508	-0.855
4.690	0.000	0.547	-1.695
4.700	0.000	0.591	-0.767
4.710	1.000	0.591	0.865
4.720	1.000	0.557	-0.103
4.730	1.000	0.572	-0.977
4.740	0.000	0.606	-1.739
4.750	0.000	0.640	-0.264
4.760	0.000	0.630	1.304
4.770	1.000	0.581	2.306
4.780	1.000	0.498	1.212
4.790	0.000	0.479	-0.274
4.800	0.000	0.479	0.313
4.810	0.000	0.454	1.255
4.820	1.000	0.401	1.920
4.830	1.000	0.342	0.845
4.840	0.000	0.337	-0.982
4.850	0.000	0.376	-0.391
4.860	0.000	0.376	0.396
4.870	1.000	0.347	1.089
4.880	1.000	0.322	-0.318
4.890	0.000	0.362	-2.198
4.900	0.000	0.454	-3.210
4.910	0.000	0.503	-2.447
4.920	1.000	0.552	-0.332
4.930	1.000	0.557	-0.684
4.940	0.000	0.591	-1.490
4.950	0.000	0.616	-0.093
4.960	0.000	0.601	1.231
4.970	1.000	0.532	2.399
4.980	1.000	0.454	2.252
4.990	0.000	0.415	0.195
5.000	0.000	0.410	0.274
5.010	0.000	0.391	1.055
5.020	1.000	0.347	1.558
5.030	1.000	0.308	0.156
5.040	0.000	0.332	-1.876
5.050	0.000	0.401	-2.086
5.060	0.000	0.435	-0.298
5.070	1.000	0.430	0.718
5.080	1.000	0.410	-0.098
5.090	0.000	0.425	-1.558
5.100	0.000	0.474	-0.552
5.110	0.000	0.474	0.523
5.120	1.000	0.435	1.637
5.130	1.000	0.376	1.285
5.140	0.000	0.362	-0.552
5.150	0.000	0.376	-0.210
5.160	0.000	0.366	0.728
5.170	1.000	0.332	1.304
5.180	1.000	0.298	0.020
5.190	0.000	0.313	-1.426
5.200	0.000	0.357	-1.050
5.210	0.000	0.371	0.225
5.220	1.000	0.342	0.967
5.230	1.000	0.322	-0.435
5.240	0.000	0.362	-2.115
5.250	0.000	0.401	-2.022
5.260	0.000	0.435	0.210
5.270	1.000	0.415	1.060
5.280	1.000	0.366	1.607
5.290	0.000	0.337	0.318
5.300	0.000	0.332	0.454
5.310	0.000	0.322	0.757
5.320	1.000	0.288	1.207
5.330	1.000	0.264	-0.567
5.340	0.000	0.283	-1.944
5.350	0.000	0.342	-1.412
5.360	0.000	0.366	-0.034
5.370	1.000	0.362	0.591
5.380	1.000	0.352	-1.128
5.390	0.000	0.391	-1.954
5.400	0.000	0.435	-1.387
5.410	0.000	0.459	-0.005
5.420	1.000	0.430	1.343
5.430	1.000	0.391	1.544
5.440	0.000	0.366	-0.557
5.450	0.000	0.386	-0.093
5.460	0.000	0.371	0.738
5.470	1.000	0.332	1.329
5.480	1.000	0.298	0.567
5.490	0.000	0.308	-1.500
5.500	0.000	0.357	-1.089
5.510	0.000	0.371	-0.122
5.520	1.000	0.362	0.728
5.530	1.000	0.337	-0.723
5.540	0.000	0.381	-1.930
5.550	0.000	0.435	-1.260
5.560	0.000	0.454	-0.142
5.570	1.000	0.435	1.153
5.580	1.000	0.405	0.132
5.590	0.000	0.420	-1.485
5.600	0.000	0.469	-1.861
5.610	0.000	0.503	-0.059
5.620	1.000	0.493	0.835
5.630	1.000	0.464	-0.083
5.640	0.000	0.493	-1.524
5.650	0.000	0.547	-1.690
5.660	0.000	0.576	-0.064
5.670	1.000	0.557	1.285
5.680	1.000	0.503	0.806
5.690	1.000	0.493	-0.635
5.700	0.000	0.513	-1.549
5.710	0.000	0.567	-0.655
5.720	1.000	0.552	1.050
5.730	1.000	0.474	2.164
5.740	1.000	0.440	1.265
5.750	0.000	0.435	-1.426
5.760	0.000	0.449	-1.612
5.770	1.000	0.479	0.445
5.780	1.000	0.464	0.269
5.790	1.000	0.469	-1.104
5.800	0.000	0.518	-2.106
5.810	0.000	0.581	-1.788
5.820	1.000	0.601	0.137
5.830	1.000	0.591	-0.474
5.840	1.000	0.611	-1.212
5.850	0.000	0.640	-1.705
5.860	0.000	0.674	-0.181
5.870	1.000	0.664	1.295
5.880	1.000	0.596	2.604
5.890	1.000	0.523	0.874
5.900	0.000	0.513	-0.254
5.910	0.000	0.513	0.381
5.920	1.000	0.489	1.426
5.930	1.000	0.435	0.703
5.940	1.000	0.430	-0.664
5.950	0.000	0.459	-1.705
5.960	0.000	0.508	-0.782
5.970	1.000	0.503	0.811
5.980	1.000	0.474	0.044
5.990	1.000	0.493	-1.177
6.000	0.000	0.532	-2.081
6.010	0.000	0.596	-1.099
6.020	1.000	0.606	0.464
6.030	1.000	0.591	-0.044
6.040	1.000	0.596	-1.119
6.050	0.000	0.630	-1.622
6.060	0.000	0.664	0.664
6.070	1.000	0.640	1.597
6.080	1.000	0.586	1.334
6.090	1.000	0.567	0.098
6.100	0.000	0.576	-1.109
6.110	0.000	0.606	-1.089
6.120	1.000	0.611	0.689
6.130	1.000	0.591	-0.059
6.140	1.000	0.591	-0.904
6.150	0.000	0.625	-1.588
6.160	0.000	0.660	-0.200
6.170	1.000	0.640	1.441
6.180	1.000	0.601	1.153
6.190	1.000	0.586	-0.254
6.200	0.000	0.601	-1.280
6.210	0.000	0.630	-0.147
6.220	1.000	0.611	1.339
6.230	1.000	0.581	0.894
6.240	1.000	0.567	-0.528
6.250	0.000	0.591	-1.558
6.260	0.000	0.630	-1.304
6.270	1.000	0.645	0.386
6.280	1.000	0.630	0.093
6.290	1.000	0.630	-0.830
6.300	0.000	0.660	-1.490
6.310	0.000	0.703	-0.923
6.320	1.000	0.699	1.114
6.330	1.000	0.655	0.845
6.340	1.000	0.645	-0.283
6.350	0.000	0.655	-1.060
6.360	0.000	0.679	0.449
6.370	1.000	0.645	1.808
6.380	1.000	0.596	1.392
6.390	1.000	0.576	-0.122
6.400	0.000	0.591	-1.270
6.410	0.000	0.625	-0.870
6.420	1.000	0.620	0.923
6.430	1.000	0.591	0.425
6.440	1.000	0.586	-0.616
6.450	0.000	0.616	-1.426
6.460	0.000	0.645	-0.112
6.470	1.000	0.630	1.216
6.480	1.000	0.591	0.606
6.490	1.000	0.591	-0.767
6.500	0.000	0.616	-1.426
6.510	0.000	0.640	-0.254
6.520	1.000	0.625	1.426
6.530	1.000	0.581	0.977
6.540	1.000	0.576	-0.459
6.550	0.000	0.596	-1.485
6.560	0.000	0.635	-1.045
6.570	1.000	0.645	0.660
6.580	1.000	0.620	0.542
6.590	1.000	0.616	-0.572
6.600	0.000	0.635	-1.412
6.610	0.000	0.674	-1.163
6.620	0.000	0.684	0.811
6.630	1.000	0.630	2.106
6.640	1.000	0.581	1.246
6.650	0.000	0.557	-0.435
6.660	0.000	0.562	-0.020
6.670	0.000	0.542	1.309
6.680	1.000	0.469	2.277
6.690	1.000	0.401	2.018
6.700	0.000	0.362	-0.068
6.710	0.000	0.362	0.142
6.720	0.000	0.352	0.791
6.730	1.000	0.318	1.260
6.740	1.000	0.288	-0.469
6.750	0.000	0.308	-1.754
6.760	0.000	0.371	-1.671
6.770	0.000	0.401	-0.244
6.780	1.000	0.391	0.796
6.790	1.000	0.366	-0.376
6.800	0.000	0.386	-1.480
6.810	0.000	0.430	-0.713
6.820	0.000	0.425	0.718
6.830	1.000	0.396	1.343
6.840	1.000	0.357	0.020
6.850	0.000	0.381	-1.724
6.860	0.000	0.435	-1.910
6.870	0.000	0.464	-0.371
6.880	1.000	0.459	0.806
6.890	1.000	0.435	-0.049
6.900	0.000	0.454	-1.412
6.910	0.000	0.493	-0.747
6.920	0.000	0.498	0.703
6.930	1.000	0.454	1.578
6.940	1.000	0.410	0.327
6.950	0.000	0.415	-1.104
6.960	0.000	0.435	-0.596
6.970	0.000	0.440	0.547
6.980	1.000	0.405	1.436
6.990	1.000	0.352	1.187
7.000	0.000	0.337	-0.782
7.010	0.000	0.371	-0.313
7.020	0.000	0.366	0.591
7.030	1.000	0.332	1.138
7.040	1.000	0.313	-0.191
7.050	0.000	0.342	-2.018
7.060	0.000	0.405	-1.402
7.070	0.000	0.430	0.112
7.080	1.000	0.410	0.992
7.090	1.000	0.381	0.020
7.100	0.000	0.401	-1.402
7.110	0.000	0.435	-0.401
7.120	0.000	0.435	0.606
7.130	1.000	0.396	1.373
7.140	1.000	0.347	1.158
7.150	0.000	0.332	-0.743
7.160	0.000	0.362	-0.308
7.170	0.000	0.357	0.572
7.180	1.000	0.332	1.114
7.190	1.000	0.303	-0.410
7.200	0.000	0.327	-1.881
7.210	0.000	0.396	-1.089
7.220	0.000	0.405	0.029
7.230	1.000	0.396	0.840
7.240	1.000	0.366	-0.298
7.250	0.000	0.405	-1.744
7.260	0.000	0.449	-0.933
7.270	0.000	0.454	0.225
7.280	1.000	0.430	1.387
7.290	1.000	0.386	0.953
7.300	0.000	0.376	-0.957
7.310	0.000	0.415	-1.158
7.320	0.000	0.425	0.205
7.330	1.000	0.405	1.036
7.340	1.000	0.376	-0.362
7.350	0.000	0.396	-1.456
7.360	0.000	0.435	-0.689
7.370	0.000	0.435	0.669
7.380	1.000	0.401	1.387
7.390	1.000	0.342	1.001
7.400	0.000	0.332	-0.674
7.410	0.000	0.352	-0.391
7.420	0.000	0.352	0.542
7.430	1.000	0.322	1.080
7.440	1.000	0.298	-0.107
7.450	0.000	0.318	-1.876
7.460	0.000	0.386	-2.208
7.470	0.000	0.425	-0.591
7.480	1.000	0.420	0.616
7.490	1.000	0.405	-0.405
7.500	0.000	0.435	-1.900
7.510	0.000	0.493	-0.997
7.520	0.000	0.503	0.337
7.530	1.000	0.474	1.285
7.540	1.000	0.420	1.651
7.550	0.000	0.396	-0.274
7.560	0.000	0.401	0.171
7.570	0.000	0.386	0.879
7.580	1.000	0.332	1.466
7.590	1.000	0.303	-0.191
7.600	1.000	0.327	-1.876
7.610	0.000	0.396	-2.785
7.620	0.000	0.474	-1.803
7.630	1.000	0.503	0.049
7.640	1.000	0.503	-0.489
7.650	1.000	0.508	-1.466
7.660	0.000	0.576	-2.174
7.670	0.000	0.640	-2.208
7.680	1.000	0.669	-0.142
7.690	1.000	0.669	-0.376
7.700	1.000	0.679	-0.938
7.710	0.000	0.713	-1.392
7.720	0.000	0.743	0.156
7.730	1.000	0.713	1.676
7.740	1.000	0.660	1.128
7.750	1.000	0.645	-0.381
7.760	0.000	0.650	-1.001
7.770	0.000	0.669	0.225
7.780	1.000	0.640	1.832
7.790	1.000	0.586	1.436
7.800	1.000	0.567	-0.142
7.810	0.000	0.586	-1.319
7.820	0.000	0.616	-1.021
7.830	1.000	0.625	0.918
7.840	1.000	0.586	1.197
7.850	1.000	0.572	-0.288
7.860	0.000	0.591	-1.348
7.870	0.000	0.620	-0.195
7.880	1.000	0.611	1.168
7.890	1.000	0.572	0.342
7.900	1.000	0.572	-0.870
7.910	0.000	0.606	-1.646
7.920	0.000	0.640	-0.518
7.930	1.000	0.630	1.036
7.940	1.000	0.596	0.586
7.950	1.000	0.596	-0.625
7.960	0.000	0.620	-1.412
7.970	0.000	0.645	-0.459
7.980	1.000	0.640	1.163
7.990	1.000	0.601	0.801
8.000	1.000	0.596	-0.567
8.010	0.000	0.611	-1.304
8.020	0.000	0.640	-0.039
8.030	1.000	0.625	1.319
8.040	1.000	0.581	0.586
8.050	1.000	0.581	-0.664
8.060	0.000	0.606	-1.485
8.070	0.000	0.635	-0.342
8.080	1.000	0.625	1.163
8.090	1.000	0.586	0.620
8.100	1.000	0.581	-0.620
8.110	0.000	0.596	-1.353
8.120	0.000	0.625	-0.103
8.130	1.000	0.601	1.568
8.140	1.000	0.542	1.490
8.150	1.000	0.513	0.151
8.160	0.000	0.518	-1.128
8.170	0.000	0.557	-0.132
8.180	1.000	0.547	0.967
8.190	1.000	0.508	0.244
8.200	1.000	0.513	-1.197
8.210	0.000	0.576	-2.032
8.220	0.000	0.620	-1.094
8.230	1.000	0.620	0.796
8.240	1.000	0.591	0.034
8.250	1.000	0.596	-0.806
8.260	0.000	0.625	-1.510
8.270	0.000	0.655	-0.376
8.280	1.000	0.640	1.495
8.290	1.000	0.591	1.788
8.300	1.000	0.557	0.112
8.310	0.000	0.572	-1.133
8.320	0.000	0.591	-0.430
8.330	1.000	0.586	1.055
8.340	1.000	0.552	-0.005
8.350	1.000	0.557	-0.938
8.360	0.000	0.591	-1.715
8.370	0.000	0.625	-0.347
8.380	1.000	0.611	1.392
8.390	1.000	0.572	0.914
8.400	1.000	0.562	-0.528
8.410	0.000	0.591	-1.568
8.420	0.000	0.635	-1.060
8.430	1.000	0.640	0.640
8.440	1.000	0.611	0.347
8.450	1.000	0.611	-0.728
8.460	0.000	0.635	-1.441
8.470	0.000	0.669	-0.283
8.480	1.000	0.655	1.343
8.490	1.000	0.611	0.918
8.500	1.000	0.601	-0.410
8.510	0.000	0.616	-1.251
8.520	0.000	0.645	-0.313
8.530	0.000	0.635	1.065
8.540	1.000	0.586	2.262
8.550	1.000	0.508	1.085
8.560	0.000	0.498	-0.337
8.570	0.000	0.503	0.249
8.580	0.000	0.469	1.383
8.590	1.000	0.410	2.115
8.600	1.000	0.352	0.997
8.610	0.000	0.342	-0.923
8.620	0.000	0.376	-0.337
8.630	0.000	0.376	0.425
8.640	1.000	0.347	1.099
8.650	1.000	0.322	-0.337
8.660	0.000	0.337	-1.705
8.670	0.000	0.401	-1.031
8.680	0.000	0.405	0.347
8.690	1.000	0.386	1.016
8.700	1.000	0.357	-0.278
8.710	0.000	0.396	-1.832
8.720	0.000	0.445	-2.047
8.730	0.000	0.489	-0.396
8.740	1.000	0.469	0.943
8.750	1.000	0.440	0.020
8.760	0.000	0.445	-1.089
8.770	0.000	0.484	-0.352
8.780	0.000	0.464	0.933
8.790	1.000	0.425	1.744
8.800	1.000	0.376	0.435
8.810	0.000	0.396	-1.358
8.820	0.000	0.435	-1.676
8.830	0.000	0.459	-0.234
8.840	1.000	0.449	1.065
8.850	1.000	0.415	0.269
8.860	0.000	0.420	-1.138
8.870	0.000	0.449	-0.537
8.880	0.000	0.440	0.821
8.890	1.000	0.410	1.519
8.900	1.000	0.366	0.005
8.910	0.000	0.376	-1.251
8.920	0.000	0.415	-0.596
8.930	0.000	0.410	0.650
8.940	1.000	0.371	1.363
8.950	1.000	0.332	0.391
8.960	0.000	0.337	-1.221
8.970	0.000	0.386	-0.606
8.980	0.000	0.391	0.454
8.990	1.000	0.352	1.138
9.000	1.000	0.327	0.029
9.010	0.000	0.332	-1.378
9.020	0.000	0.381	-0.874
9.030	0.000	0.386	0.425
9.040	1.000	0.357	1.065
9.050	1.000	0.332	-0.278
9.060	0.000	0.347	-1.597
9.070	0.000	0.401	-0.787
9.080	0.000	0.410	0.283
9.090	1.000	0.376	1.133
9.100	1.000	0.332	0.660
9.110	0.000	0.332	-0.923
9.120	0.000	0.376	-1.089
9.130	0.000	0.396	0.137
9.140	1.000	0.371	1.016
9.150	1.000	0.337	0.098
9.160	0.000	0.352	-1.426
9.170	0.000	0.401	-0.625
9.180	0.000	0.401	0.464
9.190	1.000	0.376	1.109
9.200	1.000	0.347	-0.249
9.210	0.000	0.376	-1.832
9.220	0.000	0.435	-1.036
9.230	0.000	0.440	0.088
9.240	1.000	0.425	1.172
9.250	1.000	0.386	0.933
9.260	0.000	0.376	-0.821
9.270	0.000	0.401	-0.181
9.280	0.000	0.396	0.689
9.290	1.000	0.352	1.363
9.300	1.000	0.318	0.147
9.310	0.000	0.322	-1.314
9.320	0.000	0.371	-0.933
9.330	0.000	0.376	0.313
9.340	1.000	0.352	1.006
9.350	1.000	0.327	-0.313
9.360	0.000	0.347	-1.637
9.370	0.000	0.401	-0.821
9.380	0.000	0.405	0.259
9.390	1.000	0.381	1.119
9.400	1.000	0.337	0.616
9.410	0.000	0.337	-0.938
9.420	0.000	0.366	-0.532
9.430	0.000	0.371	0.547
9.440	1.000	0.337	1.104
9.450	1.000	0.313	-0.181
9.460	1.000	0.342	-1.988
9.470	0.000	0.425	-3.058
9.480	0.000	0.508	-2.008
9.490	1.000	0.542	-0.161
9.500	1.000	0.542	-0.606
9.510	1.000	0.567	-1.290
9.520	0.000	0.611	-1.988
9.530	0.000	0.655	-0.503
9.540	1.000	0.650	0.987
9.550	1.000	0.620	0.581
9.560	1.000	0.611	-0.694
9.570	0.000	0.630	-1.285
9.580	0.000	0.660	-0.137
9.590	1.000	0.635	1.597
9.600	1.000	0.586	0.928
9.610	1.000	0.572	-0.215
9.620	0.000	0.586	-1.212
9.630	0.000	0.611	0.103
9.640	1.000	0.591	1.309
9.650	1.000	0.552	0.430
9.660	1.000	0.552	-0.830
9.670	0.000	0.591	-1.754
9.680	0.000	0.635	-1.295
9.690	1.000	0.650	0.576
9.700	1.000	0.620	1.006
9.710	1.000	0.606	-0.352
9.720	0.000	0.616	-1.075
9.730	0.000	0.630	0.083
9.740	1.000	0.606	1.637
9.750	1.000	0.552	0.708
9.760	1.000	0.542	-0.479
9.770	0.000	0.576	-1.461
9.780	0.000	0.611	-1.143
9.790	1.000	0.620	0.826
9.800	1.000	0.586	1.109
9.810	1.000	0.576	-0.332
9.820	0.000	0.591	-1.348
9.830	0.000	0.620	-0.230
9.840	1.000	0.606	1.290
9.850	1.000	0.567	0.596
9.860	1.000	0.557	-0.586
9.870	0.000	0.591	-1.505
9.880	0.000	0.620	0.020
9.890	1.000	0.601	1.319
9.900	1.000	0.562	0.293
9.910	1.000	0.557	-0.782
9.920	0.000	0.596	-1.690
9.930	0.000	0.635	-1.402
9.940	1.000	0.650	0.347
9.950	1.000	0.635	-0.122
9.960	1.000	0.640	-0.874
9.970	0.000	0.669	-1.402
9.980	0.000	0.689	-0.015
9.990	1.000	0.664	1.808
10.000	1.000	0.606	2.052
10.010	1.000	0.572	0.401
10.020	0.000	0.576	-0.933
10.030	0.000	0.591	-0.098
10.040	1.000	0.576	1.231
10.050	1.000	0.523	0.278
10.060	1.000	0.518	-0.708
10.070	0.000	0.567	-1.622
10.080	0.000	0.596	-0.283
10.090	1.000	0.591	1.021
10.100	1.000	0.562	0.244
10.110	1.000	0.572	-1.080
10.120	0.000	0.601	-1.715
10.130	0.000	0.635	-0.347
10.140	1.000	0.625	1.114
10.150	1.000	0.591	0.459
10.160	1.000	0.586	-0.845
10.170	0.000	0.620	-1.470
10.180	0.000	0.645	-0.322
10.190	1.000	0.625	1.426
10.200	1.000	0.586	0.796
10.210	1.000	0.581	-0.371
10.220	0.000	0.591	-1.290
10.230	0.000	0.616	0.098
10.240	1.000	0.601	1.334
10.250	1.000	0.557	0.469
10.260	1.000	0.557	-0.948
10.270	0.000	0.591	-1.646
10.280	0.000	0.625	-0.298
10.290	1.000	0.596	1.627
10.300	1.000	0.532	1.260
10.310	1.000	0.513	0.234
10.320	0.000	0.513	-1.119
10.330	0.000	0.557	-0.015
10.340	1.000	0.528	1.368
10.350	1.000	0.503	1.373
10.360	1.000	0.489	-0.415
10.370	0.000	0.513	-1.700
10.380	0.000	0.567	-2.184
10.390	1.000	0.606	-0.308
10.400	1.000	0.591	0.645
10.410	1.000	0.591	-0.371
10.420	0.000	0.601	-1.231
10.430	0.000	0.625	0.322
10.440	0.000	0.606	1.412
10.450	1.000	0.537	2.433
10.460	1.000	0.445	2.951
10.470	0.000	0.386	0.830
10.480	0.000	0.357	0.811
10.490	0.000	0.322	1.309
10.500	1.000	0.278	1.637
10.510	1.000	0.239	0.445
10.520	0.000	0.244	-1.402
10.530	0.000	0.293	-0.977
10.540	0.000	0.303	-0.107
10.550	1.000	0.298	0.528
10.560	1.000	0.288	-0.962
10.570	0.000	0.322	-2.149
10.580	0.000	0.401	-1.216
10.590	0.000	0.410	0.054
10.600	1.000	0.396	1.001
10.610	1.000	0.352	0.757
10.620	0.000	0.347	-0.918
10.630	0.000	0.381	-0.484
10.640	0.000	0.376	0.601
10.650	1.000	0.337	1.260
10.660	1.000	0.313	0.357
10.670	0.000	0.318	-1.436
10.680	0.000	0.371	-0.914
10.690	0.000	0.376	0.234
10.700	1.000	0.357	0.977
10.710	1.000	0.332	0.234
10.720	0.000	0.332	-1.363
10.730	0.000	0.391	-0.625
10.740	0.000	0.396	0.352
10.750	1.000	0.362	1.124
10.760	1.000	0.332	0.342
10.770	0.000	0.332	-1.290
10.780	0.000	0.386	-0.645
10.790	0.000	0.386	0.425
10.800	1.000	0.357	1.050
10.810	1.000	0.332	-0.098
10.820	0.000	0.357	-1.817
10.830	0.000	0.415	-2.149
10.840	0.000	0.454	-0.596
10.850	1.000	0.449	0.635
10.860	1.000	0.435	-0.332
10.870	0.000	0.440	-1.319
10.880	0.000	0.484	-0.259
10.890	0.000	0.474	0.860
10.900	1.000	0.425	1.817
10.910	1.000	0.376	0.684
10.920	0.000	0.371	-1.065
10.930	0.000	0.410	-0.664
10.940	0.000	0.410	0.479
10.950	1.000	0.381	1.212
10.960	1.000	0.347	0.098
10.970	0.000	0.366	-1.500
10.980	0.000	0.410	-0.645
10.990	0.000	0.415	0.523
11.000	1.000	0.381	1.265
11.010	1.000	0.342	0.078
11.020	0.000	0.357	-1.461
11.030	0.000	0.405	-0.943
11.040	0.000	0.415	0.191
11.050	1.000	0.396	0.987
11.060	1.000	0.371	-0.391
11.070	0.000	0.396	-1.700
11.080	0.000	0.440	-1.334
11.090	0.000	0.459	0.029
11.100	1.000	0.435	1.295
11.110	1.000	0.401	0.376
11.120	0.000	0.401	-1.011
11.130	0.000	0.430	-0.357
11.140	0.000	0.415	0.884
11.150	1.000	0.376	1.451
11.160	1.000	0.337	0.068
11.170	0.000	0.362	-1.666
11.180	0.000	0.415	-1.104
11.190	0.000	0.425	0.342
11.200	1.000	0.401	1.119
11.210	1.000	0.366	0.088
11.220	0.000	0.376	-1.275
11.230	0.000	0.410	-0.645
11.240	0.000	0.410	0.674
11.250	1.000	0.376	1.353
11.260	1.000	0.332	0.484
11.270	0.000	0.337	-1.158
11.280	0.000	0.376	-0.552
11.290	0.000	0.386	0.327
11.300	1.000	0.357	1.045
11.310	1.000	0.332	-0.391
11.320	0.000	0.347	-1.588
11.330	0.000	0.401	-0.884
11.340	0.000	0.401	0.249
11.350	1.000	0.386	1.045
11.360	1.000	0.352	-0.474
11.370	1.000	0.391	-1.812
11.380	0.000	0.440	-2.741
11.390	0.000	0.513	-1.583
11.400	1.000	0.532	0.410
11.410	1.000	0.513	-0.073
11.420	1.000	0.523	-1.197
11.430	0.000	0.581	-1.959
11.440	0.000	0.620	-0.845
11.450	1.000	0.620	0.943
11.460	1.000	0.586	0.098
11.470	1.000	0.586	-0.723
11.480	0.000	0.616	-1.485
11.490	0.000	0.645	-0.122
11.500	1.000	0.635	1.202
11.510	1.000	0.591	0.616
11.520	1.000	0.591	-0.762
11.530	0.000	0.620	-1.480
11.540	0.000	0.650	-0.459
11.550	1.000	0.645	1.187
11.560	1.000	0.601	0.806
11.570	1.000	0.591	-0.459
11.580	0.000	0.611	-1.304
11.590	0.000	0.640	-0.362
11.600	1.000	0.630	1.128
11.610	1.000	0.596	0.454
11.620	1.000	0.591	-0.493
11.630	0.000	0.611	-1.329
11.640	0.000	0.640	-0.059
11.650	1.000	0.620	1.524
11.660	1.000	0.572	1.876
11.670	1.000	0.523	0.322
11.680	0.000	0.523	-0.816
11.690	0.000	0.552	-0.083
11.700	1.000	0.518	1.373
11.710	1.000	0.484	0.777
11.720	1.000	0.474	-0.699
11.730	0.000	0.518	-1.935
11.740	0.000	0.581	-2.018
11.750	1.000	0.611	-0.083
11.760	1.000	0.606	-0.332
11.770	1.000	0.625	-1.236
11.780	0.000	0.664	-1.847
11.790	0.000	0.708	-1.573
11.800	1.000	0.728	0.650
11.810	1.000	0.694	0.254
11.820	1.000	0.689	-0.606
11.830	0.000	0.713	-1.094
11.840	0.000	0.738	0.420
11.850	1.000	0.699	1.827
11.860	1.000	0.645	1.304
11.870	1.000	0.620	0.059
11.880	0.000	0.630	-0.943
11.890	0.000	0.650	-0.093
11.900	1.000	0.630	1.446
11.910	1.000	0.586	0.957
11.920	1.000	0.581	-0.386
11.930	0.000	0.596	-1.363
11.940	0.000	0.630	-1.353
11.950	1.000	0.640	0.313
11.960	1.000	0.625	-0.064
11.970	1.000	0.635	-0.894
11.980	0.000	0.660	-1.475
11.990	0.000	0.689	0.093
12.000	1.000	0.669	1.524
12.010	1.000	0.625	0.972
12.020	1.000	0.611	-0.249
12.030	0.000	0.630	-1.231
12.040	0.000	0.660	-1.275
12.050	1.000	0.674	0.655
12.060	1.000	0.630	1.617
12.070	1.000	0.601	0.288
12.080	0.000	0.606	-0.977
12.090	0.000	0.630	-0.787
12.100	1.000	0.630	0.679
12.110	1.000	0.606	0.278
12.120	1.000	0.611	-0.948
12.130	0.000	0.645	-1.563
12.140	0.000	0.674	-0.391
12.150	1.000	0.660	1.285
12.160	1.000	0.616	0.562
12.170	1.000	0.611	-0.386
12.180	0.000	0.625	-1.216
12.190	0.000	0.664	-1.485
12.200	1.000	0.679	0.537
12.210	1.000	0.655	0.049
12.220	1.000	0.660	-0.860
12.230	0.000	0.684	-1.339
12.240	0.000	0.713	-0.064
12.250	1.000	0.689	1.632
12.260	1.000	0.635	0.840
12.270	1.000	0.620	-0.298
12.280	0.000	0.630	-0.957
12.290	0.000	0.645	0.039
12.300	0.000	0.620	1.720
12.310	1.000	0.542	2.662
12.320	1.000	0.464	2.706
12.330	0.000	0.410	0.669
12.340	0.000	0.396	0.738
12.350	0.000	0.347	1.431
12.360	1.000	0.303	1.749
12.370	1.000	0.269	0.156
12.380	0.000	0.288	-1.910
12.390	0.000	0.337	-1.676
12.400	0.000	0.371	-0.440
12.410	1.000	0.371	0.606
12.420	1.000	0.352	-0.440
12.430	0.000	0.376	-1.637
12.440	0.000	0.420	-0.928
12.450	0.000	0.425	0.620
12.460	1.000	0.401	1.197
12.470	1.000	0.362	0.020
12.480	0.000	0.391	-1.666
12.490	0.000	0.440	-1.983
12.500	0.000	0.479	-0.503
12.510	1.000	0.474	0.713
12.520	1.000	0.454	-0.484
12.530	0.000	0.474	-1.441
12.540	0.000	0.508	-0.684
12.550	0.000	0.513	0.747
12.560	1.000	0.459	1.793
12.570	1.000	0.405	0.816
12.580	0.000	0.405	-0.870
12.590	0.000	0.425	-0.405
12.600	0.000	0.425	0.596
12.610	1.000	0.396	1.304
12.620	1.000	0.352	-0.186
12.630	0.000	0.386	-1.764
12.640	0.000	0.435	-1.983
12.650	0.000	0.479	-0.244
12.660	1.000	0.474	0.640
12.670	1.000	0.454	-0.298
12.680	0.000	0.474	-1.412
12.690	0.000	0.508	-0.523
12.700	0.000	0.503	1.001
12.710	1.000	0.449	1.905
12.720	1.000	0.396	1.764
12.730	0.000	0.362	-0.244
12.740	0.000	0.386	-0.689
12.750	0.000	0.391	0.376
12.760	1.000	0.352	1.187
12.770	1.000	0.318	1.031
12.780	0.000	0.308	-0.899
12.790	0.000	0.332	-0.596
12.800	0.000	0.332	0.425
12.810	1.000	0.313	0.865
12.820	1.000	0.298	-0.332
12.830	0.000	0.322	-1.915
12.840	0.000	0.396	-1.075
12.850	0.000	0.405	-0.088
12.860	1.000	0.396	0.816
12.870	1.000	0.347	1.202
12.880	0.000	0.332	-0.581
12.890	0.000	0.352	-0.195
12.900	0.000	0.347	0.557
12.910	1.000	0.322	1.011
12.920	1.000	0.298	-0.327
12.930	0.000	0.332	-2.193
12.940	0.000	0.415	-2.355
12.950	0.000	0.459	-0.689
12.960	1.000	0.459	0.547
12.970	1.000	0.435	0.122
12.980	0.000	0.449	-1.143
12.990	0.000	0.484	-0.171
13.000	0.000	0.474	0.821
13.010	1.000	0.435	1.720
13.020	1.000	0.391	0.464
13.030	0.000	0.401	-1.343
13.040	0.000	0.445	-1.641
13.050	0.000	0.464	-0.278
13.060	1.000	0.464	0.889
13.070	1.000	0.435	-0.132
13.080	0.000	0.440	-1.368
13.090	0.000	0.493	-0.684
13.100	0.000	0.489	0.503
13.110	1.000	0.454	1.480
13.120	1.000	0.410	0.147
13.130	0.000	0.420	-1.290
13.140	0.000	0.454	-0.782
13.150	0.000	0.464	0.484
13.160	1.000	0.435	1.378
13.170	1.000	0.401	0.210
13.180	0.000	0.415	-1.544
13.190	0.000	0.464	-1.861
13.200	0.000	0.498	-0.230
13.210	1.000	0.489	0.923
13.220	1.000	0.454	-0.049
13.230	0.000	0.479	-1.456
13.240	0.000	0.518	-1.676
13.250	0.000	0.547	0.215
13.260	1.000	0.518	1.387
13.270	1.000	0.474	0.552
13.280	1.000	0.469	-0.718
13.290	0.000	0.508	-1.783
13.300	0.000	0.562	-0.547
13.310	1.000	0.557	0.806
13.320	1.000	0.513	0.415
13.330	1.000	0.513	-0.884
13.340	0.000	0.567	-1.759
13.350	0.000	0.606	-1.158
13.360	1.000	0.611	0.655
