0.010	1.000	0.972	-0.112
0.020	1.000	0.967	-0.112
0.030	1.000	0.972	-0.107
0.040	1.000	0.972	-0.112
0.050	1.000	0.967	-0.107
0.060	1.000	0.972	-0.107
0.070	1.000	0.967	-0.112
0.080	1.000	0.967	-0.112
0.090	1.000	0.967	-0.117
0.100	1.000	0.967	-0.117
0.110	1.000	0.967	-0.112
0.120	1.000	0.972	-0.112
0.130	1.000	0.972	-0.117
0.140	1.000	0.967	-0.112
0.150	1.000	0.967	-0.112
0.160	1.000	0.967	-0.112
0.170	1.000	0.967	-0.112
0.180	1.000	0.967	-0.112
0.190	1.000	0.967	-0.112
0.200	1.000	0.967	-0.112
0.210	1.000	0.972	-0.112
0.220	1.000	0.972	-0.112
0.230	1.000	0.967	-0.107
0.240	1.000	0.967	-0.112
0.250	1.000	0.972	-0.112
0.260	1.000	0.967	-0.112
0.270	1.000	0.967	-0.112
0.280	0.000	0.967	-0.107
0.290	0.000	0.957	1.158
0.300	0.000	0.909	2.560
0.310	0.000	0.806	3.825
0.320	0.000	0.645	4.807
0.330	0.000	0.489	5.222
0.340	0.000	0.347	5.335
0.350	0.000	0.195	4.880
0.360	0.000	0.029	4.128
0.370	0.000	-0.083	3.341
0.380	0.000	-0.161	2.462
0.390	0.000	-0.230	1.407
0.400	0.000	-0.264	0.342
0.410	0.000	-0.269	-0.239
0.420	0.000	-0.259	-0.689
0.430	0.000	-0.230	-1.001
0.440	0.000	-0.205	-1.138
0.450	0.000	-0.171	-1.207
0.460	0.000	-0.132	-1.133
0.470	0.000	-0.107	-1.060
0.480	0.000	-0.083	-0.894
0.490	0.000	-0.054	-0.664
0.500	0.000	-0.044	-0.532
0.510	0.000	-0.029	-0.352
0.520	0.000	-0.024	-0.156
0.530	0.000	-0.024	-0.107
0.540	0.000	-0.024	-0.107
0.550	0.000	-0.024	-0.107
0.560	0.000	-0.020	-0.112
0.570	0.000	-0.024	-0.112
0.580	0.000	-0.024	-0.112
0.590	0.000	-0.024	-0.112
0.600	0.000	-0.024	-0.117
0.610	0.000	-0.024	-0.112
0.620	0.000	-0.024	-0.112
0.630	0.000	-0.029	-0.112
0.640	0.000	-0.024	-0.112
0.650	0.000	-0.024	-0.112
0.660	0.000	-0.024	-0.107
0.670	0.000	-0.024	-0.112
0.680	0.000	-0.024	-0.112
0.690	0.000	-0.024	-0.107
0.700	0.000	-0.024	-0.112
0.710	0.000	-0.024	-0.112
0.720	0.000	-0.029	-0.112
0.730	0.000	-0.024	-0.112
0.740	0.000	-0.024	-0.112
0.750	0.000	-0.024	-0.112
0.760	0.000	-0.024	-0.112
0.770	0.000	-0.024	-0.112
0.780	0.000	-0.024	-0.112
0.790	0.000	-0.024	-0.112
0.800	0.000	-0.024	-0.112
0.810	0.000	-0.024	-0.112
0.820	0.000	-0.024	-0.112
0.830	0.000	-0.024	-0.112
0.840	0.000	-0.024	-0.107
0.850	0.000	-0.024	-0.112
0.860	0.000	-0.024	-0.112
0.870	0.000	-0.020	-0.112
0.880	0.000	-0.024	-0.112
0.890	0.000	-0.024	-0.112
0.900	1.000	-0.024	-0.112
0.910	1.000	-0.020	-1.060
0.920	1.000	0.034	-2.658
0.930	1.000	0.142	-3.942
0.940	1.000	0.259	-4.617
0.950	1.000	0.405	-5.242
0.960	1.000	0.591	-5.388
0.970	1.000	0.728	-5.134
0.980	1.000	0.865	-4.402
0.990	1.000	1.011	-3.341
1.000	1.000	1.080	-2.643
1.010	1.000	1.153	-1.700
1.020	1.000	1.182	-0.552
1.030	1.000	1.192	0.132
1.040	1.000	1.177	0.513
1.050	1.000	1.158	0.787
1.060	1.000	1.128	0.879
1.070	1.000	1.089	0.904
1.080	1.000	1.055	0.845
1.090	1.000	1.036	0.694
1.100	1.000	1.016	0.498
1.110	1.000	0.987	0.381
1.120	1.000	0.977	0.225
1.130	1.000	0.972	0.024
1.140	1.000	0.972	-0.122
1.150	1.000	0.972	-0.112
1.160	1.000	0.972	-0.117
1.170	1.000	0.967	-0.112
1.180	1.000	0.967	-0.107
1.190	1.000	0.967	-0.112
1.200	1.000	0.967	-0.112
1.210	1.000	0.972	-0.112
1.220	1.000	0.972	-0.112
1.230	1.000	0.972	-0.112
1.240	1.000	0.972	-0.112
1.250	1.000	0.972	-0.112
1.260	1.000	0.967	-0.112
1.270	1.000	0.972	-0.112
1.280	1.000	0.972	-0.112
1.290	1.000	0.967	-0.112
1.300	1.000	0.972	-0.107
1.310	1.000	0.967	-0.112
1.320	1.000	0.967	-0.112
1.330	1.000	0.967	-0.112
1.340	1.000	0.967	-0.112
1.350	1.000	0.972	-0.107
1.360	1.000	0.967	-0.112
1.370	1.000	0.972	-0.107
1.380	1.000	0.972	-0.103
1.390	1.000	0.972	-0.112
1.400	1.000	0.967	-0.112
1.410	1.000	0.972	-0.112
1.420	1.000	0.967	-0.107
1.430	1.000	0.967	-0.112
1.440	1.000	0.967	-0.107
1.450	1.000	0.972	-0.112
1.460	1.000	0.967	-0.117
1.470	1.000	0.967	-0.117
1.480	1.000	0.972	-0.107
1.490	1.000	0.972	-0.112
1.500	1.000	0.972	-0.112
1.510	1.000	0.972	-0.112
1.520	1.000	0.972	-0.112
1.530	0.000	0.967	-0.112
1.540	0.000	0.957	1.378
1.550	0.000	0.879	3.000
1.560	0.000	0.767	4.221
1.570	0.000	0.645	4.778
1.580	0.000	0.493	5.242
1.590	0.000	0.298	5.217
1.600	0.000	0.171	4.714
1.610	0.000	0.029	4.094
1.620	0.000	-0.107	3.117
1.630	0.000	-0.181	2.277
1.640	0.000	-0.239	1.187
1.650	0.000	-0.269	0.147
1.660	0.000	-0.274	-0.376
1.670	0.000	-0.259	-0.787
1.680	0.000	-0.220	-1.050
1.690	0.000	-0.191	-1.192
1.700	0.000	-0.161	-1.182
1.710	0.000	-0.127	-1.114
1.720	0.000	-0.098	-1.016
1.730	0.000	-0.073	-0.826
1.740	0.000	-0.054	-0.611
1.750	0.000	-0.044	-0.489
1.760	0.000	-0.029	-0.322
1.770	0.000	-0.024	-0.117
1.780	0.000	-0.024	-0.112
1.790	0.000	-0.024	-0.112
1.800	0.000	-0.024	-0.112
1.810	0.000	-0.024	-0.117
1.820	0.000	-0.024	-0.107
1.830	0.000	-0.024	-0.107
1.840	0.000	-0.024	-0.112
1.850	0.000	-0.024	-0.112
1.860	0.000	-0.024	-0.112
1.870	0.000	-0.024	-0.112
1.880	0.000	-0.024	-0.112
1.890	0.000	-0.024	-0.112
1.900	0.000	-0.024	-0.112
1.910	0.000	-0.024	-0.117
1.920	0.000	-0.024	-0.112
1.930	0.000	-0.024	-0.107
1.940	0.000	-0.024	-0.112
1.950	0.000	-0.024	-0.112
1.960	0.000	-0.024	-0.112
1.970	0.000	-0.024	-0.112
1.980	0.000	-0.024	-0.112
1.990	0.000	-0.020	-0.112
2.000	0.000	-0.024	-0.107
2.010	0.000	-0.024	-0.117
2.020	0.000	-0.024	-0.112
2.030	0.000	-0.024	-0.112
2.040	0.000	-0.024	-0.112
2.050	0.000	-0.024	-0.112
2.060	0.000	-0.024	-0.117
2.070	0.000	-0.024	-0.112
2.080	0.000	-0.024	-0.112
2.090	0.000	-0.024	-0.112
2.100	0.000	-0.024	-0.112
2.110	0.000	-0.024	-0.112
2.120	0.000	-0.024	-0.112
2.130	0.000	-0.024	-0.112
2.140	0.000	-0.024	-0.112
2.150	0.000	-0.024	-0.112
2.160	1.000	-0.024	-0.117
2.170	1.000	-0.015	-1.339
2.180	1.000	0.034	-2.628
2.190	1.000	0.137	-3.830
2.200	1.000	0.274	-4.827
2.210	1.000	0.401	-5.222
2.220	1.000	0.567	-5.271
2.230	1.000	0.747	-5.090
2.240	1.000	0.865	-4.441
2.250	1.000	0.982	-3.630
2.260	1.000	1.099	-2.457
2.270	1.000	1.153	-1.739
2.280	1.000	1.182	-0.699
2.290	1.000	1.192	0.200
2.300	1.000	1.177	0.513
2.310	1.000	1.158	0.757
2.320	1.000	1.128	0.874
2.330	1.000	1.099	0.884
2.340	1.000	1.060	0.874
2.350	1.000	1.036	0.703
2.360	1.000	1.016	0.489
2.370	1.000	0.992	0.405
2.380	1.000	0.977	0.230
2.390	1.000	0.972	-0.005
2.400	1.000	0.972	-0.122
2.410	1.000	0.972	-0.112
2.420	1.000	0.967	-0.112
2.430	1.000	0.967	-0.112
2.440	1.000	0.972	-0.112
2.450	1.000	0.972	-0.107
2.460	1.000	0.972	-0.112
2.470	1.000	0.972	-0.107
2.480	1.000	0.967	-0.112
2.490	1.000	0.972	-0.112
2.500	1.000	0.972	-0.112
2.510	1.000	0.967	-0.112
2.520	1.000	0.972	-0.112
2.530	1.000	0.972	-0.107
2.540	1.000	0.972	-0.117
2.550	1.000	0.967	-0.112
2.560	1.000	0.972	-0.112
2.570	1.000	0.972	-0.112
2.580	1.000	0.967	-0.112
2.590	1.000	0.972	-0.112
2.600	1.000	0.972	-0.112
2.610	1.000	0.972	-0.112
2.620	1.000	0.972	-0.112
2.630	1.000	0.967	-0.112
2.640	1.000	0.972	-0.112
2.650	1.000	0.967	-0.112
2.660	1.000	0.967	-0.107
2.670	1.000	0.972	-0.112
2.680	1.000	0.972	-0.112
2.690	1.000	0.972	-0.112
2.700	1.000	0.967	-0.107
2.710	1.000	0.972	-0.112
2.720	1.000	0.972	-0.107
2.730	1.000	0.972	-0.112
2.740	1.000	0.972	-0.112
2.750	1.000	0.967	-0.112
2.760	1.000	0.972	-0.112
2.770	1.000	0.967	-0.112
2.780	1.000	0.967	-0.117
2.790	0.000	0.967	-0.117
2.800	0.000	0.967	0.787
2.810	0.000	0.909	2.521
2.820	0.000	0.787	3.889
2.830	0.000	0.674	4.748
2.840	0.000	0.518	5.286
2.850	0.000	0.327	5.066
2.860	0.000	0.200	4.988
2.870	0.000	0.049	4.387
2.880	0.000	-0.093	3.278
2.890	0.000	-0.186	2.262
2.900	0.000	-0.234	1.387
2.910	0.000	-0.269	0.415
2.920	0.000	-0.269	-0.405
2.930	0.000	-0.259	-0.747
2.940	0.000	-0.234	-1.006
2.950	0.000	-0.195	-1.197
2.960	0.000	-0.156	-1.207
2.970	0.000	-0.132	-1.158
2.980	0.000	-0.103	-1.036
2.990	0.000	-0.073	-0.826
3.000	0.000	-0.054	-0.635
3.010	0.000	-0.039	-0.479
3.020	0.000	-0.029	-0.303
3.030	0.000	-0.024	-0.156
3.040	0.000	-0.024	-0.103
3.050	0.000	-0.024	-0.107
3.060	0.000	-0.024	-0.117
3.070	0.000	-0.024	-0.112
3.080	0.000	-0.024	-0.112
3.090	0.000	-0.024	-0.112
3.100	0.000	-0.024	-0.112
3.110	0.000	-0.024	-0.112
3.120	0.000	-0.029	-0.112
3.130	0.000	-0.024	-0.112
3.140	0.000	-0.024	-0.112
3.150	0.000	-0.024	-0.112
3.160	0.000	-0.024	-0.112
3.170	0.000	-0.024	-0.107
3.180	0.000	-0.024	-0.112
3.190	0.000	-0.024	-0.112
3.200	0.000	-0.024	-0.107
3.210	0.000	-0.024	-0.112
3.220	0.000	-0.024	-0.112
3.230	0.000	-0.024	-0.112
3.240	0.000	-0.020	-0.112
3.250	0.000	-0.024	-0.117
3.260	0.000	-0.024	-0.112
3.270	0.000	-0.024	-0.107
3.280	0.000	-0.024	-0.112
3.290	0.000	-0.024	-0.112
3.300	0.000	-0.024	-0.117
3.310	0.000	-0.024	-0.117
3.320	0.000	-0.024	-0.112
3.330	0.000	-0.024	-0.112
3.340	0.000	-0.024	-0.112
3.350	0.000	-0.020	-0.112
3.360	0.000	-0.024	-0.112
3.370	0.000	-0.024	-0.112
3.380	0.000	-0.024	-0.117
3.390	0.000	-0.024	-0.107
3.400	0.000	-0.024	-0.112
3.410	0.000	-0.024	-0.112
3.420	1.000	-0.024	-0.117
3.430	1.000	-0.005	-1.661
3.440	1.000	0.044	-2.872
3.450	1.000	0.142	-3.942
3.460	1.000	0.298	-4.895
3.470	1.000	0.425	-5.432
3.480	1.000	0.601	-5.379
3.490	1.000	0.782	-4.778
3.500	1.000	0.884	-4.475
3.510	1.000	1.016	-3.312
3.520	1.000	1.114	-2.355
3.530	1.000	1.172	-1.309
3.540	1.000	1.187	-0.513
3.550	1.000	1.192	0.234
3.560	1.000	1.172	0.640
3.570	1.000	1.143	0.850
3.580	1.000	1.119	0.894
3.590	1.000	1.080	0.928
3.600	1.000	1.055	0.855
3.610	1.000	1.036	0.664
3.620	1.000	1.011	0.484
3.630	1.000	0.982	0.391
3.640	1.000	0.977	0.195
3.650	1.000	0.967	-0.034
3.660	1.000	0.972	-0.132
3.670	1.000	0.972	-0.112
3.680	1.000	0.967	-0.112
3.690	1.000	0.967	-0.112
3.700	1.000	0.972	-0.112
3.710	1.000	0.967	-0.112
3.720	1.000	0.972	-0.112
3.730	1.000	0.967	-0.107
3.740	1.000	0.967	-0.112
3.750	1.000	0.967	-0.117
3.760	1.000	0.972	-0.112
3.770	1.000	0.972	-0.112
3.780	1.000	0.972	-0.112
3.790	1.000	0.967	-0.117
3.800	1.000	0.972	-0.112
3.810	1.000	0.972	-0.112
3.820	1.000	0.972	-0.112
3.830	1.000	0.967	-0.112
3.840	1.000	0.967	-0.112
3.850	1.000	0.972	-0.112
3.860	1.000	0.967	-0.112
3.870	1.000	0.967	-0.112
3.880	1.000	0.972	-0.112
3.890	1.000	0.967	-0.112
3.900	1.000	0.972	-0.117
3.910	1.000	0.967	-0.112
3.920	1.000	0.967	-0.112
3.930	1.000	0.967	-0.117
3.940	1.000	0.967	-0.112
3.950	1.000	0.967	-0.112
3.960	1.000	0.972	-0.112
3.970	1.000	0.967	-0.112
3.980	1.000	0.967	-0.117
3.990	1.000	0.967	-0.112
4.000	1.000	0.967	-0.112
4.010	1.000	0.967	-0.112
4.020	1.000	0.967	-0.112
4.030	1.000	0.972	-0.112
4.040	1.000	0.967	-0.112
4.050	0.000	0.972	-0.112
4.060	0.000	0.957	1.148
4.070	0.000	0.874	3.029
4.080	0.000	0.787	3.918
4.090	0.000	0.645	4.787
4.100	0.000	0.449	5.442
4.110	0.000	0.318	5.159
4.120	0.000	0.156	4.763
4.130	0.000	0.000	4.025
4.140	0.000	-0.103	3.263
4.150	0.000	-0.186	2.218
4.160	0.000	-0.249	0.928
4.170	0.000	-0.269	0.254
4.180	0.000	-0.269	-0.405
4.190	0.000	-0.254	-0.879
4.200	0.000	-0.234	-1.055
4.210	0.000	-0.195	-1.207
4.220	0.000	-0.151	-1.187
4.230	0.000	-0.132	-1.168
4.240	0.000	-0.098	-1.041
4.250	0.000	-0.073	-0.796
4.260	0.000	-0.054	-0.664
4.270	0.000	-0.039	-0.503
4.280	0.000	-0.024	-0.264
4.290	0.000	-0.020	-0.112
4.300	0.000	-0.020	-0.112
4.310	0.000	-0.020	-0.112
4.320	0.000	-0.020	-0.112
4.330	0.000	-0.020	-0.107
4.340	0.000	-0.020	-0.112
4.350	0.000	-0.020	-0.112
4.360	0.000	-0.020	-0.107
4.370	0.000	-0.020	-0.112
4.380	0.000	-0.020	-0.117
4.390	0.000	-0.020	-0.107
4.400	0.000	-0.020	-0.107
4.410	0.000	-0.020	-0.107
4.420	0.000	-0.024	-0.107
4.430	0.000	-0.020	-0.112
4.440	0.000	-0.020	-0.107
4.450	0.000	-0.020	-0.112
4.460	0.000	-0.020	-0.112
4.470	0.000	-0.020	-0.112
4.480	0.000	-0.020	-0.117
4.490	0.000	-0.020	-0.112
4.500	0.000	-0.020	-0.112
4.510	0.000	-0.020	-0.112
4.520	0.000	-0.020	-0.112
4.530	0.000	-0.020	-0.112
4.540	0.000	-0.020	-0.117
4.550	0.000	-0.020	-0.112
4.560	0.000	-0.020	-0.117
4.570	0.000	-0.020	-0.112
4.580	0.000	-0.020	-0.112
4.590	0.000	-0.020	-0.112
4.600	0.000	-0.020	-0.112
4.610	0.000	-0.020	-0.112
4.620	0.000	-0.020	-0.112
4.630	0.000	-0.020	-0.107
4.640	0.000	-0.020	-0.112
4.650	0.000	-0.020	-0.117
4.660	0.000	-0.020	-0.112
4.670	1.000	-0.020	-0.112
4.680	1.000	0.000	-1.602
4.690	1.000	0.068	-3.102
4.700	1.000	0.147	-3.937
4.710	1.000	0.278	-4.846
4.720	1.000	0.454	-5.364
4.730	1.000	0.596	-5.379
4.740	1.000	0.747	-5.090
4.750	1.000	0.909	-4.275
4.760	1.000	1.016	-3.317
4.770	1.000	1.104	-2.438
4.780	1.000	1.168	-1.309
4.790	1.000	1.187	-0.498
4.800	1.000	1.187	0.234
4.810	1.000	1.172	0.620
4.820	1.000	1.153	0.801
4.830	1.000	1.124	0.879
4.840	1.000	1.080	0.928
4.850	1.000	1.050	0.826
4.860	1.000	1.026	0.620
4.870	1.000	1.011	0.498
4.880	1.000	0.982	0.376
4.890	1.000	0.972	0.142
4.900	1.000	0.972	-0.024
4.910	1.000	0.967	-0.122
4.920	1.000	0.967	-0.117
4.930	1.000	0.972	-0.103
4.940	1.000	0.967	-0.112
4.950	1.000	0.972	-0.112
4.960	1.000	0.972	-0.107
4.970	1.000	0.967	-0.112
4.980	1.000	0.972	-0.112
4.990	1.000	0.967	-0.112
5.000	1.000	0.967	-0.112
5.010	1.000	0.972	-0.112
5.020	1.000	0.972	-0.112
5.030	1.000	0.967	-0.112
5.040	1.000	0.967	-0.112
5.050	1.000	0.967	-0.107
5.060	1.000	0.972	-0.112
5.070	1.000	0.967	-0.117
5.080	1.000	0.967	-0.112
5.090	1.000	0.967	-0.112
5.100	1.000	0.972	-0.112
5.110	1.000	0.967	-0.117
5.120	1.000	0.967	-0.112
5.130	1.000	0.972	-0.112
5.140	1.000	0.972	-0.107
5.150	1.000	0.967	-0.112
5.160	1.000	0.972	-0.112
5.170	1.000	0.967	-0.107
5.180	1.000	0.972	-0.112
5.190	1.000	0.967	-0.112
5.200	1.000	0.972	-0.112
5.210	1.000	0.972	-0.107
5.220	1.000	0.967	-0.112
5.230	1.000	0.972	-0.107
5.240	1.000	0.972	-0.112
5.250	1.000	0.967	-0.112
5.260	1.000	0.972	-0.112
5.270	1.000	0.972	-0.112
5.280	1.000	0.967	-0.112
5.290	1.000	0.972	-0.112
5.300	0.000	0.967	-0.112
5.310	0.000	0.953	1.422
5.320	0.000	0.894	2.843
5.330	0.000	0.787	3.903
5.340	0.000	0.620	4.915
5.350	0.000	0.484	5.242
5.360	0.000	0.318	5.144
5.370	0.000	0.156	4.822
5.380	0.000	0.000	4.050
5.390	0.000	-0.098	3.244
5.400	0.000	-0.186	2.203
5.410	0.000	-0.249	0.962
5.420	0.000	-0.269	0.244
5.430	0.000	-0.274	-0.420
5.440	0.000	-0.254	-0.879
5.450	0.000	-0.220	-1.080
5.460	0.000	-0.191	-1.207
5.470	0.000	-0.156	-1.197
5.480	0.000	-0.122	-1.124
5.490	0.000	-0.098	-1.016
5.500	0.000	-0.078	-0.811
5.510	0.000	-0.054	-0.611
5.520	0.000	-0.039	-0.489
5.530	0.000	-0.024	-0.313
5.540	0.000	-0.024	-0.103
5.550	0.000	-0.024	-0.112
5.560	0.000	-0.020	-0.112
5.570	0.000	-0.024	-0.112
5.580	0.000	-0.029	-0.112
5.590	0.000	-0.024	-0.107
5.600	0.000	-0.024	-0.112
5.610	0.000	-0.020	-0.112
5.620	0.000	-0.020	-0.112
5.630	0.000	-0.020	-0.107
5.640	0.000	-0.024	-0.112
5.650	0.000	-0.024	-0.117
5.660	0.000	-0.024	-0.112
5.670	0.000	-0.024	-0.112
5.680	0.000	-0.024	-0.112
5.690	0.000	-0.024	-0.112
5.700	0.000	-0.024	-0.112
5.710	0.000	-0.024	-0.112
5.720	0.000	-0.024	-0.112
5.730	0.000	-0.024	-0.112
5.740	0.000	-0.024	-0.112
5.750	0.000	-0.024	-0.117
5.760	0.000	-0.020	-0.112
5.770	0.000	-0.024	-0.107
5.780	0.000	-0.024	-0.112
5.790	0.000	-0.020	-0.112
5.800	0.000	-0.024	-0.117
5.810	0.000	-0.024	-0.107
5.820	0.000	-0.024	-0.107
5.830	0.000	-0.024	-0.112
5.840	0.000	-0.020	-0.112
5.850	0.000	-0.024	-0.112
5.860	0.000	-0.020	-0.107
5.870	0.000	-0.024	-0.117
5.880	0.000	-0.024	-0.112
5.890	0.000	-0.024	-0.112
5.900	0.000	-0.020	-0.107
5.910	0.000	-0.024	-0.112
5.920	0.000	-0.024	-0.117
5.930	1.000	-0.024	-0.112
5.940	1.000	-0.005	-1.602
5.950	1.000	0.064	-3.112
5.960	1.000	0.147	-3.957
5.970	1.000	0.278	-4.851
5.980	1.000	0.449	-5.413
5.990	1.000	0.596	-5.408
6.000	1.000	0.747	-5.100
6.010	1.000	0.909	-4.221
6.020	1.000	1.016	-3.327
6.030	1.000	1.099	-2.447
6.040	1.000	1.168	-1.285
6.050	1.000	1.187	-0.298
6.060	1.000	1.192	0.210
6.070	1.000	1.177	0.567
6.080	1.000	1.148	0.845
6.090	1.000	1.119	0.904
6.100	1.000	1.089	0.928
6.110	1.000	1.055	0.860
6.120	1.000	1.026	0.630
6.130	1.000	1.016	0.518
6.140	1.000	0.987	0.396
6.150	1.000	0.972	0.161
6.160	1.000	0.967	-0.039
6.170	1.000	0.967	-0.132
6.180	1.000	0.967	-0.112
6.190	1.000	0.962	-0.112
6.200	1.000	0.967	-0.112
6.210	1.000	0.967	-0.112
6.220	1.000	0.962	-0.107
6.230	1.000	0.967	-0.112
6.240	1.000	0.967	-0.112
6.250	1.000	0.967	-0.112
6.260	1.000	0.962	-0.112
6.270	1.000	0.967	-0.112
6.280	1.000	0.967	-0.112
6.290	1.000	0.962	-0.112
6.300	1.000	0.967	-0.112
6.310	1.000	0.962	-0.112
6.320	1.000	0.962	-0.107
6.330	1.000	0.967	-0.112
6.340	1.000	0.967	-0.112
6.350	1.000	0.967	-0.112
6.360	1.000	0.962	-0.112
6.370	1.000	0.967	-0.112
6.380	1.000	0.967	-0.112
6.390	1.000	0.967	-0.117
6.400	1.000	0.962	-0.107
6.410	1.000	0.962	-0.112
6.420	1.000	0.962	-0.117
6.430	1.000	0.967	-0.112
6.440	1.000	0.962	-0.112
6.450	1.000	0.962	-0.112
6.460	1.000	0.967	-0.112
6.470	1.000	0.967	-0.107
6.480	1.000	0.962	-0.112
6.490	1.000	0.967	-0.112
6.500	1.000	0.967	-0.112
6.510	1.000	0.967	-0.112
6.520	1.000	0.962	-0.112
6.530	1.000	0.967	-0.112
6.540	1.000	0.962	-0.112
6.550	1.000	0.962	-0.112
6.560	0.000	0.962	-0.117
6.570	0.000	0.957	1.138
6.580	0.000	0.909	2.482
6.590	0.000	0.811	3.776
6.600	0.000	0.645	4.783
6.610	0.000	0.479	5.154
6.620	0.000	0.352	5.388
6.630	0.000	0.200	4.924
6.640	0.000	0.029	4.084
6.650	0.000	-0.093	3.298
6.660	0.000	-0.186	2.247
6.670	0.000	-0.239	1.172
6.680	0.000	-0.269	0.435
6.690	0.000	-0.274	-0.298
6.700	0.000	-0.254	-0.821
6.710	0.000	-0.234	-1.016
6.720	0.000	-0.200	-1.172
6.730	0.000	-0.156	-1.202
6.740	0.000	-0.132	-1.153
6.750	0.000	-0.107	-1.041
6.760	0.000	-0.078	-0.816
6.770	0.000	-0.059	-0.684
6.780	0.000	-0.044	-0.523
6.790	0.000	-0.024	-0.308
6.800	0.000	-0.024	-0.156
6.810	0.000	-0.020	-0.103
6.820	0.000	-0.020	-0.112
6.830	0.000	-0.024	-0.112
6.840	0.000	-0.024	-0.112
6.850	0.000	-0.024	-0.117
6.860	0.000	-0.020	-0.112
6.870	0.000	-0.024	-0.112
6.880	0.000	-0.020	-0.117
6.890	0.000	-0.024	-0.112
6.900	0.000	-0.020	-0.107
6.910	0.000	-0.020	-0.112
6.920	0.000	-0.024	-0.107
6.930	0.000	-0.020	-0.112
6.940	0.000	-0.020	-0.112
6.950	0.000	-0.020	-0.112
6.960	0.000	-0.020	-0.107
6.970	0.000	-0.020	-0.112
6.980	0.000	-0.020	-0.112
6.990	0.000	-0.024	-0.112
7.000	0.000	-0.020	-0.112
7.010	0.000	-0.024	-0.117
7.020	0.000	-0.020	-0.112
7.030	0.000	-0.024	-0.117
7.040	0.000	-0.020	-0.112
7.050	0.000	-0.020	-0.112
7.060	0.000	-0.020	-0.107
7.070	0.000	-0.020	-0.112
7.080	0.000	-0.024	-0.112
7.090	0.000	-0.024	-0.107
7.100	0.000	-0.020	-0.112
7.110	0.000	-0.024	-0.112
7.120	0.000	-0.020	-0.112
7.130	0.000	-0.024	-0.112
7.140	0.000	-0.020	-0.112
7.150	0.000	-0.024	-0.112
7.160	0.000	-0.020	-0.112
7.170	0.000	-0.020	-0.112
7.180	0.000	-0.024	-0.112
7.190	1.000	-0.020	-0.112
7.200	1.000	-0.020	-0.215
7.210	1.000	0.029	-2.345
7.220	1.000	0.112	-3.547
7.230	1.000	0.191	-4.284
7.240	1.000	0.332	-5.105
7.250	1.000	0.513	-5.657
7.260	1.000	0.655	-5.511
7.270	1.000	0.816	-5.017
7.280	1.000	0.972	-3.967
7.290	1.000	1.060	-3.307
7.300	1.000	1.153	-2.071
7.310	1.000	1.197	-0.953
7.320	1.000	1.216	-0.127
7.330	1.000	1.207	0.410
7.340	1.000	1.182	0.767
7.350	1.000	1.148	0.992
7.360	1.000	1.124	1.036
7.370	1.000	1.080	1.031
7.380	1.000	1.041	0.879
7.390	1.000	1.021	0.669
7.400	1.000	0.997	0.532
7.410	1.000	0.977	0.308
7.420	1.000	0.967	0.132
7.430	1.000	0.962	-0.112
7.440	1.000	0.962	-0.127
7.450	1.000	0.962	-0.112
7.460	1.000	0.962	-0.117
7.470	1.000	0.962	-0.107
7.480	1.000	0.962	-0.112
7.490	1.000	0.962	-0.117
7.500	1.000	0.962	-0.107
7.510	1.000	0.962	-0.107
7.520	1.000	0.962	-0.112
7.530	1.000	0.962	-0.112
7.540	1.000	0.962	-0.107
7.550	1.000	0.962	-0.112
7.560	1.000	0.962	-0.112
7.570	1.000	0.957	-0.112
7.580	1.000	0.962	-0.112
7.590	1.000	0.962	-0.112
7.600	1.000	0.962	-0.112
7.610	1.000	0.962	-0.112
7.620	1.000	0.962	-0.107
7.630	1.000	0.962	-0.112
7.640	1.000	0.962	-0.112
7.650	1.000	0.962	-0.117
7.660	1.000	0.962	-0.107
7.670	1.000	0.957	-0.112
7.680	1.000	0.962	-0.112
7.690	1.000	0.962	-0.112
7.700	1.000	0.962	-0.112
7.710	1.000	0.957	-0.112
7.720	1.000	0.962	-0.112
7.730	1.000	0.957	-0.112
7.740	1.000	0.962	-0.112
7.750	1.000	0.962	-0.112
7.760	1.000	0.962	-0.112
7.770	1.000	0.962	-0.112
7.780	1.000	0.962	-0.107
7.790	1.000	0.962	-0.112
7.800	1.000	0.962	-0.112
7.810	1.000	0.962	-0.112
7.820	0.000	0.962	-0.112
7.830	0.000	0.953	1.221
7.840	0.000	0.865	3.004
7.850	0.000	0.767	4.172
7.860	0.000	0.611	5.022
7.870	0.000	0.474	5.354
7.880	0.000	0.308	5.291
7.890	0.000	0.132	4.836
7.900	0.000	0.015	4.084
7.910	0.000	-0.112	3.141
7.920	0.000	-0.215	1.656
7.930	0.000	-0.264	0.806
7.940	0.000	-0.274	0.381
7.950	0.000	-0.283	-0.391
7.960	0.000	-0.264	-0.938
7.970	0.000	-0.234	-1.133
7.980	0.000	-0.205	-1.255
7.990	0.000	-0.156	-1.270
8.000	0.000	-0.127	-1.251
8.010	0.000	-0.098	-1.099
8.020	0.000	-0.068	-0.826
8.030	0.000	-0.049	-0.689
8.040	0.000	-0.034	-0.498
8.050	0.000	-0.020	-0.239
8.060	0.000	-0.020	-0.103
8.070	0.000	-0.020	-0.112
8.080	0.000	-0.020	-0.112
8.090	0.000	-0.020	-0.112
8.100	0.000	-0.020	-0.112
8.110	0.000	-0.020	-0.112
8.120	0.000	-0.020	-0.117
8.130	0.000	-0.020	-0.112
8.140	0.000	-0.020	-0.112
8.150	0.000	-0.020	-0.107
8.160	0.000	-0.020	-0.112
8.170	0.000	-0.020	-0.107
8.180	0.000	-0.020	-0.107
8.190	0.000	-0.020	-0.107
8.200	0.000	-0.020	-0.112
8.210	0.000	-0.020	-0.107
8.220	0.000	-0.020	-0.107
8.230	0.000	-0.020	-0.112
8.240	0.000	-0.020	-0.112
8.250	0.000	-0.020	-0.112
8.260	0.000	-0.020	-0.112
8.270	0.000	-0.020	-0.112
8.280	0.000	-0.020	-0.112
8.290	0.000	-0.020	-0.112
8.300	0.000	-0.020	-0.112
8.310	0.000	-0.020	-0.112
8.320	0.000	-0.020	-0.112
8.330	0.000	-0.020	-0.112
8.340	0.000	-0.020	-0.107
8.350	0.000	-0.015	-0.107
8.360	0.000	-0.020	-0.112
8.370	0.000	-0.020	-0.112
8.380	0.000	-0.015	-0.117
8.390	0.000	-0.015	-0.112
8.400	0.000	-0.020	-0.112
8.410	0.000	-0.015	-0.112
8.420	0.000	-0.020	-0.112
8.430	0.000	-0.020	-0.112
8.440	1.000	-0.020	-0.117
8.450	1.000	0.005	-1.597
8.460	1.000	0.054	-2.916
8.470	1.000	0.151	-3.937
8.480	1.000	0.308	-4.851
8.490	1.000	0.430	-5.535
8.500	1.000	0.606	-5.393
8.510	1.000	0.767	-5.305
8.520	1.000	0.904	-4.533
8.530	1.000	1.050	-3.429
8.540	1.000	1.128	-2.579
8.550	1.000	1.177	-1.397
8.560	1.000	1.212	-0.274
8.570	1.000	1.212	0.205
8.580	1.000	1.192	0.669
8.590	1.000	1.163	0.933
8.600	1.000	1.133	1.026
8.610	1.000	1.099	0.997
8.620	1.000	1.055	0.943
8.630	1.000	1.031	0.767
8.640	1.000	1.011	0.581
8.650	1.000	0.982	0.396
8.660	1.000	0.972	0.239
8.670	1.000	0.962	0.015
8.680	1.000	0.962	-0.137
8.690	1.000	0.962	-0.117
8.700	1.000	0.962	-0.112
8.710	1.000	0.962	-0.107
8.720	1.000	0.962	-0.117
8.730	1.000	0.962	-0.112
8.740	1.000	0.962	-0.112
8.750	1.000	0.962	-0.117
8.760	1.000	0.962	-0.112
8.770	1.000	0.962	-0.107
8.780	1.000	0.962	-0.112
8.790	1.000	0.962	-0.112
8.800	1.000	0.962	-0.112
8.810	1.000	0.962	-0.112
8.820	1.000	0.962	-0.112
8.830	1.000	0.962	-0.112
8.840	1.000	0.962	-0.112
8.850	1.000	0.957	-0.112
8.860	1.000	0.962	-0.107
8.870	1.000	0.962	-0.107
8.880	1.000	0.962	-0.112
8.890	1.000	0.962	-0.112
8.900	1.000	0.962	-0.112
8.910	1.000	0.957	-0.117
8.920	1.000	0.962	-0.112
8.930	1.000	0.962	-0.112
8.940	1.000	0.957	-0.107
8.950	1.000	0.957	-0.107
8.960	1.000	0.962	-0.112
8.970	1.000	0.962	-0.107
8.980	1.000	0.957	-0.112
8.990	1.000	0.962	-0.112
9.000	1.000	0.957	-0.112
9.010	1.000	0.962	-0.112
9.020	1.000	0.962	-0.112
9.030	1.000	0.962	-0.112
9.040	1.000	0.962	-0.112
9.050	1.000	0.962	-0.112
9.060	1.000	0.962	-0.112
9.070	0.000	0.962	-0.107
9.080	0.000	0.943	1.441
9.090	0.000	0.865	2.980
9.100	0.000	0.782	4.025
9.110	0.000	0.635	4.670
9.120	0.000	0.391	5.344
9.130	0.000	0.142	5.706
9.140	0.000	0.098	5.296
9.150	0.000	-0.098	4.182
9.160	0.000	-0.191	3.234
9.170	0.000	-0.269	2.247
9.180	0.000	-0.327	0.811
9.190	0.000	-0.332	-0.005
9.200	0.000	-0.327	-0.777
9.210	0.000	-0.298	-1.260
9.220	0.000	-0.254	-1.568
9.230	0.000	-0.210	-1.661
9.240	0.000	-0.166	-1.637
9.250	0.000	-0.122	-1.534
9.260	0.000	-0.083	-1.285
9.270	0.000	-0.044	-0.977
9.280	0.000	-0.020	-0.801
9.290	0.000	0.000	-0.425
9.300	0.000	0.005	-0.200
9.310	0.000	0.005	-0.088
9.320	0.000	0.005	-0.103
9.330	0.000	0.005	-0.112
9.340	0.000	0.005	-0.107
9.350	0.000	0.010	-0.112
9.360	0.000	0.010	-0.107
9.370	0.000	0.005	-0.112
9.380	0.000	0.005	-0.117
9.390	0.000	0.005	-0.112
9.400	0.000	0.005	-0.112
9.410	0.000	0.005	-0.112
9.420	0.000	0.005	-0.112
9.430	0.000	0.005	-0.117
9.440	0.000	0.005	-0.112
9.450	0.000	0.005	-0.107
9.460	0.000	0.005	-0.112
9.470	0.000	0.005	-0.112
9.480	0.000	0.005	-0.112
9.490	0.000	0.005	-0.117
9.500	0.000	0.005	-0.112
9.510	0.000	0.005	-0.112
9.520	0.000	0.005	-0.112
9.530	0.000	0.005	-0.112
9.540	0.000	0.005	-0.112
9.550	0.000	0.005	-0.112
9.560	0.000	0.005	-0.112
9.570	0.000	0.005	-0.112
9.580	0.000	0.005	-0.112
9.590	0.000	0.005	-0.112
9.600	0.000	0.005	-0.112
9.610	0.000	0.005	-0.117
9.620	0.000	0.005	-0.112
9.630	0.000	0.005	-0.112
9.640	0.000	0.005	-0.112
9.650	0.000	0.005	-0.112
9.660	0.000	0.005	-0.112
9.670	0.000	0.005	-0.112
9.680	0.000	0.005	-0.112
9.690	0.000	0.005	-0.112
9.700	1.000	0.005	-0.112
9.710	1.000	0.020	-1.339
9.720	1.000	0.064	-2.741
9.730	1.000	0.156	-3.776
9.740	1.000	0.308	-4.768
9.750	1.000	0.435	-5.335
9.760	1.000	0.674	-5.247
9.770	1.000	0.791	-4.905
9.780	1.000	0.909	-4.372
9.790	1.000	1.036	-3.346
9.800	1.000	1.109	-2.491
9.810	1.000	1.168	-1.436
9.820	1.000	1.192	-0.274
9.830	1.000	1.192	0.283
9.840	1.000	1.177	0.581
9.850	1.000	1.153	0.816
9.860	1.000	1.119	0.909
9.870	1.000	1.085	0.953
9.880	1.000	1.060	0.874
9.890	1.000	1.036	0.684
9.900	1.000	1.011	0.523
9.910	1.000	0.982	0.410
9.920	1.000	0.972	0.195
9.930	1.000	0.962	-0.049
9.940	1.000	0.967	-0.132
9.950	1.000	0.967	-0.112
9.960	1.000	0.962	-0.112
9.970	1.000	0.967	-0.117
9.980	1.000	0.962	-0.112
9.990	1.000	0.967	-0.112
10.000	1.000	0.967	-0.112
10.010	1.000	0.962	-0.117
10.020	1.000	0.962	-0.112
10.030	1.000	0.967	-0.107
10.040	1.000	0.962	-0.117
10.050	1.000	0.967	-0.112
10.060	1.000	0.967	-0.112
10.070	1.000	0.967	-0.112
10.080	1.000	0.967	-0.112
10.090	1.000	0.962	-0.112
10.100	1.000	0.967	-0.107
10.110	1.000	0.962	-0.112
10.120	1.000	0.962	-0.112
10.130	1.000	0.967	-0.107
10.140	1.000	0.967	-0.112
10.150	1.000	0.962	-0.112
10.160	1.000	0.967	-0.112
10.170	1.000	0.967	-0.117
10.180	1.000	0.967	-0.112
10.190	1.000	0.962	-0.112
10.200	1.000	0.962	-0.107
10.210	1.000	0.967	-0.112
10.220	1.000	0.962	-0.112
10.230	1.000	0.967	-0.112
10.240	1.000	0.967	-0.112
10.250	1.000	0.962	-0.112
10.260	1.000	0.962	-0.112
10.270	1.000	0.967	-0.112
10.280	1.000	0.962	-0.112
10.290	1.000	0.967	-0.112
10.300	1.000	0.967	-0.112
10.310	1.000	0.962	-0.112
10.320	1.000	0.967	-0.117
10.330	0.000	0.967	-0.112
10.340	0.000	0.948	1.417
10.350	0.000	0.874	3.004
10.360	0.000	0.762	4.250
10.370	0.000	0.625	4.836
10.380	0.000	0.474	5.173
10.390	0.000	0.313	5.125
10.400	0.000	0.137	4.739
10.410	0.000	0.010	4.084
10.420	0.000	-0.117	3.024
10.430	0.000	-0.191	2.281
10.440	0.000	-0.249	1.153
10.450	0.000	-0.274	0.318
10.460	0.000	-0.274	-0.410
10.470	0.000	-0.259	-0.904
10.480	0.000	-0.234	-1.094
10.490	0.000	-0.200	-1.236
10.500	0.000	-0.151	-1.226
10.510	0.000	-0.122	-1.197
10.520	0.000	-0.098	-1.065
10.530	0.000	-0.073	-0.840
10.540	0.000	-0.049	-0.645
10.550	0.000	-0.034	-0.469
10.560	0.000	-0.024	-0.293
10.570	0.000	-0.020	-0.103
10.580	0.000	-0.020	-0.112
10.590	0.000	-0.020	-0.112
10.600	0.000	-0.020	-0.112
10.610	0.000	-0.020	-0.112
10.620	0.000	-0.020	-0.107
10.630	0.000	-0.020	-0.117
10.640	0.000	-0.020	-0.112
10.650	0.000	-0.020	-0.112
10.660	0.000	-0.020	-0.117
10.670	0.000	-0.020	-0.107
10.680	0.000	-0.020	-0.112
10.690	0.000	-0.020	-0.112
10.700	0.000	-0.020	-0.112
10.710	0.000	-0.020	-0.112
10.720	0.000	-0.020	-0.112
10.730	0.000	-0.020	-0.112
10.740	0.000	-0.020	-0.112
10.750	0.000	-0.020	-0.112
10.760	0.000	-0.020	-0.117
10.770	0.000	-0.020	-0.112
10.780	0.000	-0.020	-0.112
10.790	0.000	-0.020	-0.112
10.800	0.000	-0.020	-0.112
10.810	0.000	-0.020	-0.112
10.820	0.000	-0.020	-0.112
10.830	0.000	-0.020	-0.112
10.840	0.000	-0.020	-0.112
10.850	0.000	-0.020	-0.107
10.860	0.000	-0.020	-0.112
10.870	0.000	-0.020	-0.112
10.880	0.000	-0.020	-0.112
10.890	0.000	-0.020	-0.103
10.900	0.000	-0.020	-0.112
10.910	0.000	-0.020	-0.112
10.920	0.000	-0.020	-0.112
10.930	0.000	-0.020	-0.112
10.940	0.000	-0.020	-0.112
10.950	0.000	-0.020	-0.103
10.960	1.000	-0.020	-0.107
10.970	1.000	-0.010	-1.265
10.980	1.000	0.044	-2.833
10.990	1.000	0.166	-3.933
11.000	1.000	0.288	-4.880
11.010	1.000	0.425	-5.383
11.020	1.000	0.591	-5.359
11.030	1.000	0.762	-5.007
11.040	1.000	0.904	-4.260
11.050	1.000	1.021	-3.327
11.060	1.000	1.094	-2.443
11.070	1.000	1.158	-1.544
11.080	1.000	1.187	-0.381
11.090	1.000	1.187	0.225
11.100	1.000	1.172	0.586
11.110	1.000	1.153	0.787
11.120	1.000	1.128	0.870
11.130	1.000	1.080	0.923
11.140	1.000	1.050	0.830
11.150	1.000	1.031	0.664
11.160	1.000	1.006	0.498
11.170	1.000	0.982	0.396
11.180	1.000	0.972	0.191
11.190	1.000	0.967	-0.020
11.200	1.000	0.967	-0.127
11.210	1.000	0.967	-0.117
11.220	1.000	0.967	-0.112
11.230	1.000	0.967	-0.107
11.240	1.000	0.967	-0.112
11.250	1.000	0.967	-0.112
11.260	1.000	0.967	-0.112
11.270	1.000	0.962	-0.112
11.280	1.000	0.967	-0.112
11.290	1.000	0.967	-0.112
11.300	1.000	0.962	-0.112
11.310	1.000	0.967	-0.107
11.320	1.000	0.967	-0.107
11.330	1.000	0.967	-0.112
11.340	1.000	0.967	-0.112
11.350	1.000	0.967	-0.112
11.360	1.000	0.972	-0.112
11.370	1.000	0.962	-0.117
11.380	1.000	0.972	-0.112
11.390	1.000	0.962	-0.117
11.400	1.000	0.972	-0.112
11.410	1.000	0.972	-0.112
11.420	1.000	0.962	-0.112
11.430	1.000	0.972	-0.107
11.440	1.000	0.967	-0.112
11.450	1.000	0.967	-0.112
11.460	1.000	0.967	-0.112
11.470	1.000	0.967	-0.112
11.480	1.000	0.967	-0.112
11.490	1.000	0.967	-0.112
11.500	1.000	0.967	-0.112
11.510	1.000	0.967	-0.112
11.520	1.000	0.967	-0.117
11.530	1.000	0.967	-0.117
11.540	1.000	0.962	-0.117
11.550	1.000	0.967	-0.112
11.560	1.000	0.967	-0.112
11.570	1.000	0.972	-0.112
11.580	1.000	0.967	-0.112
11.590	0.000	0.962	-0.112
11.600	0.000	0.957	1.187
11.610	0.000	0.874	3.039
11.620	0.000	0.782	3.962
11.630	0.000	0.640	4.748
11.640	0.000	0.454	5.374
11.650	0.000	0.288	5.256
11.660	0.000	0.151	4.929
11.670	0.000	0.020	4.079
11.680	0.000	-0.122	2.990
11.690	0.000	-0.191	2.286
11.700	0.000	-0.249	1.168
11.710	0.000	-0.274	0.244
11.720	0.000	-0.274	-0.542
11.730	0.000	-0.259	-0.923
11.740	0.000	-0.234	-1.119
11.750	0.000	-0.200	-1.246
11.760	0.000	-0.151	-1.246
11.770	0.000	-0.122	-1.212
11.780	0.000	-0.093	-1.036
11.790	0.000	-0.073	-0.855
11.800	0.000	-0.049	-0.684
11.810	0.000	-0.034	-0.523
11.820	0.000	-0.020	-0.298
11.830	0.000	-0.015	-0.093
11.840	0.000	-0.015	-0.107
11.850	0.000	-0.015	-0.112
11.860	0.000	-0.015	-0.107
11.870	0.000	-0.015	-0.112
11.880	0.000	-0.015	-0.107
11.890	0.000	-0.015	-0.112
11.900	0.000	-0.015	-0.112
11.910	0.000	-0.015	-0.112
11.920	0.000	-0.015	-0.112
11.930	0.000	-0.015	-0.112
11.940	0.000	-0.015	-0.112
11.950	0.000	-0.015	-0.112
11.960	0.000	-0.020	-0.112
11.970	0.000	-0.015	-0.117
11.980	0.000	-0.015	-0.112
11.990	0.000	-0.015	-0.112
12.000	0.000	-0.015	-0.112
12.010	0.000	-0.015	-0.112
12.020	0.000	-0.015	-0.112
12.030	0.000	-0.015	-0.107
12.040	0.000	-0.015	-0.112
12.050	0.000	-0.015	-0.112
12.060	0.000	-0.015	-0.112
12.070	0.000	-0.015	-0.112
12.080	0.000	-0.015	-0.112
12.090	0.000	-0.015	-0.112
12.100	0.000	-0.015	-0.117
12.110	0.000	-0.015	-0.112
12.120	0.000	-0.015	-0.112
12.130	0.000	-0.015	-0.112
12.140	0.000	-0.015	-0.107
12.150	0.000	-0.015	-0.112
12.160	0.000	-0.015	-0.112
12.170	0.000	-0.015	-0.112
12.180	0.000	-0.015	-0.112
12.190	0.000	-0.015	-0.112
12.200	0.000	-0.015	-0.112
12.210	1.000	-0.015	-0.112
12.220	1.000	-0.005	-1.383
12.230	1.000	0.068	-3.087
12.240	1.000	0.161	-3.913
12.250	1.000	0.313	-4.846
12.260	1.000	0.435	-5.476
12.270	1.000	0.611	-5.349
12.280	1.000	0.782	-4.773
12.290	1.000	0.914	-4.211
12.300	1.000	1.021	-3.317
12.310	1.000	1.104	-2.379
12.320	1.000	1.168	-1.255
12.330	1.000	1.182	-0.445
12.340	1.000	1.187	0.254
12.350	1.000	1.172	0.625
12.360	1.000	1.143	0.835
12.370	1.000	1.119	0.879
12.380	1.000	1.080	0.904
12.390	1.000	1.050	0.796
12.400	1.000	1.031	0.606
12.410	1.000	1.011	0.479
12.420	1.000	0.987	0.371
12.430	1.000	0.977	0.181
12.440	1.000	0.967	-0.044
12.450	1.000	0.967	-0.127
12.460	1.000	0.972	-0.107
12.470	1.000	0.967	-0.112
12.480	1.000	0.972	-0.112
12.490	1.000	0.972	-0.112
12.500	1.000	0.962	-0.112
12.510	1.000	0.967	-0.112
12.520	1.000	0.972	-0.112
12.530	1.000	0.972	-0.112
12.540	1.000	0.972	-0.112
12.550	1.000	0.967	-0.112
12.560	1.000	0.967	-0.107
12.570	1.000	0.967	-0.112
12.580	1.000	0.972	-0.112
12.590	1.000	0.972	-0.107
12.600	1.000	0.972	-0.117
12.610	1.000	0.972	-0.107
12.620	1.000	0.967	-0.117
12.630	1.000	0.967	-0.107
12.640	1.000	0.967	-0.107
12.650	1.000	0.967	-0.112
12.660	1.000	0.967	-0.107
12.670	1.000	0.967	-0.117
12.680	1.000	0.972	-0.112
12.690	1.000	0.967	-0.107
12.700	1.000	0.972	-0.112
12.710	1.000	0.967	-0.107
12.720	1.000	0.972	-0.112
12.730	1.000	0.967	-0.112
12.740	1.000	0.967	-0.112
12.750	1.000	0.967	-0.117
12.760	1.000	0.972	-0.112
12.770	1.000	0.967	-0.112
12.780	1.000	0.967	-0.112
12.790	1.000	0.972	-0.112
12.800	1.000	0.967	-0.112
12.810	1.000	0.967	-0.112
12.820	1.000	0.967	-0.112
12.830	1.000	0.967	-0.117
12.840	0.000	0.967	-0.117
12.850	0.000	0.957	1.207
12.860	0.000	0.904	2.614
12.870	0.000	0.801	3.835
12.880	0.000	0.645	4.783
12.890	0.000	0.489	5.237
12.900	0.000	0.318	5.139
12.910	0.000	0.191	4.846
12.920	0.000	0.039	4.240
12.930	0.000	-0.098	3.210
12.940	0.000	-0.186	2.345
12.950	0.000	-0.234	1.343
12.960	0.000	-0.269	0.396
12.970	0.000	-0.274	-0.415
12.980	0.000	-0.259	-0.850
12.990	0.000	-0.234	-1.055
13.000	0.000	-0.200	-1.202
13.010	0.000	-0.156	-1.221
13.020	0.000	-0.122	-1.158
13.030	0.000	-0.103	-1.065
13.040	0.000	-0.073	-0.865
13.050	0.000	-0.049	-0.635
13.060	0.000	-0.039	-0.474
13.070	0.000	-0.029	-0.313
13.080	0.000	-0.024	-0.132
13.090	0.000	-0.024	-0.112
13.100	0.000	-0.024	-0.112
13.110	0.000	-0.024	-0.112
13.120	0.000	-0.020	-0.107
13.130	0.000	-0.024	-0.112
13.140	0.000	-0.024	-0.112
13.150	0.000	-0.024	-0.112
13.160	0.000	-0.024	-0.112
13.170	0.000	-0.024	-0.117
13.180	0.000	-0.020	-0.112
13.190	0.000	-0.024	-0.107
13.200	0.000	-0.020	-0.112
13.210	0.000	-0.020	-0.107
13.220	0.000	-0.020	-0.112
13.230	0.000	-0.024	-0.112
13.240	0.000	-0.029	-0.112
13.250	0.000	-0.024	-0.112
13.260	0.000	-0.024	-0.112
13.270	0.000	-0.024	-0.112
13.280	0.000	-0.024	-0.112
13.290	0.000	-0.024	-0.112
13.300	0.000	-0.024	-0.112
13.310	0.000	-0.024	-0.112
13.320	0.000	-0.024	-0.112
13.330	0.000	-0.024	-0.112
13.340	0.000	-0.024	-0.112
13.350	0.000	-0.024	-0.112
13.360	0.000	-0.024	-0.117
13.370	0.000	-0.024	-0.112
13.380	0.000	-0.024	-0.112
13.390	0.000	-0.024	-0.112
13.400	0.000	-0.024	-0.112
13.410	0.000	-0.024	-0.112
13.420	0.000	-0.024	-0.112
13.430	0.000	-0.020	-0.112
13.440	0.000	-0.024	-0.112
13.450	0.000	-0.020	-0.107
13.460	0.000	-0.024	-0.112
13.470	1.000	-0.020	-0.107
13.480	1.000	-0.020	-0.620
13.490	1.000	0.020	-2.091
13.500	1.000	0.098	-3.376
13.510	1.000	0.239	-4.353
13.520	1.000	0.347	-5.217
13.530	1.000	0.513	-5.442
13.540	1.000	0.689	-5.076
13.550	1.000	0.821	-4.846
13.560	1.000	0.957	-3.908
13.570	1.000	1.075	-2.794
13.580	1.000	1.143	-2.052
13.590	1.000	1.187	-0.845
13.600	1.000	1.192	-0.083
13.610	1.000	1.192	0.381
13.620	1.000	1.172	0.679
13.630	1.000	1.138	0.894
13.640	1.000	1.114	0.909
13.650	1.000	1.080	0.923
13.660	1.000	1.045	0.787
13.670	1.000	1.026	0.625
13.680	1.000	0.997	0.493
13.690	1.000	0.977	0.357
13.700	1.000	0.967	0.098
13.710	1.000	0.962	-0.059
13.720	1.000	0.967	-0.137
13.730	1.000	0.962	-0.112
13.740	1.000	0.962	-0.112
13.750	1.000	0.962	-0.117
13.760	1.000	0.962	-0.112
13.770	1.000	0.967	-0.107
13.780	1.000	0.967	-0.107
13.790	1.000	0.967	-0.112
13.800	1.000	0.962	-0.112
13.810	1.000	0.962	-0.112
13.820	1.000	0.962	-0.112
13.830	1.000	0.962	-0.112
13.840	1.000	0.967	-0.112
13.850	1.000	0.967	-0.112
13.860	1.000	0.967	-0.107
13.870	1.000	0.962	-0.112
13.880	1.000	0.962	-0.107
13.890	1.000	0.962	-0.112
13.900	1.000	0.962	-0.112
13.910	1.000	0.967	-0.112
13.920	1.000	0.962	-0.112
13.930	1.000	0.967	-0.112
13.940	1.000	0.967	-0.112
13.950	1.000	0.962	-0.117
13.960	1.000	0.962	-0.112
13.970	1.000	0.962	-0.112
13.980	1.000	0.962	-0.112
13.990	1.000	0.962	-0.112
14.000	1.000	0.962	-0.112
14.010	1.000	0.967	-0.112
14.020	1.000	0.962	-0.112
14.030	1.000	0.962	-0.117
14.040	1.000	0.967	-0.112
14.050	1.000	0.967	-0.112
14.060	1.000	0.962	-0.112
14.070	1.000	0.962	-0.112
14.080	1.000	0.962	-0.107
14.090	1.000	0.967	-0.112
14.100	0.000	0.962	-0.117
14.110	0.000	0.943	1.593
14.120	0.000	0.870	3.014
14.130	0.000	0.762	4.245
14.140	0.000	0.635	4.680
14.150	0.000	0.474	5.178
14.160	0.000	0.288	5.193
14.170	0.000	0.137	4.792
14.180	0.000	0.005	4.021
14.190	0.000	-0.122	2.931
14.200	0.000	-0.191	2.262
14.210	0.000	-0.249	1.133
14.220	0.000	-0.274	0.117
14.230	0.000	-0.274	-0.542
14.240	0.000	-0.259	-0.865
14.250	0.000	-0.230	-1.085
14.260	0.000	-0.186	-1.246
14.270	0.000	-0.161	-1.255
14.280	0.000	-0.122	-1.192
14.290	0.000	-0.093	-1.041
14.300	0.000	-0.068	-0.782
14.310	0.000	-0.049	-0.640
14.320	0.000	-0.034	-0.484
14.330	0.000	-0.020	-0.274
14.340	0.000	-0.020	-0.098
14.350	0.000	-0.020	-0.112
14.360	0.000	-0.020	-0.112
14.370	0.000	-0.020	-0.112
14.380	0.000	-0.020	-0.112
14.390	0.000	-0.020	-0.112
14.400	0.000	-0.020	-0.112
14.410	0.000	-0.020	-0.112
14.420	0.000	-0.020	-0.112
14.430	0.000	-0.020	-0.107
14.440	0.000	-0.020	-0.117
14.450	0.000	-0.020	-0.117
14.460	0.000	-0.020	-0.112
14.470	0.000	-0.020	-0.117
14.480	0.000	-0.020	-0.112
14.490	0.000	-0.020	-0.117
14.500	0.000	-0.015	-0.107
14.510	0.000	-0.020	-0.112
14.520	0.000	-0.020	-0.112
14.530	0.000	-0.020	-0.112
14.540	0.000	-0.020	-0.107
14.550	0.000	-0.015	-0.107
14.560	0.000	-0.020	-0.117
14.570	0.000	-0.015	-0.112
14.580	0.000	-0.020	-0.112
14.590	0.000	-0.020	-0.112
14.600	0.000	-0.015	-0.112
14.610	0.000	-0.020	-0.112
14.620	0.000	-0.020	-0.112
14.630	0.000	-0.020	-0.112
14.640	0.000	-0.020	-0.112
14.650	0.000	-0.020	-0.107
14.660	0.000	-0.020	-0.112
14.670	0.000	-0.020	-0.112
14.680	0.000	-0.020	-0.112
14.690	0.000	-0.020	-0.107
14.700	0.000	-0.020	-0.117
14.710	0.000	-0.020	-0.107
14.720	0.000	-0.015	-0.112
14.730	1.000	-0.020	-0.112
14.740	1.000	-0.005	-1.461
14.750	1.000	0.044	-2.799
14.760	1.000	0.142	-3.908
14.770	1.000	0.293	-4.895
14.780	1.000	0.435	-5.491
14.790	1.000	0.611	-5.340
14.800	1.000	0.747	-5.193
14.810	1.000	0.884	-4.441
14.820	1.000	1.026	-3.332
14.830	1.000	1.114	-2.404
14.840	1.000	1.163	-1.529
14.850	1.000	1.187	-0.493
14.860	1.000	1.192	0.283
14.870	1.000	1.172	0.611
14.880	1.000	1.158	0.811
14.890	1.000	1.128	0.899
14.900	1.000	1.080	0.938
14.910	1.000	1.055	0.894
14.920	1.000	1.026	0.664
14.930	1.000	1.006	0.528
14.940	1.000	0.982	0.405
14.950	1.000	0.972	0.186
14.960	1.000	0.962	-0.064
14.970	1.000	0.967	-0.127
14.980	1.000	0.962	-0.112
14.990	1.000	0.962	-0.117
15.000	1.000	0.967	-0.112
15.010	1.000	0.962	-0.112
15.020	1.000	0.967	-0.107
15.030	1.000	0.967	-0.112
15.040	1.000	0.967	-0.112
15.050	1.000	0.967	-0.112
15.060	1.000	0.967	-0.112
15.070	1.000	0.967	-0.112
15.080	1.000	0.967	-0.112
15.090	1.000	0.967	-0.112
15.100	1.000	0.967	-0.112
15.110	1.000	0.967	-0.107
15.120	1.000	0.967	-0.112
15.130	1.000	0.962	-0.112
15.140	1.000	0.962	-0.112
15.150	1.000	0.962	-0.117
15.160	1.000	0.962	-0.112
15.170	1.000	0.962	-0.112
15.180	1.000	0.962	-0.112
15.190	1.000	0.967	-0.107
15.200	1.000	0.962	-0.112
15.210	1.000	0.967	-0.112
15.220	1.000	0.967	-0.112
15.230	1.000	0.967	-0.107
15.240	1.000	0.962	-0.112
15.250	1.000	0.962	-0.112
15.260	1.000	0.967	-0.112
15.270	1.000	0.967	-0.112
15.280	1.000	0.962	-0.117
15.290	1.000	0.962	-0.117
15.300	1.000	0.967	-0.107
15.310	1.000	0.967	-0.112
15.320	1.000	0.967	-0.112
15.330	1.000	0.962	-0.112
15.340	1.000	0.967	-0.112
15.350	1.000	0.962	-0.112
15.360	0.000	0.962	-0.112
15.370	0.000	0.957	1.021
15.380	0.000	0.894	2.750
15.390	0.000	0.777	4.055
15.400	0.000	0.645	4.744
15.410	0.000	0.469	5.213
15.420	0.000	0.327	5.169
15.430	0.000	0.176	4.719
15.440	0.000	0.020	3.986
15.450	0.000	-0.093	3.263
15.460	0.000	-0.176	2.223
15.470	0.000	-0.239	1.041
15.480	0.000	-0.264	0.156
15.490	0.000	-0.264	-0.425
15.500	0.000	-0.254	-0.738
15.510	0.000	-0.225	-0.977
15.520	0.000	-0.191	-1.153
15.530	0.000	-0.151	-1.153
15.540	0.000	-0.132	-1.089
15.550	0.000	-0.103	-0.977
15.560	0.000	-0.078	-0.782
15.570	0.000	-0.059	-0.625
15.580	0.000	-0.044	-0.459
15.590	0.000	-0.034	-0.337
15.600	0.000	-0.029	-0.166
15.610	0.000	-0.029	-0.112
15.620	0.000	-0.029	-0.112
15.630	0.000	-0.029	-0.112
15.640	0.000	-0.029	-0.117
15.650	0.000	-0.029	-0.107
15.660	0.000	-0.029	-0.112
15.670	0.000	-0.029	-0.112
15.680	0.000	-0.029	-0.112
15.690	0.000	-0.029	-0.112
15.700	0.000	-0.029	-0.112
15.710	0.000	-0.024	-0.112
15.720	0.000	-0.029	-0.112
15.730	0.000	-0.029	-0.112
15.740	0.000	-0.029	-0.112
15.750	0.000	-0.029	-0.112
15.760	0.000	-0.029	-0.112
15.770	0.000	-0.029	-0.112
15.780	0.000	-0.029	-0.107
15.790	0.000	-0.024	-0.112
15.800	0.000	-0.029	-0.117
15.810	0.000	-0.029	-0.112
15.820	0.000	-0.029	-0.112
15.830	0.000	-0.024	-0.112
15.840	0.000	-0.029	-0.112
15.850	0.000	-0.029	-0.107
15.860	0.000	-0.029	-0.112
15.870	0.000	-0.029	-0.107
15.880	0.000	-0.029	-0.117
15.890	0.000	-0.029	-0.112
15.900	0.000	-0.029	-0.107
15.910	0.000	-0.029	-0.107
15.920	0.000	-0.024	-0.107
15.930	0.000	-0.029	-0.112
15.940	0.000	-0.029	-0.112
15.950	0.000	-0.029	-0.107
15.960	0.000	-0.029	-0.112
15.970	0.000	-0.029	-0.112
15.980	1.000	-0.029	-0.107
15.990	1.000	-0.010	-1.573
16.000	1.000	0.044	-2.858
16.010	1.000	0.142	-3.947
16.020	1.000	0.288	-4.919
16.030	1.000	0.454	-5.383
16.040	1.000	0.591	-5.559
16.050	1.000	0.747	-5.217
16.060	1.000	0.889	-4.753
16.070	1.000	1.041	-3.644
16.080	1.000	1.133	-2.589
16.090	1.000	1.192	-1.363
16.100	1.000	1.216	-0.567
16.110	1.000	1.221	0.264
16.120	1.000	1.212	0.703
16.130	1.000	1.172	1.001
16.140	1.000	1.133	1.163
16.150	1.000	1.094	1.089
16.160	1.000	1.060	1.075
16.170	1.000	1.026	0.801
16.180	1.000	1.001	0.694
16.190	1.000	0.977	0.469
16.200	1.000	0.962	0.249
16.210	1.000	0.957	-0.005
16.220	1.000	0.957	-0.137
16.230	1.000	0.957	-0.112
16.240	1.000	0.957	-0.112
16.250	1.000	0.957	-0.112
16.260	1.000	0.957	-0.112
16.270	1.000	0.957	-0.112
16.280	1.000	0.957	-0.117
16.290	1.000	0.957	-0.112
16.300	1.000	0.957	-0.107
16.310	1.000	0.957	-0.117
16.320	1.000	0.957	-0.107
16.330	1.000	0.957	-0.107
16.340	1.000	0.957	-0.107
16.350	1.000	0.957	-0.112
16.360	1.000	0.957	-0.112
16.370	1.000	0.957	-0.112
16.380	1.000	0.957	-0.112
16.390	1.000	0.957	-0.112
16.400	1.000	0.957	-0.107
16.410	1.000	0.957	-0.112
16.420	1.000	0.957	-0.112
16.430	1.000	0.957	-0.112
16.440	1.000	0.957	-0.112
16.450	1.000	0.957	-0.112
16.460	1.000	0.957	-0.112
16.470	1.000	0.957	-0.117
16.480	1.000	0.957	-0.117
16.490	1.000	0.957	-0.112
16.500	1.000	0.957	-0.112
16.510	1.000	0.957	-0.107
16.520	1.000	0.957	-0.112
16.530	1.000	0.957	-0.112
16.540	1.000	0.957	-0.112
16.550	1.000	0.957	-0.112
16.560	1.000	0.957	-0.112
16.570	1.000	0.957	-0.112
16.580	1.000	0.953	-0.112
16.590	1.000	0.957	-0.107
16.600	1.000	0.957	-0.117
16.610	0.000	0.957	-0.112
16.620	0.000	0.938	1.339
16.630	0.000	0.855	3.068
16.640	0.000	0.738	4.299
16.650	0.000	0.611	4.983
16.660	0.000	0.459	5.286
16.670	0.000	0.298	5.173
16.680	0.000	0.127	4.665
16.690	0.000	0.020	4.001
16.700	0.000	-0.107	3.185
16.710	0.000	-0.200	1.983
16.720	0.000	-0.254	0.899
16.730	0.000	-0.274	0.044
16.740	0.000	-0.274	-0.537
16.750	0.000	-0.254	-0.865
16.760	0.000	-0.225	-1.075
16.770	0.000	-0.186	-1.231
16.780	0.000	-0.151	-1.221
16.790	0.000	-0.122	-1.172
16.800	0.000	-0.093	-1.041
16.810	0.000	-0.064	-0.777
16.820	0.000	-0.049	-0.645
16.830	0.000	-0.029	-0.440
16.840	0.000	-0.020	-0.234
16.850	0.000	-0.020	-0.093
16.860	0.000	-0.020	-0.112
16.870	0.000	-0.020	-0.112
16.880	0.000	-0.020	-0.112
16.890	0.000	-0.020	-0.117
16.900	0.000	-0.020	-0.117
16.910	0.000	-0.020	-0.112
16.920	0.000	-0.015	-0.112
16.930	0.000	-0.020	-0.112
16.940	0.000	-0.020	-0.112
16.950	0.000	-0.020	-0.107
16.960	0.000	-0.020	-0.112
16.970	0.000	-0.020	-0.112
16.980	0.000	-0.020	-0.112
16.990	0.000	-0.020	-0.112
17.000	0.000	-0.020	-0.112
17.010	0.000	-0.020	-0.112
17.020	0.000	-0.020	-0.112
17.030	0.000	-0.020	-0.112
17.040	0.000	-0.020	-0.117
17.050	0.000	-0.020	-0.112
17.060	0.000	-0.020	-0.112
17.070	0.000	-0.020	-0.112
17.080	0.000	-0.020	-0.112
17.090	0.000	-0.020	-0.112
17.100	0.000	-0.020	-0.112
17.110	0.000	-0.020	-0.112
17.120	0.000	-0.020	-0.117
17.130	0.000	-0.020	-0.112
17.140	0.000	-0.020	-0.112
17.150	0.000	-0.015	-0.112
17.160	0.000	-0.020	-0.112
17.170	0.000	-0.020	-0.112
17.180	0.000	-0.020	-0.107
17.190	0.000	-0.015	-0.112
17.200	0.000	-0.020	-0.112
17.210	0.000	-0.020	-0.112
17.220	0.000	-0.020	-0.112
17.230	0.000	-0.020	-0.112
17.240	1.000	-0.015	-0.112
17.250	1.000	-0.015	-1.197
17.260	1.000	0.044	-2.785
17.270	1.000	0.142	-3.908
17.280	1.000	0.274	-4.792
17.290	1.000	0.420	-5.374
17.300	1.000	0.591	-5.403
17.310	1.000	0.713	-5.090
17.320	1.000	0.855	-4.397
17.330	1.000	1.011	-3.405
17.340	1.000	1.080	-2.731
17.350	1.000	1.153	-1.715
17.360	1.000	1.187	-0.547
17.370	1.000	1.187	0.117
17.380	1.000	1.177	0.508
17.390	1.000	1.153	0.801
17.400	1.000	1.124	0.904
17.410	1.000	1.085	0.938
17.420	1.000	1.060	0.889
17.430	1.000	1.036	0.674
17.440	1.000	1.011	0.518
17.450	1.000	0.987	0.420
17.460	1.000	0.977	0.220
17.470	1.000	0.967	-0.015
17.480	1.000	0.967	-0.127
17.490	1.000	0.967	-0.112
17.500	1.000	0.967	-0.112
17.510	1.000	0.967	-0.112
17.520	1.000	0.967	-0.112
17.530	1.000	0.972	-0.112
17.540	1.000	0.967	-0.112
17.550	1.000	0.962	-0.112
17.560	1.000	0.967	-0.117
17.570	1.000	0.967	-0.117
17.580	1.000	0.967	-0.107
17.590	1.000	0.967	-0.112
17.600	1.000	0.967	-0.112
17.610	1.000	0.972	-0.112
17.620	1.000	0.967	-0.107
17.630	1.000	0.967	-0.112
17.640	1.000	0.967	-0.112
17.650	1.000	0.967	-0.112
17.660	1.000	0.967	-0.112
17.670	1.000	0.967	-0.107
17.680	1.000	0.967	-0.112
17.690	1.000	0.967	-0.107
17.700	1.000	0.967	-0.107
17.710	1.000	0.967	-0.107
17.720	1.000	0.967	-0.112
17.730	1.000	0.967	-0.112
17.740	1.000	0.962	-0.112
17.750	1.000	0.967	-0.107
17.760	1.000	0.967	-0.107
17.770	1.000	0.967	-0.112
17.780	1.000	0.967	-0.112
17.790	1.000	0.967	-0.107
17.800	1.000	0.972	-0.107
17.810	1.000	0.967	-0.112
17.820	1.000	0.967	-0.112
17.830	1.000	0.967	-0.112
17.840	1.000	0.967	-0.112
17.850	1.000	0.967	-0.107
17.860	1.000	0.967	-0.112
17.870	0.000	0.962	-0.112
17.880	0.000	0.967	0.625
17.890	0.000	0.918	2.379
17.900	0.000	0.791	3.869
17.910	0.000	0.660	4.802
17.920	0.000	0.523	5.237
17.930	0.000	0.342	5.525
17.940	0.000	0.171	4.915
17.950	0.000	0.044	4.704
17.960	0.000	-0.098	3.571
17.970	0.000	-0.210	2.228
17.980	0.000	-0.259	1.524
17.990	0.000	-0.298	0.318
18.000	0.000	-0.303	-0.303
18.010	0.000	-0.288	-0.855
18.020	0.000	-0.249	-1.260
18.030	0.000	-0.210	-1.392
18.040	0.000	-0.171	-1.466
18.050	0.000	-0.137	-1.363
18.060	0.000	-0.098	-1.270
18.070	0.000	-0.068	-1.006
18.080	0.000	-0.039	-0.830
18.090	0.000	-0.015	-0.518
18.100	0.000	-0.005	-0.220
18.110	0.000	-0.005	-0.088
18.120	0.000	-0.010	-0.103
18.130	0.000	-0.005	-0.112
18.140	0.000	-0.005	-0.112
18.150	0.000	-0.005	-0.112
18.160	0.000	-0.005	-0.112
18.170	0.000	-0.005	-0.112
18.180	0.000	-0.005	-0.112
18.190	0.000	-0.005	-0.107
18.200	0.000	-0.005	-0.112
18.210	0.000	-0.005	-0.112
18.220	0.000	-0.005	-0.112
18.230	0.000	-0.010	-0.107
18.240	0.000	-0.005	-0.112
18.250	0.000	-0.005	-0.112
18.260	0.000	-0.005	-0.112
18.270	0.000	-0.005	-0.103
18.280	0.000	-0.005	-0.112
18.290	0.000	-0.010	-0.112
18.300	0.000	-0.005	-0.112
18.310	0.000	-0.005	-0.107
18.320	0.000	-0.010	-0.117
18.330	0.000	-0.005	-0.112
18.340	0.000	-0.005	-0.112
18.350	0.000	-0.005	-0.107
18.360	0.000	-0.005	-0.112
18.370	0.000	-0.010	-0.107
18.380	0.000	-0.005	-0.112
18.390	0.000	-0.005	-0.112
18.400	0.000	-0.010	-0.112
18.410	0.000	-0.005	-0.112
18.420	0.000	-0.005	-0.112
18.430	0.000	-0.005	-0.112
18.440	0.000	-0.010	-0.112
18.450	0.000	-0.005	-0.112
18.460	0.000	-0.005	-0.112
18.470	0.000	-0.005	-0.107
18.480	0.000	-0.005	-0.112
18.490	0.000	-0.005	-0.112
18.500	1.000	-0.010	-0.107
18.510	1.000	-0.005	-0.645
18.520	1.000	0.034	-2.340
18.530	1.000	0.137	-3.732
18.540	1.000	0.269	-4.641
18.550	1.000	0.396	-5.081
18.560	1.000	0.547	-5.213
18.570	1.000	0.699	-5.081
18.580	1.000	0.850	-4.533
18.590	1.000	0.992	-3.644
18.600	1.000	1.080	-2.814
18.610	1.000	1.153	-1.827
18.620	1.000	1.187	-0.669
18.630	1.000	1.192	0.171
18.640	1.000	1.187	0.498
18.650	1.000	1.163	0.762
18.660	1.000	1.133	0.933
18.670	1.000	1.099	0.918
18.680	1.000	1.060	0.899
18.690	1.000	1.041	0.747
18.700	1.000	1.016	0.547
18.710	1.000	0.987	0.415
18.720	1.000	0.977	0.249
18.730	1.000	0.967	0.015
18.740	1.000	0.962	-0.112
18.750	1.000	0.962	-0.122
18.760	1.000	0.962	-0.107
18.770	1.000	0.962	-0.107
18.780	1.000	0.967	-0.112
18.790	1.000	0.967	-0.107
18.800	1.000	0.967	-0.112
18.810	1.000	0.962	-0.112
18.820	1.000	0.967	-0.112
18.830	1.000	0.962	-0.112
18.840	1.000	0.967	-0.107
18.850	1.000	0.967	-0.112
18.860	1.000	0.967	-0.112
18.870	1.000	0.962	-0.112
18.880	1.000	0.962	-0.107
18.890	1.000	0.962	-0.107
18.900	1.000	0.962	-0.112
18.910	1.000	0.962	-0.112
18.920	1.000	0.962	-0.112
18.930	1.000	0.962	-0.112
18.940	1.000	0.962	-0.107
18.950	1.000	0.967	-0.112
18.960	1.000	0.962	-0.112
18.970	1.000	0.967	-0.107
18.980	1.000	0.962	-0.112
18.990	1.000	0.967	-0.112
19.000	1.000	0.962	-0.112
19.010	1.000	0.962	-0.117
19.020	1.000	0.962	-0.112
19.030	1.000	0.962	-0.117
19.040	1.000	0.962	-0.107
19.050	1.000	0.967	-0.112
19.060	1.000	0.962	-0.107
19.070	1.000	0.962	-0.112
19.080	1.000	0.962	-0.107
19.090	1.000	0.962	-0.112
19.100	1.000	0.962	-0.103
19.110	1.000	0.967	-0.107
19.120	1.000	0.967	-0.112
19.130	0.000	0.967	-0.112
19.140	0.000	0.948	1.431
19.150	0.000	0.874	2.975
19.160	0.000	0.767	4.216
19.170	0.000	0.625	4.792
19.180	0.000	0.445	5.403
19.190	0.000	0.313	5.271
19.200	0.000	0.151	4.812
19.210	0.000	0.005	4.030
19.220	0.000	-0.122	2.990
19.230	0.000	-0.195	2.149
19.240	0.000	-0.249	1.104
19.250	0.000	-0.274	0.210
19.260	0.000	-0.274	-0.528
19.270	0.000	-0.254	-0.865
19.280	0.000	-0.230	-1.080
19.290	0.000	-0.186	-1.246
19.300	0.000	-0.151	-1.246
19.310	0.000	-0.122	-1.158
19.320	0.000	-0.093	-0.987
19.330	0.000	-0.068	-0.777
19.340	0.000	-0.044	-0.611
19.350	0.000	-0.034	-0.464
19.360	0.000	-0.024	-0.259
19.370	0.000	-0.020	-0.098
19.380	0.000	-0.024	-0.112
19.390	0.000	-0.020	-0.107
19.400	0.000	-0.020	-0.112
19.410	0.000	-0.024	-0.112
19.420	0.000	-0.024	-0.117
19.430	0.000	-0.024	-0.112
19.440	0.000	-0.020	-0.112
19.450	0.000	-0.024	-0.112
19.460	0.000	-0.024	-0.107
19.470	0.000	-0.024	-0.112
19.480	0.000	-0.024	-0.112
19.490	0.000	-0.020	-0.117
19.500	0.000	-0.024	-0.117
19.510	0.000	-0.024	-0.112
19.520	0.000	-0.020	-0.112
19.530	0.000	-0.024	-0.112
19.540	0.000	-0.020	-0.112
19.550	0.000	-0.024	-0.112
19.560	0.000	-0.024	-0.112
19.570	0.000	-0.024	-0.112
19.580	0.000	-0.024	-0.112
19.590	0.000	-0.024	-0.112
19.600	0.000	-0.020	-0.112
19.610	0.000	-0.024	-0.107
19.620	0.000	-0.020	-0.112
19.630	0.000	-0.024	-0.112
19.640	0.000	-0.024	-0.112
19.650	0.000	-0.024	-0.107
19.660	0.000	-0.024	-0.112
19.670	0.000	-0.020	-0.112
19.680	0.000	-0.020	-0.112
19.690	0.000	-0.020	-0.112
19.700	0.000	-0.024	-0.112
19.710	0.000	-0.020	-0.112
19.720	0.000	-0.020	-0.112
19.730	0.000	-0.020	-0.112
19.740	0.000	-0.020	-0.112
19.750	1.000	-0.020	-0.107
19.760	1.000	-0.010	-1.412
19.770	1.000	0.064	-3.083
19.780	1.000	0.166	-3.957
19.790	1.000	0.298	-4.895
19.800	1.000	0.454	-5.388
19.810	1.000	0.620	-5.134
19.820	1.000	0.782	-4.875
19.830	1.000	0.899	-4.377
19.840	1.000	1.021	-3.254
19.850	1.000	1.114	-2.281
19.860	1.000	1.158	-1.407
19.870	1.000	1.182	-0.425
19.880	1.000	1.182	0.313
19.890	1.000	1.172	0.572
19.900	1.000	1.143	0.791
19.910	1.000	1.114	0.860
19.920	1.000	1.080	0.894
19.930	1.000	1.055	0.811
19.940	1.000	1.031	0.625
19.950	1.000	1.006	0.454
19.960	1.000	0.987	0.371
19.970	1.000	0.972	0.171
19.980	1.000	0.972	-0.044
19.990	1.000	0.972	-0.122
20.000	1.000	0.967	-0.112
20.010	1.000	0.972	-0.112
20.020	1.000	0.972	-0.112
20.030	1.000	0.972	-0.112
20.040	1.000	0.967	-0.112
20.050	1.000	0.972	-0.112
20.060	1.000	0.967	-0.107
20.070	1.000	0.972	-0.112
20.080	1.000	0.972	-0.112
20.090	1.000	0.972	-0.107
20.100	1.000	0.972	-0.117
20.110	1.000	0.967	-0.107
20.120	1.000	0.972	-0.117
20.130	1.000	0.967	-0.112
20.140	1.000	0.967	-0.112
20.150	1.000	0.972	-0.112
20.160	1.000	0.972	-0.107
20.170	1.000	0.972	-0.107
20.180	1.000	0.967	-0.112
20.190	1.000	0.967	-0.112
20.200	1.000	0.972	-0.112
20.210	1.000	0.972	-0.112
20.220	1.000	0.972	-0.107
20.230	1.000	0.972	-0.117
20.240	1.000	0.972	-0.107
20.250	1.000	0.967	-0.112
20.260	1.000	0.967	-0.112
20.270	1.000	0.972	-0.112
20.280	1.000	0.972	-0.112
20.290	1.000	0.972	-0.112
20.300	1.000	0.972	-0.112
20.310	1.000	0.972	-0.117
20.320	1.000	0.967	-0.112
20.330	1.000	0.967	-0.107
20.340	1.000	0.972	-0.112
20.350	1.000	0.972	-0.112
20.360	1.000	0.967	-0.112
20.370	1.000	0.972	-0.112
20.380	0.000	0.972	-0.112
20.390	0.000	0.972	-0.073
20.400	0.000	0.938	1.827
20.410	0.000	0.870	3.053
20.420	0.000	0.762	4.304
20.430	0.000	0.586	5.154
20.440	0.000	0.440	5.535
20.450	0.000	0.244	4.875
20.460	0.000	0.088	4.538
20.470	0.000	-0.015	4.182
20.480	0.000	-0.132	3.004
20.490	0.000	-0.230	1.778
20.500	0.000	-0.274	0.811
20.510	0.000	-0.288	-0.117
20.520	0.000	-0.283	-0.581
20.530	0.000	-0.264	-1.016
20.540	0.000	-0.225	-1.226
20.550	0.000	-0.181	-1.363
20.560	0.000	-0.151	-1.314
20.570	0.000	-0.112	-1.241
20.580	0.000	-0.083	-1.114
20.590	0.000	-0.059	-0.865
20.600	0.000	-0.029	-0.640
20.610	0.000	-0.015	-0.440
20.620	0.000	-0.010	-0.112
20.630	0.000	-0.010	-0.098
20.640	0.000	-0.010	-0.117
20.650	0.000	-0.015	-0.112
20.660	0.000	-0.010	-0.112
20.670	0.000	-0.010	-0.107
20.680	0.000	-0.010	-0.112
20.690	0.000	-0.010	-0.112
20.700	0.000	-0.010	-0.112
20.710	0.000	-0.010	-0.107
20.720	0.000	-0.010	-0.112
20.730	0.000	-0.010	-0.112
20.740	0.000	-0.010	-0.112
20.750	0.000	-0.010	-0.112
20.760	0.000	-0.010	-0.107
20.770	0.000	-0.010	-0.112
20.780	0.000	-0.015	-0.112
20.790	0.000	-0.010	-0.117
20.800	0.000	-0.010	-0.112
20.810	0.000	-0.010	-0.112
20.820	0.000	-0.010	-0.112
20.830	0.000	-0.010	-0.107
20.840	0.000	-0.010	-0.112
20.850	0.000	-0.010	-0.112
20.860	0.000	-0.010	-0.107
20.870	0.000	-0.010	-0.112
20.880	0.000	-0.010	-0.112
20.890	0.000	-0.010	-0.112
20.900	0.000	-0.010	-0.107
20.910	0.000	-0.010	-0.112
20.920	0.000	-0.010	-0.112
20.930	0.000	-0.010	-0.107
20.940	0.000	-0.010	-0.112
20.950	0.000	-0.010	-0.117
20.960	0.000	-0.010	-0.117
20.970	0.000	-0.010	-0.107
20.980	0.000	-0.010	-0.112
20.990	0.000	-0.010	-0.112
21.000	0.000	-0.010	-0.112
21.010	1.000	-0.015	-0.107
21.020	1.000	-0.010	-0.747
21.030	1.000	0.029	-2.296
21.040	1.000	0.122	-3.576
21.050	1.000	0.254	-4.519
21.060	1.000	0.401	-5.193
21.070	1.000	0.532	-5.388
21.080	1.000	0.694	-5.046
21.090	1.000	0.860	-4.446
21.100	1.000	0.992	-3.644
21.110	1.000	1.075	-2.965
21.120	1.000	1.153	-1.925
21.130	1.000	1.192	-0.708
21.140	1.000	1.197	0.020
21.150	1.000	1.192	0.479
21.160	1.000	1.168	0.796
21.170	1.000	1.138	0.953
21.180	1.000	1.104	0.957
21.190	1.000	1.070	0.943
21.200	1.000	1.041	0.767
21.210	1.000	1.016	0.562
21.220	1.000	0.987	0.459
21.230	1.000	0.977	0.239
21.240	1.000	0.972	0.054
21.250	1.000	0.967	-0.117
21.260	1.000	0.962	-0.122
21.270	1.000	0.967	-0.107
21.280	1.000	0.967	-0.107
21.290	1.000	0.962	-0.112
21.300	1.000	0.967	-0.112
21.310	1.000	0.967	-0.112
21.320	1.000	0.962	-0.112
21.330	1.000	0.962	-0.117
21.340	1.000	0.962	-0.117
21.350	1.000	0.962	-0.112
21.360	1.000	0.962	-0.112
21.370	1.000	0.967	-0.112
21.380	1.000	0.967	-0.112
21.390	1.000	0.967	-0.112
21.400	1.000	0.967	-0.112
21.410	1.000	0.967	-0.112
21.420	1.000	0.962	-0.112
21.430	1.000	0.962	-0.112
21.440	1.000	0.962	-0.112
21.450	1.000	0.962	-0.112
21.460	1.000	0.967	-0.112
21.470	1.000	0.962	-0.112
21.480	1.000	0.967	-0.112
21.490	1.000	0.967	-0.112
21.500	1.000	0.967	-0.112
21.510	1.000	0.967	-0.112
21.520	1.000	0.967	-0.107
21.530	1.000	0.962	-0.112
21.540	1.000	0.962	-0.112
21.550	1.000	0.967	-0.112
21.560	1.000	0.967	-0.112
21.570	1.000	0.962	-0.112
21.580	1.000	0.967	-0.112
21.590	1.000	0.967	-0.112
21.600	1.000	0.967	-0.112
21.610	1.000	0.967	-0.112
21.620	1.000	0.962	-0.112
21.630	1.000	0.967	-0.112
21.640	0.000	0.962	-0.112
21.650	0.000	0.962	0.909
21.660	0.000	0.904	2.648
21.670	0.000	0.782	3.962
21.680	0.000	0.640	4.758
21.690	0.000	0.484	5.193
21.700	0.000	0.318	5.154
21.710	0.000	0.186	4.807
21.720	0.000	0.039	4.240
21.730	0.000	-0.098	3.185
21.740	0.000	-0.181	2.193
21.750	0.000	-0.239	1.114
21.760	0.000	-0.264	0.215
21.770	0.000	-0.264	-0.332
21.780	0.000	-0.254	-0.723
21.790	0.000	-0.225	-0.987
21.800	0.000	-0.195	-1.138
21.810	0.000	-0.161	-1.163
21.820	0.000	-0.132	-1.094
21.830	0.000	-0.103	-0.992
21.840	0.000	-0.078	-0.816
21.850	0.000	-0.064	-0.645
21.860	0.000	-0.049	-0.489
21.870	0.000	-0.034	-0.318
21.880	0.000	-0.029	-0.200
21.890	0.000	-0.029	-0.107
21.900	0.000	-0.029	-0.112
21.910	0.000	-0.029	-0.112
21.920	0.000	-0.029	-0.107
21.930	0.000	-0.029	-0.112
21.940	0.000	-0.029	-0.112
21.950	0.000	-0.029	-0.112
21.960	0.000	-0.029	-0.112
21.970	0.000	-0.029	-0.117
21.980	0.000	-0.029	-0.112
21.990	0.000	-0.029	-0.117
22.000	0.000	-0.029	-0.117
22.010	0.000	-0.029	-0.112
22.020	0.000	-0.029	-0.112
22.030	0.000	-0.029	-0.112
22.040	0.000	-0.029	-0.112
22.050	0.000	-0.029	-0.112
22.060	0.000	-0.029	-0.112
22.070	0.000	-0.029	-0.107
22.080	0.000	-0.029	-0.112
22.090	0.000	-0.024	-0.112
22.100	0.000	-0.029	-0.107
22.110	0.000	-0.029	-0.112
22.120	0.000	-0.029	-0.112
22.130	0.000	-0.029	-0.112
22.140	0.000	-0.029	-0.112
22.150	0.000	-0.029	-0.107
22.160	0.000	-0.024	-0.112
22.170	0.000	-0.029	-0.117
22.180	0.000	-0.029	-0.107
22.190	0.000	-0.029	-0.112
22.200	0.000	-0.029	-0.112
22.210	0.000	-0.029	-0.112
22.220	0.000	-0.029	-0.112
22.230	0.000	-0.024	-0.112
22.240	0.000	-0.029	-0.112
22.250	0.000	-0.029	-0.112
22.260	0.000	-0.029	-0.107
22.270	1.000	-0.029	-0.112
22.280	1.000	-0.020	-1.045
22.290	1.000	0.034	-2.618
22.300	1.000	0.142	-3.947
22.310	1.000	0.269	-4.768
22.320	1.000	0.420	-5.388
22.330	1.000	0.567	-5.281
22.340	1.000	0.713	-5.042
22.350	1.000	0.874	-4.406
22.360	1.000	0.997	-3.508
22.370	1.000	1.080	-2.662
22.380	1.000	1.148	-1.729
22.390	1.000	1.177	-0.562
22.400	1.000	1.187	0.171
22.410	1.000	1.172	0.528
22.420	1.000	1.153	0.762
22.430	1.000	1.128	0.850
22.440	1.000	1.094	0.879
22.450	1.000	1.060	0.840
22.460	1.000	1.036	0.669
22.470	1.000	1.016	0.513
22.480	1.000	0.987	0.410
22.490	1.000	0.977	0.186
22.500	1.000	0.972	0.015
22.510	1.000	0.967	-0.127
22.520	1.000	0.972	-0.117
22.530	1.000	0.972	-0.112
22.540	1.000	0.967	-0.112
22.550	1.000	0.972	-0.112
22.560	1.000	0.967	-0.112
22.570	1.000	0.967	-0.112
22.580	1.000	0.967	-0.117
22.590	1.000	0.972	-0.112
22.600	1.000	0.967	-0.112
22.610	1.000	0.972	-0.112
22.620	1.000	0.967	-0.112
22.630	1.000	0.967	-0.112
22.640	1.000	0.972	-0.112
22.650	1.000	0.967	-0.112
22.660	1.000	0.972	-0.112
22.670	1.000	0.972	-0.117
22.680	1.000	0.967	-0.112
22.690	1.000	0.967	-0.112
22.700	1.000	0.967	-0.112
22.710	1.000	0.967	-0.107
22.720	1.000	0.967	-0.112
22.730	1.000	0.972	-0.112
22.740	1.000	0.967	-0.112
22.750	1.000	0.972	-0.112
22.760	1.000	0.972	-0.107
22.770	1.000	0.967	-0.117
22.780	1.000	0.972	-0.112
22.790	1.000	0.972	-0.112
22.800	1.000	0.972	-0.107
22.810	1.000	0.967	-0.112
22.820	1.000	0.967	-0.112
22.830	1.000	0.967	-0.117
22.840	1.000	0.972	-0.107
22.850	1.000	0.972	-0.112
22.860	1.000	0.967	-0.112
22.870	1.000	0.962	-0.112
22.880	1.000	0.972	-0.112
22.890	1.000	0.972	-0.112
22.900	0.000	0.967	-0.112
22.910	0.000	0.953	1.480
22.920	0.000	0.879	2.970
22.930	0.000	0.762	4.250
22.940	0.000	0.645	4.768
22.950	0.000	0.484	5.188
22.960	0.000	0.318	5.125
22.970	0.000	0.142	4.778
22.980	0.000	0.029	4.001
22.990	0.000	-0.098	3.210
23.000	0.000	-0.195	2.008
23.010	0.000	-0.239	1.187
23.020	0.000	-0.269	0.269
23.030	0.000	-0.269	-0.454
23.040	0.000	-0.254	-0.855
23.050	0.000	-0.230	-1.065
23.060	0.000	-0.195	-1.197
23.070	0.000	-0.156	-1.207
23.080	0.000	-0.122	-1.128
23.090	0.000	-0.098	-1.016
23.100	0.000	-0.078	-0.830
23.110	0.000	-0.054	-0.650
23.120	0.000	-0.039	-0.464
23.130	0.000	-0.024	-0.278
23.140	0.000	-0.024	-0.117
23.150	0.000	-0.024	-0.112
23.160	0.000	-0.024	-0.117
23.170	0.000	-0.024	-0.112
23.180	0.000	-0.020	-0.107
23.190	0.000	-0.024	-0.112
23.200	0.000	-0.020	-0.112
23.210	0.000	-0.024	-0.107
23.220	0.000	-0.024	-0.112
23.230	0.000	-0.024	-0.112
23.240	0.000	-0.024	-0.112
23.250	0.000	-0.024	-0.112
23.260	0.000	-0.024	-0.112
23.270	0.000	-0.020	-0.117
23.280	0.000	-0.024	-0.112
23.290	0.000	-0.020	-0.112
23.300	0.000	-0.024	-0.112
23.310	0.000	-0.024	-0.112
23.320	0.000	-0.020	-0.107
23.330	0.000	-0.024	-0.117
23.340	0.000	-0.024	-0.112
23.350	0.000	-0.024	-0.112
23.360	0.000	-0.024	-0.112
23.370	0.000	-0.024	-0.112
23.380	0.000	-0.024	-0.112
23.390	0.000	-0.024	-0.112
23.400	0.000	-0.024	-0.117
23.410	0.000	-0.020	-0.112
23.420	0.000	-0.020	-0.112
23.430	0.000	-0.024	-0.112
23.440	0.000	-0.024	-0.112
23.450	0.000	-0.020	-0.112
23.460	0.000	-0.024	-0.112
23.470	0.000	-0.024	-0.112
23.480	0.000	-0.024	-0.117
23.490	0.000	-0.024	-0.112
23.500	0.000	-0.020	-0.112
23.510	0.000	-0.024	-0.112
23.520	1.000	-0.024	-0.107
23.530	1.000	0.000	-1.685
23.540	1.000	0.044	-2.921
23.550	1.000	0.147	-3.957
23.560	1.000	0.298	-4.910
23.570	1.000	0.464	-5.296
23.580	1.000	0.606	-5.496
23.590	1.000	0.762	-5.120
23.600	1.000	0.909	-4.260
23.610	1.000	1.036	-3.322
23.620	1.000	1.124	-2.369
23.630	1.000	1.168	-1.426
23.640	1.000	1.192	-0.415
23.650	1.000	1.192	0.327
23.660	1.000	1.172	0.655
23.670	1.000	1.153	0.860
23.680	1.000	1.119	0.918
23.690	1.000	1.080	0.967
23.700	1.000	1.050	0.840
23.710	1.000	1.026	0.664
23.720	1.000	1.001	0.518
23.730	1.000	0.982	0.396
23.740	1.000	0.967	0.171
23.750	1.000	0.962	-0.073
23.760	1.000	0.962	-0.132
23.770	1.000	0.962	-0.112
23.780	1.000	0.962	-0.117
23.790	1.000	0.962	-0.112
23.800	1.000	0.962	-0.112
23.810	1.000	0.962	-0.112
23.820	1.000	0.962	-0.117
23.830	1.000	0.967	-0.112
23.840	1.000	0.962	-0.112
23.850	1.000	0.962	-0.112
23.860	1.000	0.962	-0.112
23.870	1.000	0.962	-0.112
23.880	1.000	0.962	-0.112
23.890	1.000	0.962	-0.112
23.900	1.000	0.967	-0.112
23.910	1.000	0.962	-0.112
23.920	1.000	0.962	-0.112
23.930	1.000	0.962	-0.112
23.940	1.000	0.962	-0.112
23.950	1.000	0.962	-0.112
23.960	1.000	0.962	-0.107
23.970	1.000	0.962	-0.107
23.980	1.000	0.962	-0.112
23.990	1.000	0.962	-0.107
24.000	1.000	0.962	-0.112
24.010	1.000	0.967	-0.107
24.020	1.000	0.967	-0.117
24.030	1.000	0.962	-0.112
24.040	1.000	0.962	-0.107
24.050	1.000	0.962	-0.112
24.060	1.000	0.962	-0.112
24.070	1.000	0.962	-0.107
24.080	1.000	0.962	-0.107
24.090	1.000	0.962	-0.112
24.100	1.000	0.962	-0.107
24.110	1.000	0.967	-0.112
24.120	1.000	0.962	-0.112
24.130	1.000	0.962	-0.112
24.140	1.000	0.962	-0.112
24.150	0.000	0.962	-0.112
24.160	0.000	0.957	1.128
24.170	0.000	0.889	2.833
24.180	0.000	0.801	3.815
24.190	0.000	0.660	4.778
24.200	0.000	0.484	5.198
24.210	0.000	0.313	5.183
24.220	0.000	0.186	4.890
24.230	0.000	0.039	4.299
24.240	0.000	-0.098	3.234
24.250	0.000	-0.191	2.213
24.260	0.000	-0.239	1.265
24.270	0.000	-0.269	0.332
24.280	0.000	-0.269	-0.459
24.290	0.000	-0.259	-0.826
24.300	0.000	-0.230	-1.041
24.310	0.000	-0.200	-1.187
24.320	0.000	-0.156	-1.202
24.330	0.000	-0.132	-1.182
24.340	0.000	-0.098	-1.036
24.350	0.000	-0.073	-0.816
24.360	0.000	-0.054	-0.635
24.370	0.000	-0.039	-0.498
24.380	0.000	-0.029	-0.308
24.390	0.000	-0.020	-0.103
24.400	0.000	-0.020	-0.107
24.410	0.000	-0.020	-0.112
24.420	0.000	-0.020	-0.112
24.430	0.000	-0.020	-0.112
24.440	0.000	-0.024	-0.112
24.450	0.000	-0.020	-0.112
24.460	0.000	-0.020	-0.112
24.470	0.000	-0.024	-0.112
24.480	0.000	-0.020	-0.112
24.490	0.000	-0.020	-0.112
24.500	0.000	-0.024	-0.112
24.510	0.000	-0.020	-0.112
24.520	0.000	-0.020	-0.112
24.530	0.000	-0.024	-0.117
24.540	0.000	-0.020	-0.112
24.550	0.000	-0.020	-0.107
24.560	0.000	-0.024	-0.112
24.570	0.000	-0.020	-0.112
24.580	0.000	-0.020	-0.112
24.590	0.000	-0.024	-0.112
24.600	0.000	-0.020	-0.112
24.610	0.000	-0.020	-0.112
24.620	0.000	-0.020	-0.112
24.630	0.000	-0.020	-0.112
24.640	0.000	-0.024	-0.112
24.650	0.000	-0.020	-0.107
24.660	0.000	-0.024	-0.112
24.670	0.000	-0.024	-0.107
24.680	0.000	-0.020	-0.112
24.690	0.000	-0.020	-0.112
24.700	0.000	-0.020	-0.112
24.710	0.000	-0.020	-0.112
24.720	0.000	-0.020	-0.117
24.730	0.000	-0.020	-0.112
24.740	0.000	-0.024	-0.112
24.750	0.000	-0.020	-0.112
24.760	0.000	-0.024	-0.112
24.770	0.000	-0.020	-0.112
24.780	1.000	-0.024	-0.112
24.790	1.000	-0.015	-1.329
24.800	1.000	0.039	-2.677
24.810	1.000	0.137	-3.854
24.820	1.000	0.278	-4.851
24.830	1.000	0.425	-5.408
24.840	1.000	0.591	-5.403
24.850	1.000	0.728	-5.134
24.860	1.000	0.865	-4.397
24.870	1.000	1.016	-3.254
24.880	1.000	1.099	-2.511
24.890	1.000	1.163	-1.607
24.900	1.000	1.187	-0.669
24.910	1.000	1.192	0.151
24.920	1.000	1.177	0.576
24.930	1.000	1.158	0.791
24.940	1.000	1.128	0.894
24.950	1.000	1.089	0.918
24.960	1.000	1.060	0.865
24.970	1.000	1.036	0.689
24.980	1.000	1.016	0.528
24.990	1.000	0.987	0.410
25.000	1.000	0.977	0.210
25.010	1.000	0.967	0.034
25.020	1.000	0.962	-0.127
25.030	1.000	0.962	-0.117
25.040	1.000	0.967	-0.112
25.050	1.000	0.962	-0.112
25.060	1.000	0.967	-0.112
25.070	1.000	0.962	-0.117
25.080	1.000	0.967	-0.112
25.090	1.000	0.962	-0.117
25.100	1.000	0.967	-0.107
25.110	1.000	0.967	-0.112
25.120	1.000	0.962	-0.112
25.130	1.000	0.962	-0.112
25.140	1.000	0.962	-0.112
25.150	1.000	0.967	-0.112
25.160	1.000	0.962	-0.107
25.170	1.000	0.972	-0.112
25.180	1.000	0.962	-0.107
25.190	1.000	0.967	-0.112
25.200	1.000	0.962	-0.117
25.210	1.000	0.962	-0.112
25.220	1.000	0.967	-0.112
25.230	1.000	0.962	-0.112
25.240	1.000	0.962	-0.112
25.250	1.000	0.962	-0.112
25.260	1.000	0.962	-0.117
25.270	1.000	0.967	-0.112
25.280	1.000	0.962	-0.112
25.290	1.000	0.962	-0.107
25.300	1.000	0.967	-0.112
25.310	1.000	0.962	-0.112
25.320	1.000	0.967	-0.112
25.330	1.000	0.962	-0.107
25.340	1.000	0.962	-0.117
25.350	1.000	0.962	-0.112
25.360	1.000	0.967	-0.103
25.370	1.000	0.967	-0.112
25.380	1.000	0.967	-0.112
25.390	1.000	0.967	-0.107
25.400	1.000	0.962	-0.112
25.410	0.000	0.967	-0.112
25.420	0.000	0.962	0.498
25.430	0.000	0.923	2.110
25.440	0.000	0.830	3.571
25.450	0.000	0.679	4.714
25.460	0.000	0.537	5.227
25.470	0.000	0.386	5.330
25.480	0.000	0.230	4.988
25.490	0.000	0.059	4.367
25.500	0.000	-0.064	3.512
25.510	0.000	-0.166	2.491
25.520	0.000	-0.230	1.529
25.530	0.000	-0.269	0.650
25.540	0.000	-0.274	-0.176
25.550	0.000	-0.269	-0.752
25.560	0.000	-0.239	-1.041
25.570	0.000	-0.215	-1.197
25.580	0.000	-0.176	-1.265
25.590	0.000	-0.132	-1.207
25.600	0.000	-0.098	-1.094
25.610	0.000	-0.078	-0.938
25.620	0.000	-0.059	-0.713
25.630	0.000	-0.039	-0.518
25.640	0.000	-0.024	-0.357
25.650	0.000	-0.020	-0.147
25.660	0.000	-0.020	-0.107
25.670	0.000	-0.020	-0.112
25.680	0.000	-0.024	-0.112
25.690	0.000	-0.020	-0.112
25.700	0.000	-0.020	-0.112
25.710	0.000	-0.020	-0.112
25.720	0.000	-0.020	-0.107
25.730	0.000	-0.020	-0.112
25.740	0.000	-0.020	-0.112
25.750	0.000	-0.024	-0.112
25.760	0.000	-0.020	-0.112
25.770	0.000	-0.020	-0.107
25.780	0.000	-0.020	-0.112
25.790	0.000	-0.020	-0.112
25.800	0.000	-0.020	-0.112
25.810	0.000	-0.020	-0.117
25.820	0.000	-0.020	-0.112
25.830	0.000	-0.020	-0.112
25.840	0.000	-0.020	-0.112
25.850	0.000	-0.020	-0.112
25.860	0.000	-0.020	-0.112
25.870	0.000	-0.020	-0.112
25.880	0.000	-0.020	-0.107
25.890	0.000	-0.020	-0.112
25.900	0.000	-0.020	-0.112
25.910	0.000	-0.020	-0.112
25.920	0.000	-0.020	-0.117
25.930	0.000	-0.020	-0.112
25.940	0.000	-0.020	-0.112
25.950	0.000	-0.020	-0.107
25.960	0.000	-0.020	-0.112
25.970	0.000	-0.020	-0.112
25.980	0.000	-0.020	-0.112
25.990	0.000	-0.020	-0.112
26.000	0.000	-0.020	-0.112
26.010	0.000	-0.020	-0.112
26.020	0.000	-0.020	-0.107
26.030	0.000	-0.020	-0.112
26.040	1.000	-0.020	-0.112
26.050	1.000	-0.005	-1.412
26.060	1.000	0.064	-3.112
26.070	1.000	0.176	-4.079
26.080	1.000	0.283	-4.885
26.090	1.000	0.435	-5.413
26.100	1.000	0.625	-5.120
26.110	1.000	0.762	-5.066
26.120	1.000	0.899	-4.348
26.130	1.000	1.036	-3.229
26.140	1.000	1.109	-2.428
26.150	1.000	1.168	-1.470
26.160	1.000	1.187	-0.449
26.170	1.000	1.187	0.332
26.180	1.000	1.177	0.596
26.190	1.000	1.153	0.821
26.200	1.000	1.114	0.909
26.210	1.000	1.085	0.962
26.220	1.000	1.055	0.860
26.230	1.000	1.026	0.630
26.240	1.000	1.006	0.528
26.250	1.000	0.982	0.376
26.260	1.000	0.972	0.122
26.270	1.000	0.967	-0.049
26.280	1.000	0.962	-0.132
26.290	1.000	0.962	-0.103
26.300	1.000	0.967	-0.107
26.310	1.000	0.967	-0.112
26.320	1.000	0.967	-0.107
26.330	1.000	0.962	-0.112
26.340	1.000	0.962	-0.112
26.350	1.000	0.967	-0.112
26.360	1.000	0.962	-0.112
26.370	1.000	0.962	-0.112
26.380	1.000	0.962	-0.117
26.390	1.000	0.967	-0.117
26.400	1.000	0.962	-0.112
26.410	1.000	0.967	-0.112
26.420	1.000	0.967	-0.107
26.430	1.000	0.962	-0.112
26.440	1.000	0.962	-0.112
26.450	1.000	0.962	-0.117
26.460	1.000	0.962	-0.112
26.470	1.000	0.962	-0.107
26.480	1.000	0.967	-0.112
26.490	1.000	0.962	-0.112
26.500	1.000	0.962	-0.107
26.510	1.000	0.967	-0.107
26.520	1.000	0.962	-0.112
26.530	1.000	0.962	-0.112
26.540	1.000	0.962	-0.112
26.550	1.000	0.967	-0.112
26.560	1.000	0.967	-0.107
26.570	1.000	0.962	-0.112
26.580	1.000	0.967	-0.107
26.590	1.000	0.967	-0.112
26.600	1.000	0.962	-0.112
26.610	1.000	0.962	-0.107
26.620	1.000	0.962	-0.112
26.630	1.000	0.967	-0.112
26.640	1.000	0.967	-0.112
26.650	1.000	0.967	-0.112
26.660	1.000	0.962	-0.112
26.670	0.000	0.962	-0.112
