0.010	1.000	0.957	-0.112
0.020	1.000	0.957	-0.112
0.030	1.000	0.957	-0.112
0.040	1.000	0.953	-0.117
0.050	1.000	0.953	-0.112
0.060	1.000	0.957	-0.107
0.070	0.000	0.957	-0.117
0.080	0.000	0.948	1.128
0.090	0.000	0.894	2.404
0.100	0.000	0.801	3.170
0.110	0.000	0.674	3.742
0.120	0.000	0.567	3.708
0.130	0.000	0.435	3.737
0.140	0.000	0.332	3.146
0.150	0.000	0.254	2.653
0.160	0.000	0.176	2.110
0.170	0.000	0.107	1.597
0.180	0.000	0.054	1.143
0.190	0.000	0.029	0.782
0.200	0.000	0.010	0.435
0.210	0.000	-0.005	0.156
0.220	0.000	-0.010	-0.059
0.230	0.000	-0.005	-0.107
0.240	0.000	-0.010	-0.112
0.250	0.000	-0.010	-0.112
0.260	0.000	-0.010	-0.112
0.270	0.000	-0.010	-0.112
0.280	0.000	-0.010	-0.112
0.290	0.000	-0.010	-0.112
0.300	0.000	-0.010	-0.112
0.310	0.000	-0.010	-0.112
0.320	0.000	-0.010	-0.112
0.330	0.000	-0.015	-0.117
0.340	0.000	-0.010	-0.112
0.350	0.000	-0.010	-0.112
0.360	0.000	-0.010	-0.112
0.370	0.000	-0.010	-0.117
0.380	0.000	-0.010	-0.117
0.390	0.000	-0.010	-0.107
0.400	0.000	-0.010	-0.117
0.410	0.000	-0.010	-0.112
0.420	0.000	-0.010	-0.107
0.430	0.000	-0.010	-0.112
0.440	0.000	-0.015	-0.112
0.450	0.000	-0.010	-0.112
0.460	0.000	-0.015	-0.112
0.470	0.000	-0.015	-0.112
0.480	0.000	-0.015	-0.112
0.490	0.000	-0.010	-0.112
0.500	0.000	-0.010	-0.112
0.510	0.000	-0.010	-0.112
0.520	0.000	-0.010	-0.107
0.530	0.000	-0.010	-0.112
0.540	0.000	-0.010	-0.112
0.550	0.000	-0.015	-0.107
0.560	0.000	-0.010	-0.112
0.570	0.000	-0.010	-0.112
0.580	0.000	-0.010	-0.117
0.590	0.000	-0.010	-0.112
0.600	0.000	-0.010	-0.112
0.610	0.000	-0.015	-0.112
0.620	0.000	-0.010	-0.112
0.630	0.000	-0.015	-0.112
0.640	0.000	-0.010	-0.112
0.650	0.000	-0.010	-0.112
0.660	0.000	-0.015	-0.117
0.670	0.000	-0.010	-0.112
0.680	0.000	-0.010	-0.112
0.690	0.000	-0.015	-0.112
0.700	0.000	-0.010	-0.112
0.710	0.000	-0.015	-0.112
0.720	0.000	-0.010	-0.112
0.730	0.000	-0.010	-0.112
0.740	0.000	-0.010	-0.107
0.750	0.000	-0.010	-0.107
0.760	0.000	-0.015	-0.112
0.770	0.000	-0.010	-0.112
0.780	0.000	-0.010	-0.112
0.790	0.000	-0.010	-0.112
0.800	0.000	-0.010	-0.117
0.810	0.000	-0.010	-0.112
0.820	0.000	-0.015	-0.117
0.830	0.000	-0.010	-0.107
0.840	0.000	-0.010	-0.112
0.850	0.000	-0.010	-0.112
0.860	0.000	-0.010	-0.107
0.870	0.000	-0.015	-0.112
0.880	0.000	-0.010	-0.112
0.890	0.000	-0.015	-0.117
0.900	0.000	-0.010	-0.112
0.910	0.000	-0.010	-0.112
0.920	0.000	-0.010	-0.112
0.930	0.000	-0.010	-0.112
0.940	0.000	-0.015	-0.117
0.950	0.000	-0.015	-0.112
0.960	0.000	-0.010	-0.112
0.970	0.000	-0.010	-0.112
0.980	0.000	-0.010	-0.117
0.990	0.000	-0.015	-0.112
1.000	0.000	-0.010	-0.117
1.010	0.000	-0.010	-0.112
1.020	0.000	-0.010	-0.112
1.030	0.000	-0.010	-0.112
1.040	0.000	-0.010	-0.112
1.050	0.000	-0.010	-0.112
1.060	0.000	-0.015	-0.107
1.070	0.000	-0.010	-0.112
1.080	0.000	-0.010	-0.107
1.090	0.000	-0.015	-0.112
1.100	0.000	-0.010	-0.112
1.110	1.000	-0.010	-0.112
1.120	1.000	0.000	-1.329
1.130	1.000	0.064	-2.711
1.140	1.000	0.147	-3.322
1.150	1.000	0.244	-3.552
1.160	1.000	0.347	-3.967
1.170	1.000	0.489	-3.791
1.180	1.000	0.591	-3.517
1.190	1.000	0.674	-3.014
1.200	1.000	0.772	-2.404
1.210	1.000	0.830	-1.920
1.220	1.000	0.879	-1.387
1.230	1.000	0.904	-1.021
1.240	1.000	0.928	-0.694
1.250	1.000	0.948	-0.401
1.260	1.000	0.953	-0.230
1.270	1.000	0.953	-0.107
1.280	1.000	0.957	-0.117
1.290	1.000	0.953	-0.112
1.300	1.000	0.957	-0.107
1.310	1.000	0.953	-0.112
1.320	1.000	0.953	-0.112
1.330	1.000	0.953	-0.112
1.340	1.000	0.957	-0.112
1.350	1.000	0.953	-0.107
1.360	1.000	0.953	-0.112
1.370	1.000	0.957	-0.117
1.380	1.000	0.953	-0.107
1.390	1.000	0.957	-0.117
1.400	1.000	0.953	-0.117
1.410	1.000	0.953	-0.112
1.420	1.000	0.957	-0.112
1.430	1.000	0.957	-0.112
1.440	1.000	0.957	-0.117
1.450	1.000	0.957	-0.112
1.460	1.000	0.957	-0.112
1.470	1.000	0.957	-0.112
1.480	1.000	0.957	-0.112
1.490	1.000	0.957	-0.117
1.500	1.000	0.957	-0.112
1.510	1.000	0.953	-0.107
1.520	1.000	0.957	-0.112
1.530	1.000	0.953	-0.112
1.540	1.000	0.953	-0.107
1.550	1.000	0.953	-0.112
1.560	1.000	0.957	-0.112
1.570	1.000	0.957	-0.112
1.580	1.000	0.957	-0.112
1.590	1.000	0.957	-0.112
1.600	1.000	0.957	-0.112
1.610	1.000	0.957	-0.112
1.620	1.000	0.957	-0.112
1.630	1.000	0.957	-0.107
1.640	1.000	0.957	-0.117
1.650	1.000	0.953	-0.112
1.660	1.000	0.957	-0.107
1.670	1.000	0.957	-0.117
1.680	1.000	0.957	-0.112
1.690	1.000	0.957	-0.112
1.700	1.000	0.957	-0.112
1.710	1.000	0.953	-0.117
1.720	1.000	0.957	-0.112
1.730	1.000	0.953	-0.112
1.740	1.000	0.957	-0.112
1.750	1.000	0.957	-0.107
1.760	1.000	0.957	-0.112
1.770	1.000	0.957	-0.107
1.780	1.000	0.953	-0.112
1.790	1.000	0.953	-0.112
1.800	1.000	0.953	-0.117
1.810	1.000	0.957	-0.112
1.820	1.000	0.957	-0.112
1.830	1.000	0.953	-0.112
1.840	1.000	0.953	-0.112
1.850	1.000	0.957	-0.112
1.860	1.000	0.953	-0.117
1.870	1.000	0.957	-0.112
1.880	1.000	0.953	-0.112
1.890	1.000	0.957	-0.112
1.900	1.000	0.957	-0.112
1.910	1.000	0.957	-0.112
1.920	1.000	0.953	-0.112
1.930	1.000	0.957	-0.112
1.940	1.000	0.957	-0.112
1.950	1.000	0.957	-0.112
1.960	1.000	0.957	-0.112
1.970	1.000	0.957	-0.112
1.980	1.000	0.957	-0.112
1.990	1.000	0.957	-0.112
2.000	1.000	0.957	-0.107
2.010	1.000	0.953	-0.117
2.020	1.000	0.957	-0.112
2.030	1.000	0.957	-0.107
2.040	1.000	0.957	-0.112
2.050	1.000	0.957	-0.112
2.060	1.000	0.957	-0.112
2.070	1.000	0.957	-0.112
2.080	1.000	0.953	-0.112
2.090	1.000	0.957	-0.112
2.100	1.000	0.957	-0.112
2.110	1.000	0.957	-0.112
2.120	1.000	0.957	-0.112
2.130	1.000	0.957	-0.117
2.140	1.000	0.957	-0.112
2.150	1.000	0.957	-0.107
2.160	0.000	0.957	-0.107
2.170	0.000	0.938	1.304
2.180	0.000	0.879	2.516
2.190	0.000	0.791	3.185
2.200	0.000	0.664	3.766
2.210	0.000	0.542	3.801
2.220	0.000	0.410	3.571
2.230	0.000	0.308	3.107
2.240	0.000	0.239	2.604
2.250	0.000	0.156	2.071
2.260	0.000	0.098	1.470
2.270	0.000	0.049	1.099
2.280	0.000	0.029	0.689
2.290	0.000	0.010	0.342
2.300	0.000	-0.005	0.098
2.310	0.000	-0.010	-0.088
2.320	0.000	-0.010	-0.112
2.330	0.000	-0.005	-0.112
2.340	0.000	-0.010	-0.112
2.350	0.000	-0.005	-0.117
2.360	0.000	-0.005	-0.112
2.370	0.000	-0.010	-0.112
2.380	0.000	-0.010	-0.117
2.390	0.000	-0.005	-0.112
2.400	0.000	-0.010	-0.112
2.410	0.000	-0.010	-0.112
2.420	0.000	-0.005	-0.112
2.430	0.000	-0.010	-0.112
2.440	0.000	-0.010	-0.117
2.450	0.000	-0.005	-0.112
2.460	0.000	-0.010	-0.117
2.470	0.000	-0.010	-0.112
2.480	0.000	-0.005	-0.112
2.490	0.000	-0.010	-0.112
2.500	0.000	-0.005	-0.112
2.510	0.000	-0.005	-0.112
2.520	0.000	-0.005	-0.112
2.530	0.000	-0.010	-0.112
2.540	0.000	-0.010	-0.112
2.550	0.000	-0.010	-0.112
2.560	0.000	-0.005	-0.112
2.570	0.000	-0.010	-0.112
2.580	0.000	-0.005	-0.112
2.590	0.000	-0.010	-0.112
2.600	0.000	-0.005	-0.112
2.610	0.000	-0.010	-0.112
2.620	0.000	-0.005	-0.112
2.630	0.000	-0.005	-0.112
2.640	0.000	-0.010	-0.112
2.650	0.000	-0.010	-0.112
2.660	0.000	-0.010	-0.112
2.670	0.000	-0.010	-0.112
2.680	0.000	-0.010	-0.112
2.690	0.000	-0.010	-0.112
2.700	0.000	-0.005	-0.112
2.710	0.000	-0.010	-0.112
2.720	0.000	-0.010	-0.112
2.730	0.000	-0.010	-0.112
2.740	0.000	-0.010	-0.112
2.750	0.000	-0.010	-0.112
2.760	0.000	-0.010	-0.112
2.770	0.000	-0.005	-0.112
2.780	0.000	-0.010	-0.112
2.790	0.000	-0.010	-0.107
2.800	0.000	-0.010	-0.112
2.810	0.000	-0.010	-0.117
2.820	0.000	-0.005	-0.112
2.830	0.000	-0.005	-0.112
2.840	0.000	-0.010	-0.107
2.850	0.000	-0.005	-0.112
2.860	0.000	-0.005	-0.112
2.870	0.000	-0.005	-0.112
2.880	0.000	-0.010	-0.117
2.890	0.000	-0.005	-0.112
2.900	0.000	-0.005	-0.107
2.910	0.000	-0.010	-0.117
2.920	0.000	-0.010	-0.112
2.930	0.000	-0.010	-0.112
2.940	0.000	-0.010	-0.112
2.950	0.000	-0.005	-0.112
2.960	0.000	-0.010	-0.107
2.970	0.000	-0.005	-0.112
2.980	0.000	-0.005	-0.112
2.990	0.000	-0.010	-0.117
3.000	0.000	-0.005	-0.112
3.010	0.000	-0.010	-0.112
3.020	0.000	-0.010	-0.107
3.030	0.000	-0.005	-0.117
3.040	0.000	-0.010	-0.107
3.050	0.000	-0.005	-0.112
3.060	0.000	-0.005	-0.112
3.070	0.000	-0.010	-0.117
3.080	0.000	-0.005	-0.112
3.090	0.000	-0.005	-0.112
3.100	0.000	-0.005	-0.112
3.110	0.000	-0.005	-0.112
3.120	0.000	-0.005	-0.117
3.130	0.000	-0.005	-0.112
3.140	0.000	-0.005	-0.112
3.150	0.000	-0.010	-0.112
3.160	0.000	-0.010	-0.112
3.170	0.000	-0.010	-0.112
3.180	0.000	-0.010	-0.112
3.190	0.000	-0.010	-0.112
3.200	0.000	-0.010	-0.112
3.210	1.000	-0.010	-0.112
3.220	1.000	0.005	-1.319
3.230	1.000	0.054	-2.609
3.240	1.000	0.142	-3.283
3.250	1.000	0.249	-3.581
3.260	1.000	0.352	-3.977
3.270	1.000	0.469	-3.723
3.280	1.000	0.591	-3.512
3.290	1.000	0.679	-3.014
3.300	1.000	0.767	-2.487
3.310	1.000	0.826	-1.954
3.320	1.000	0.870	-1.407
3.330	1.000	0.909	-1.001
3.340	1.000	0.923	-0.679
3.350	1.000	0.943	-0.430
3.360	1.000	0.953	-0.239
3.370	1.000	0.953	-0.107
3.380	1.000	0.953	-0.112
3.390	1.000	0.953	-0.117
3.400	1.000	0.953	-0.112
3.410	1.000	0.953	-0.112
3.420	1.000	0.953	-0.107
3.430	1.000	0.953	-0.112
3.440	1.000	0.953	-0.112
3.450	1.000	0.953	-0.112
3.460	1.000	0.953	-0.112
3.470	1.000	0.953	-0.112
3.480	1.000	0.953	-0.112
3.490	1.000	0.953	-0.112
3.500	1.000	0.953	-0.107
3.510	1.000	0.953	-0.117
3.520	1.000	0.953	-0.117
3.530	1.000	0.953	-0.112
3.540	1.000	0.953	-0.112
3.550	1.000	0.953	-0.112
3.560	1.000	0.953	-0.112
3.570	1.000	0.953	-0.112
3.580	1.000	0.953	-0.112
3.590	1.000	0.953	-0.112
3.600	1.000	0.953	-0.117
3.610	1.000	0.948	-0.112
3.620	1.000	0.953	-0.112
3.630	1.000	0.953	-0.112
3.640	1.000	0.953	-0.112
3.650	1.000	0.953	-0.112
3.660	1.000	0.953	-0.112
3.670	1.000	0.953	-0.112
3.680	1.000	0.953	-0.112
3.690	1.000	0.953	-0.112
3.700	1.000	0.957	-0.112
3.710	1.000	0.953	-0.112
3.720	1.000	0.953	-0.112
3.730	1.000	0.957	-0.112
3.740	1.000	0.957	-0.112
3.750	1.000	0.953	-0.112
3.760	1.000	0.957	-0.117
3.770	1.000	0.953	-0.117
3.780	1.000	0.953	-0.112
3.790	1.000	0.953	-0.107
3.800	1.000	0.953	-0.112
3.810	1.000	0.957	-0.112
3.820	1.000	0.953	-0.107
3.830	1.000	0.957	-0.112
3.840	1.000	0.957	-0.112
3.850	1.000	0.957	-0.107
3.860	1.000	0.957	-0.117
3.870	1.000	0.953	-0.112
3.880	1.000	0.953	-0.107
3.890	1.000	0.953	-0.112
3.900	1.000	0.953	-0.117
3.910	1.000	0.953	-0.117
3.920	1.000	0.953	-0.112
3.930	1.000	0.953	-0.112
3.940	1.000	0.953	-0.112
3.950	1.000	0.953	-0.112
3.960	1.000	0.953	-0.112
3.970	1.000	0.953	-0.117
3.980	1.000	0.953	-0.117
3.990	1.000	0.953	-0.112
4.000	1.000	0.953	-0.117
4.010	1.000	0.957	-0.112
4.020	1.000	0.957	-0.112
4.030	1.000	0.953	-0.117
4.040	1.000	0.957	-0.117
4.050	1.000	0.957	-0.117
4.060	1.000	0.953	-0.117
4.070	1.000	0.953	-0.112
4.080	1.000	0.953	-0.117
4.090	1.000	0.953	-0.107
4.100	1.000	0.953	-0.112
4.110	1.000	0.953	-0.112
4.120	1.000	0.953	-0.117
4.130	1.000	0.957	-0.112
4.140	1.000	0.953	-0.117
4.150	1.000	0.957	-0.112
4.160	1.000	0.953	-0.112
4.170	1.000	0.953	-0.112
4.180	1.000	0.953	-0.117
4.190	1.000	0.953	-0.112
4.200	1.000	0.957	-0.112
4.210	1.000	0.953	-0.112
4.220	1.000	0.953	-0.112
4.230	1.000	0.953	-0.112
4.240	1.000	0.953	-0.112
4.250	1.000	0.953	-0.112
4.260	0.000	0.953	-0.107
4.270	0.000	0.943	1.128
4.280	0.000	0.879	2.511
4.290	0.000	0.791	3.170
4.300	0.000	0.674	3.742
4.310	0.000	0.562	3.703
4.320	0.000	0.435	3.732
4.330	0.000	0.327	3.141
4.340	0.000	0.239	2.579
4.350	0.000	0.156	2.066
4.360	0.000	0.103	1.553
4.370	0.000	0.054	1.089
4.380	0.000	0.029	0.699
4.390	0.000	0.010	0.386
4.400	0.000	0.000	0.127
4.410	0.000	-0.005	-0.049
4.420	0.000	-0.010	-0.112
4.430	0.000	-0.005	-0.112
4.440	0.000	-0.005	-0.107
4.450	0.000	-0.005	-0.107
4.460	0.000	-0.010	-0.112
4.470	0.000	-0.005	-0.112
4.480	0.000	-0.005	-0.107
4.490	0.000	-0.010	-0.112
4.500	0.000	-0.005	-0.112
4.510	0.000	-0.010	-0.112
4.520	0.000	-0.010	-0.112
4.530	0.000	-0.005	-0.112
4.540	0.000	-0.010	-0.112
4.550	0.000	-0.005	-0.112
4.560	0.000	-0.005	-0.107
4.570	0.000	-0.010	-0.112
4.580	0.000	-0.005	-0.112
4.590	0.000	-0.010	-0.112
4.600	0.000	-0.005	-0.112
4.610	0.000	-0.005	-0.112
4.620	0.000	-0.010	-0.112
4.630	0.000	-0.010	-0.117
4.640	0.000	-0.010	-0.112
4.650	0.000	-0.010	-0.112
4.660	0.000	-0.005	-0.112
4.670	0.000	-0.005	-0.112
4.680	0.000	-0.010	-0.112
4.690	0.000	-0.005	-0.112
4.700	0.000	-0.005	-0.112
4.710	0.000	-0.010	-0.117
4.720	0.000	-0.010	-0.112
4.730	0.000	-0.005	-0.112
4.740	0.000	-0.010	-0.117
4.750	0.000	-0.010	-0.112
4.760	0.000	-0.010	-0.112
4.770	0.000	-0.010	-0.117
4.780	0.000	-0.010	-0.107
4.790	0.000	-0.010	-0.112
4.800	0.000	-0.010	-0.112
4.810	0.000	-0.010	-0.112
4.820	0.000	-0.010	-0.112
4.830	0.000	-0.005	-0.112
4.840	0.000	-0.010	-0.112
4.850	0.000	-0.010	-0.112
4.860	0.000	-0.010	-0.112
4.870	0.000	-0.010	-0.112
4.880	0.000	-0.010	-0.112
4.890	0.000	-0.010	-0.112
4.900	0.000	-0.010	-0.112
4.910	0.000	-0.010	-0.112
4.920	0.000	-0.010	-0.112
4.930	0.000	-0.010	-0.112
4.940	0.000	-0.005	-0.112
4.950	0.000	-0.010	-0.112
4.960	0.000	-0.010	-0.107
4.970	0.000	-0.005	-0.112
4.980	0.000	-0.010	-0.112
4.990	0.000	-0.010	-0.112
5.000	0.000	-0.005	-0.112
5.010	0.000	-0.010	-0.112
5.020	0.000	-0.010	-0.112
5.030	0.000	-0.010	-0.112
5.040	0.000	-0.010	-0.112
5.050	0.000	-0.010	-0.112
5.060	0.000	-0.010	-0.112
5.070	0.000	-0.010	-0.112
5.080	0.000	-0.010	-0.112
5.090	0.000	-0.010	-0.117
5.100	0.000	-0.010	-0.112
5.110	0.000	-0.010	-0.117
5.120	0.000	-0.005	-0.112
5.130	0.000	-0.005	-0.112
5.140	0.000	-0.010	-0.112
5.150	0.000	-0.005	-0.112
5.160	0.000	-0.010	-0.112
5.170	0.000	-0.010	-0.112
5.180	0.000	-0.010	-0.117
5.190	0.000	-0.010	-0.117
5.200	0.000	-0.010	-0.117
5.210	0.000	-0.010	-0.112
5.220	0.000	-0.010	-0.117
5.230	0.000	-0.005	-0.107
5.240	0.000	-0.010	-0.112
5.250	0.000	-0.010	-0.112
5.260	0.000	-0.010	-0.112
5.270	0.000	-0.010	-0.112
5.280	0.000	-0.010	-0.112
5.290	0.000	-0.010	-0.117
5.300	1.000	-0.010	-0.112
5.310	1.000	0.010	-1.539
5.320	1.000	0.073	-2.731
5.330	1.000	0.142	-3.293
5.340	1.000	0.249	-3.586
5.350	1.000	0.352	-3.986
5.360	1.000	0.493	-3.815
5.370	1.000	0.606	-3.425
5.380	1.000	0.679	-3.009
5.390	1.000	0.767	-2.482
5.400	1.000	0.830	-1.876
5.410	1.000	0.870	-1.417
5.420	1.000	0.909	-1.011
5.430	1.000	0.928	-0.684
5.440	1.000	0.943	-0.425
5.450	1.000	0.953	-0.234
5.460	1.000	0.957	-0.107
5.470	1.000	0.953	-0.117
5.480	1.000	0.953	-0.112
5.490	1.000	0.953	-0.112
5.500	1.000	0.953	-0.112
5.510	1.000	0.953	-0.112
5.520	1.000	0.957	-0.112
5.530	1.000	0.957	-0.112
5.540	1.000	0.953	-0.112
5.550	1.000	0.953	-0.112
5.560	1.000	0.953	-0.112
5.570	1.000	0.953	-0.112
5.580	1.000	0.953	-0.112
5.590	1.000	0.953	-0.117
5.600	1.000	0.957	-0.117
5.610	1.000	0.948	-0.112
5.620	1.000	0.953	-0.112
5.630	1.000	0.953	-0.117
5.640	1.000	0.953	-0.112
5.650	1.000	0.953	-0.112
5.660	1.000	0.957	-0.112
5.670	1.000	0.953	-0.112
5.680	1.000	0.953	-0.112
5.690	1.000	0.953	-0.112
5.700	1.000	0.953	-0.112
5.710	1.000	0.957	-0.112
5.720	1.000	0.953	-0.112
5.730	1.000	0.953	-0.107
5.740	1.000	0.953	-0.117
5.750	1.000	0.953	-0.117
5.760	1.000	0.957	-0.112
5.770	1.000	0.953	-0.117
5.780	1.000	0.953	-0.112
5.790	1.000	0.953	-0.112
5.800	1.000	0.957	-0.117
5.810	1.000	0.953	-0.107
5.820	1.000	0.957	-0.112
5.830	1.000	0.953	-0.112
5.840	1.000	0.953	-0.117
5.850	1.000	0.953	-0.112
5.860	1.000	0.953	-0.112
5.870	1.000	0.957	-0.117
5.880	1.000	0.953	-0.117
5.890	1.000	0.953	-0.112
5.900	1.000	0.953	-0.112
5.910	1.000	0.953	-0.112
5.920	1.000	0.953	-0.112
5.930	1.000	0.957	-0.112
5.940	1.000	0.957	-0.112
5.950	1.000	0.957	-0.117
5.960	1.000	0.953	-0.112
5.970	1.000	0.957	-0.112
5.980	1.000	0.957	-0.112
5.990	1.000	0.953	-0.117
6.000	1.000	0.957	-0.112
6.010	1.000	0.953	-0.112
6.020	1.000	0.953	-0.112
6.030	1.000	0.953	-0.117
6.040	1.000	0.953	-0.112
6.050	1.000	0.957	-0.112
6.060	1.000	0.953	-0.107
6.070	1.000	0.957	-0.112
6.080	1.000	0.953	-0.107
6.090	1.000	0.957	-0.112
6.100	1.000	0.953	-0.112
6.110	1.000	0.957	-0.117
6.120	1.000	0.953	-0.112
6.130	1.000	0.953	-0.117
6.140	1.000	0.953	-0.107
6.150	1.000	0.957	-0.112
6.160	1.000	0.953	-0.117
6.170	1.000	0.953	-0.112
6.180	1.000	0.953	-0.107
6.190	1.000	0.953	-0.107
6.200	1.000	0.957	-0.117
6.210	1.000	0.953	-0.112
6.220	1.000	0.953	-0.112
6.230	1.000	0.957	-0.112
6.240	1.000	0.953	-0.117
6.250	1.000	0.953	-0.112
6.260	1.000	0.953	-0.112
6.270	1.000	0.953	-0.117
6.280	1.000	0.953	-0.112
6.290	1.000	0.957	-0.112
6.300	1.000	0.957	-0.112
6.310	1.000	0.953	-0.112
6.320	1.000	0.953	-0.112
6.330	1.000	0.953	-0.112
6.340	1.000	0.953	-0.112
6.350	0.000	0.953	-0.112
6.360	0.000	0.953	0.855
6.370	0.000	0.894	2.379
6.380	0.000	0.787	3.219
6.390	0.000	0.694	3.630
6.400	0.000	0.586	3.835
6.410	0.000	0.454	3.771
6.420	0.000	0.337	3.351
6.430	0.000	0.249	2.633
6.440	0.000	0.151	2.076
6.450	0.000	0.107	1.661
6.460	0.000	0.059	1.172
6.470	0.000	0.029	0.699
6.480	0.000	0.010	0.430
6.490	0.000	0.000	0.161
6.500	0.000	-0.010	-0.059
6.510	0.000	-0.010	-0.112
6.520	0.000	-0.010	-0.112
6.530	0.000	-0.010	-0.112
6.540	0.000	-0.010	-0.112
6.550	0.000	-0.010	-0.112
6.560	0.000	-0.010	-0.112
6.570	0.000	-0.005	-0.112
6.580	0.000	-0.010	-0.112
6.590	0.000	-0.010	-0.112
6.600	0.000	-0.010	-0.117
6.610	0.000	-0.010	-0.117
6.620	0.000	-0.010	-0.112
6.630	0.000	-0.010	-0.112
6.640	0.000	-0.010	-0.117
6.650	0.000	-0.005	-0.112
6.660	0.000	-0.015	-0.112
6.670	0.000	-0.005	-0.112
6.680	0.000	-0.010	-0.112
6.690	0.000	-0.010	-0.117
6.700	0.000	-0.005	-0.112
6.710	0.000	-0.010	-0.112
6.720	0.000	-0.010	-0.117
6.730	0.000	-0.010	-0.112
6.740	0.000	-0.010	-0.112
6.750	0.000	-0.010	-0.112
6.760	0.000	-0.005	-0.112
6.770	0.000	-0.010	-0.107
6.780	0.000	-0.010	-0.112
6.790	0.000	-0.010	-0.112
6.800	0.000	-0.010	-0.112
6.810	0.000	-0.005	-0.112
6.820	0.000	-0.010	-0.112
6.830	0.000	-0.010	-0.112
6.840	0.000	-0.010	-0.112
6.850	0.000	-0.010	-0.107
6.860	0.000	-0.010	-0.117
6.870	0.000	-0.010	-0.112
6.880	0.000	-0.010	-0.112
6.890	0.000	-0.005	-0.107
6.900	0.000	-0.010	-0.107
6.910	0.000	-0.010	-0.112
6.920	0.000	-0.010	-0.112
6.930	0.000	-0.010	-0.117
6.940	0.000	-0.010	-0.107
6.950	0.000	-0.010	-0.112
6.960	0.000	-0.010	-0.117
6.970	0.000	-0.010	-0.112
6.980	0.000	-0.010	-0.112
6.990	0.000	-0.010	-0.107
7.000	0.000	-0.010	-0.112
7.010	0.000	-0.010	-0.112
7.020	0.000	-0.010	-0.112
7.030	0.000	-0.010	-0.107
7.040	0.000	-0.010	-0.112
7.050	0.000	-0.010	-0.112
7.060	0.000	-0.010	-0.112
7.070	0.000	-0.010	-0.112
7.080	0.000	-0.010	-0.112
7.090	0.000	-0.010	-0.112
7.100	0.000	-0.010	-0.112
7.110	0.000	-0.010	-0.112
7.120	0.000	-0.010	-0.112
7.130	0.000	-0.010	-0.117
7.140	0.000	-0.010	-0.117
7.150	0.000	-0.010	-0.112
7.160	0.000	-0.010	-0.112
7.170	0.000	-0.010	-0.112
7.180	0.000	-0.005	-0.117
7.190	0.000	-0.010	-0.112
7.200	0.000	-0.010	-0.107
7.210	0.000	-0.010	-0.117
7.220	0.000	-0.010	-0.112
7.230	0.000	-0.010	-0.112
7.240	0.000	-0.010	-0.112
7.250	0.000	-0.005	-0.112
7.260	0.000	-0.010	-0.112
7.270	0.000	-0.010	-0.117
7.280	0.000	-0.010	-0.107
7.290	0.000	-0.010	-0.112
7.300	0.000	-0.010	-0.103
7.310	0.000	-0.010	-0.107
7.320	0.000	-0.010	-0.117
7.330	0.000	-0.010	-0.112
7.340	0.000	-0.010	-0.112
7.350	0.000	-0.010	-0.112
7.360	0.000	-0.010	-0.112
7.370	0.000	-0.010	-0.112
7.380	0.000	-0.010	-0.112
7.390	0.000	-0.010	-0.117
7.400	1.000	-0.010	-0.117
7.410	1.000	0.000	-1.236
7.420	1.000	0.044	-2.447
7.430	1.000	0.132	-3.224
7.440	1.000	0.249	-3.600
7.450	1.000	0.332	-3.947
7.460	1.000	0.454	-3.894
7.470	1.000	0.586	-3.512
7.480	1.000	0.664	-3.127
7.490	1.000	0.752	-2.589
7.500	1.000	0.826	-1.954
7.510	1.000	0.865	-1.519
7.520	1.000	0.904	-1.094
7.530	1.000	0.933	-0.694
7.540	1.000	0.943	-0.430
7.550	1.000	0.957	-0.244
7.560	1.000	0.953	-0.112
7.570	1.000	0.953	-0.112
7.580	1.000	0.957	-0.112
7.590	1.000	0.953	-0.112
7.600	1.000	0.953	-0.112
7.610	1.000	0.953	-0.117
7.620	1.000	0.953	-0.112
7.630	1.000	0.957	-0.117
7.640	1.000	0.957	-0.112
7.650	1.000	0.957	-0.112
7.660	1.000	0.957	-0.112
7.670	1.000	0.957	-0.112
7.680	1.000	0.957	-0.112
7.690	1.000	0.953	-0.117
7.700	1.000	0.953	-0.112
7.710	1.000	0.957	-0.112
7.720	1.000	0.957	-0.112
7.730	1.000	0.957	-0.112
7.740	1.000	0.957	-0.112
7.750	1.000	0.957	-0.112
7.760	1.000	0.957	-0.112
7.770	1.000	0.957	-0.112
7.780	1.000	0.957	-0.112
7.790	1.000	0.957	-0.112
7.800	1.000	0.953	-0.117
7.810	1.000	0.957	-0.117
7.820	1.000	0.953	-0.117
7.830	1.000	0.957	-0.112
7.840	1.000	0.953	-0.112
7.850	1.000	0.957	-0.112
7.860	1.000	0.957	-0.112
7.870	1.000	0.957	-0.112
7.880	1.000	0.957	-0.112
7.890	1.000	0.957	-0.107
7.900	1.000	0.957	-0.107
7.910	1.000	0.957	-0.112
7.920	1.000	0.957	-0.112
7.930	1.000	0.953	-0.112
7.940	1.000	0.957	-0.112
7.950	1.000	0.953	-0.112
7.960	1.000	0.953	-0.112
7.970	1.000	0.957	-0.117
7.980	1.000	0.957	-0.112
7.990	1.000	0.957	-0.112
8.000	1.000	0.957	-0.107
8.010	1.000	0.957	-0.107
8.020	1.000	0.953	-0.112
8.030	1.000	0.957	-0.117
8.040	1.000	0.957	-0.117
8.050	1.000	0.953	-0.112
8.060	1.000	0.957	-0.112
8.070	1.000	0.957	-0.112
8.080	1.000	0.957	-0.117
8.090	1.000	0.953	-0.117
8.100	1.000	0.957	-0.107
8.110	1.000	0.957	-0.107
8.120	1.000	0.957	-0.107
8.130	1.000	0.953	-0.112
8.140	1.000	0.957	-0.112
8.150	1.000	0.957	-0.112
8.160	1.000	0.957	-0.112
8.170	1.000	0.957	-0.112
8.180	1.000	0.957	-0.107
8.190	1.000	0.957	-0.112
8.200	1.000	0.957	-0.112
8.210	1.000	0.953	-0.112
8.220	1.000	0.957	-0.112
8.230	1.000	0.953	-0.112
8.240	1.000	0.957	-0.117
8.250	1.000	0.957	-0.112
8.260	1.000	0.957	-0.112
8.270	1.000	0.953	-0.112
8.280	1.000	0.957	-0.112
8.290	1.000	0.957	-0.112
8.300	1.000	0.957	-0.112
8.310	1.000	0.957	-0.112
8.320	1.000	0.957	-0.112
8.330	1.000	0.957	-0.117
8.340	1.000	0.957	-0.112
8.350	1.000	0.957	-0.112
8.360	1.000	0.953	-0.107
8.370	1.000	0.957	-0.112
8.380	1.000	0.957	-0.117
8.390	1.000	0.957	-0.112
8.400	1.000	0.957	-0.112
8.410	1.000	0.957	-0.107
8.420	1.000	0.957	-0.107
8.430	1.000	0.957	-0.112
8.440	0.000	0.953	-0.112
8.450	0.000	0.957	0.445
8.460	0.000	0.914	2.076
8.470	0.000	0.816	3.122
8.480	0.000	0.723	3.532
8.490	0.000	0.611	3.845
8.500	0.000	0.489	3.723
8.510	0.000	0.371	3.532
8.520	0.000	0.274	2.921
8.530	0.000	0.181	2.149
8.540	0.000	0.122	1.837
8.550	0.000	0.073	1.358
8.560	0.000	0.034	0.889
8.570	0.000	0.005	0.464
8.580	0.000	-0.005	0.234
8.590	0.000	-0.015	-0.000
8.600	0.000	-0.015	-0.117
8.610	0.000	-0.015	-0.112
8.620	0.000	-0.015	-0.112
8.630	0.000	-0.015	-0.112
8.640	0.000	-0.015	-0.112
8.650	0.000	-0.015	-0.117
8.660	0.000	-0.015	-0.112
8.670	0.000	-0.015	-0.112
8.680	0.000	-0.015	-0.112
8.690	0.000	-0.015	-0.112
8.700	0.000	-0.015	-0.112
8.710	0.000	-0.015	-0.112
8.720	0.000	-0.015	-0.112
8.730	0.000	-0.015	-0.112
8.740	0.000	-0.015	-0.112
8.750	0.000	-0.015	-0.107
8.760	0.000	-0.015	-0.112
8.770	0.000	-0.015	-0.112
8.780	0.000	-0.015	-0.112
8.790	0.000	-0.015	-0.107
8.800	0.000	-0.015	-0.112
8.810	0.000	-0.015	-0.112
8.820	0.000	-0.015	-0.117
8.830	0.000	-0.015	-0.112
8.840	0.000	-0.015	-0.112
8.850	0.000	-0.015	-0.112
8.860	0.000	-0.015	-0.112
8.870	0.000	-0.015	-0.117
8.880	0.000	-0.015	-0.107
8.890	0.000	-0.015	-0.112
8.900	0.000	-0.015	-0.112
8.910	0.000	-0.015	-0.112
8.920	0.000	-0.015	-0.112
8.930	0.000	-0.015	-0.112
8.940	0.000	-0.015	-0.107
8.950	0.000	-0.015	-0.112
8.960	0.000	-0.015	-0.112
8.970	0.000	-0.015	-0.117
8.980	0.000	-0.015	-0.117
8.990	0.000	-0.015	-0.107
9.000	0.000	-0.015	-0.112
9.010	0.000	-0.015	-0.112
9.020	0.000	-0.015	-0.112
9.030	0.000	-0.015	-0.112
9.040	0.000	-0.015	-0.112
9.050	0.000	-0.015	-0.107
9.060	0.000	-0.015	-0.112
9.070	0.000	-0.015	-0.112
9.080	0.000	-0.015	-0.112
9.090	0.000	-0.015	-0.117
9.100	0.000	-0.015	-0.112
9.110	0.000	-0.015	-0.112
9.120	0.000	-0.015	-0.107
9.130	0.000	-0.015	-0.112
9.140	0.000	-0.015	-0.112
9.150	0.000	-0.015	-0.112
9.160	0.000	-0.015	-0.112
9.170	0.000	-0.015	-0.117
9.180	0.000	-0.015	-0.112
9.190	0.000	-0.015	-0.112
9.200	0.000	-0.015	-0.112
9.210	0.000	-0.015	-0.117
9.220	0.000	-0.015	-0.117
9.230	0.000	-0.015	-0.117
9.240	0.000	-0.015	-0.112
9.250	0.000	-0.015	-0.112
9.260	0.000	-0.015	-0.112
9.270	0.000	-0.015	-0.117
9.280	0.000	-0.015	-0.112
9.290	0.000	-0.015	-0.112
9.300	0.000	-0.015	-0.112
9.310	0.000	-0.015	-0.112
9.320	0.000	-0.015	-0.117
9.330	0.000	-0.015	-0.112
9.340	0.000	-0.015	-0.117
9.350	0.000	-0.015	-0.107
9.360	0.000	-0.015	-0.112
9.370	0.000	-0.015	-0.112
9.380	0.000	-0.015	-0.107
9.390	0.000	-0.015	-0.112
9.400	0.000	-0.015	-0.117
9.410	0.000	-0.015	-0.112
9.420	0.000	-0.015	-0.112
9.430	0.000	-0.015	-0.112
9.440	0.000	-0.015	-0.112
9.450	0.000	-0.015	-0.112
9.460	0.000	-0.015	-0.112
9.470	0.000	-0.015	-0.112
9.480	0.000	-0.015	-0.112
9.490	1.000	-0.015	-0.112
9.500	1.000	0.000	-1.397
9.510	1.000	0.068	-2.799
9.520	1.000	0.142	-3.307
9.530	1.000	0.249	-3.610
9.540	1.000	0.371	-3.962
9.550	1.000	0.464	-3.815
9.560	1.000	0.586	-3.517
9.570	1.000	0.689	-2.902
9.580	1.000	0.767	-2.545
9.590	1.000	0.826	-1.974
9.600	1.000	0.870	-1.407
9.610	1.000	0.904	-1.075
9.620	1.000	0.933	-0.708
9.630	1.000	0.948	-0.401
9.640	1.000	0.957	-0.239
9.650	1.000	0.957	-0.112
9.660	1.000	0.957	-0.112
9.670	1.000	0.957	-0.112
9.680	1.000	0.953	-0.112
9.690	1.000	0.957	-0.112
9.700	1.000	0.953	-0.117
9.710	1.000	0.957	-0.112
9.720	1.000	0.957	-0.112
9.730	1.000	0.957	-0.117
9.740	1.000	0.957	-0.112
9.750	1.000	0.957	-0.117
9.760	1.000	0.957	-0.107
9.770	1.000	0.953	-0.117
9.780	1.000	0.957	-0.112
9.790	1.000	0.957	-0.112
9.800	1.000	0.957	-0.112
9.810	1.000	0.957	-0.107
9.820	1.000	0.957	-0.112
9.830	1.000	0.957	-0.112
9.840	1.000	0.957	-0.112
9.850	1.000	0.957	-0.112
9.860	1.000	0.957	-0.112
9.870	1.000	0.957	-0.117
9.880	1.000	0.957	-0.112
9.890	1.000	0.957	-0.112
9.900	1.000	0.957	-0.112
9.910	1.000	0.957	-0.112
9.920	1.000	0.957	-0.112
9.930	1.000	0.957	-0.112
9.940	1.000	0.957	-0.112
9.950	1.000	0.957	-0.112
9.960	1.000	0.957	-0.112
9.970	1.000	0.957	-0.107
9.980	1.000	0.957	-0.112
9.990	1.000	0.957	-0.112
10.000	1.000	0.957	-0.112
10.010	1.000	0.957	-0.112
10.020	1.000	0.957	-0.112
10.030	1.000	0.957	-0.112
10.040	1.000	0.957	-0.117
10.050	1.000	0.957	-0.112
10.060	1.000	0.957	-0.112
10.070	1.000	0.957	-0.112
10.080	1.000	0.953	-0.112
10.090	1.000	0.957	-0.112
10.100	1.000	0.953	-0.117
10.110	1.000	0.957	-0.117
10.120	1.000	0.957	-0.112
10.130	1.000	0.957	-0.112
10.140	1.000	0.957	-0.112
10.150	1.000	0.957	-0.112
10.160	1.000	0.957	-0.112
10.170	1.000	0.957	-0.117
10.180	1.000	0.957	-0.112
10.190	1.000	0.957	-0.107
10.200	1.000	0.957	-0.112
10.210	1.000	0.957	-0.112
10.220	1.000	0.957	-0.112
10.230	1.000	0.957	-0.112
10.240	1.000	0.957	-0.112
10.250	1.000	0.957	-0.112
10.260	1.000	0.957	-0.112
10.270	1.000	0.957	-0.112
10.280	1.000	0.957	-0.112
10.290	1.000	0.957	-0.112
10.300	1.000	0.957	-0.117
10.310	1.000	0.957	-0.107
10.320	1.000	0.957	-0.112
10.330	1.000	0.957	-0.117
10.340	1.000	0.957	-0.112
10.350	1.000	0.957	-0.112
10.360	1.000	0.957	-0.112
10.370	1.000	0.957	-0.112
10.380	1.000	0.957	-0.112
10.390	1.000	0.953	-0.112
10.400	1.000	0.957	-0.112
10.410	1.000	0.957	-0.112
10.420	1.000	0.957	-0.112
10.430	1.000	0.953	-0.112
10.440	1.000	0.957	-0.112
10.450	1.000	0.957	-0.112
10.460	1.000	0.957	-0.112
10.470	1.000	0.957	-0.107
10.480	1.000	0.957	-0.117
10.490	1.000	0.957	-0.112
10.500	1.000	0.957	-0.117
10.510	1.000	0.957	-0.112
10.520	1.000	0.957	-0.112
10.530	1.000	0.957	-0.117
10.540	0.000	0.957	-0.112
10.550	0.000	0.933	1.461
10.560	0.000	0.879	2.545
10.570	0.000	0.791	3.210
10.580	0.000	0.650	3.757
10.590	0.000	0.532	3.986
10.600	0.000	0.425	3.825
10.610	0.000	0.318	3.141
10.620	0.000	0.215	2.550
10.630	0.000	0.147	2.189
10.640	0.000	0.088	1.505
10.650	0.000	0.039	1.011
10.660	0.000	0.020	0.611
10.670	0.000	0.000	0.347
10.680	0.000	-0.010	0.083
10.690	0.000	-0.015	-0.117
10.700	0.000	-0.015	-0.112
10.710	0.000	-0.015	-0.112
10.720	0.000	-0.015	-0.107
10.730	0.000	-0.015	-0.112
10.740	0.000	-0.015	-0.112
10.750	0.000	-0.015	-0.117
10.760	0.000	-0.015	-0.112
10.770	0.000	-0.015	-0.112
10.780	0.000	-0.015	-0.117
10.790	0.000	-0.015	-0.112
10.800	0.000	-0.015	-0.112
10.810	0.000	-0.015	-0.112
10.820	0.000	-0.015	-0.107
10.830	0.000	-0.010	-0.112
10.840	0.000	-0.015	-0.107
10.850	0.000	-0.015	-0.117
10.860	0.000	-0.015	-0.112
10.870	0.000	-0.015	-0.112
10.880	0.000	-0.015	-0.112
10.890	0.000	-0.015	-0.112
10.900	0.000	-0.015	-0.107
10.910	0.000	-0.015	-0.117
10.920	0.000	-0.015	-0.112
10.930	0.000	-0.015	-0.112
10.940	0.000	-0.015	-0.117
10.950	0.000	-0.015	-0.117
10.960	0.000	-0.015	-0.112
10.970	0.000	-0.015	-0.112
10.980	0.000	-0.015	-0.107
10.990	0.000	-0.015	-0.112
11.000	0.000	-0.015	-0.112
11.010	0.000	-0.015	-0.112
11.020	0.000	-0.015	-0.117
11.030	0.000	-0.015	-0.112
11.040	0.000	-0.015	-0.112
11.050	0.000	-0.015	-0.112
11.060	0.000	-0.015	-0.107
11.070	0.000	-0.015	-0.112
11.080	0.000	-0.015	-0.112
11.090	0.000	-0.015	-0.112
11.100	0.000	-0.015	-0.117
11.110	0.000	-0.015	-0.112
11.120	0.000	-0.015	-0.112
11.130	0.000	-0.015	-0.112
11.140	0.000	-0.015	-0.112
11.150	0.000	-0.015	-0.112
11.160	0.000	-0.015	-0.112
11.170	0.000	-0.015	-0.112
11.180	0.000	-0.015	-0.112
11.190	0.000	-0.015	-0.112
11.200	0.000	-0.015	-0.107
11.210	0.000	-0.015	-0.117
11.220	0.000	-0.015	-0.117
11.230	0.000	-0.015	-0.117
11.240	0.000	-0.015	-0.117
11.250	0.000	-0.015	-0.112
11.260	0.000	-0.015	-0.112
11.270	0.000	-0.015	-0.112
11.280	0.000	-0.015	-0.112
11.290	0.000	-0.015	-0.112
11.300	0.000	-0.015	-0.112
11.310	0.000	-0.015	-0.117
11.320	0.000	-0.015	-0.112
11.330	0.000	-0.015	-0.107
11.340	0.000	-0.015	-0.117
11.350	0.000	-0.015	-0.112
11.360	0.000	-0.015	-0.117
11.370	0.000	-0.015	-0.112
11.380	0.000	-0.015	-0.112
11.390	0.000	-0.015	-0.112
11.400	0.000	-0.015	-0.112
11.410	0.000	-0.015	-0.112
11.420	0.000	-0.015	-0.112
11.430	0.000	-0.015	-0.112
11.440	0.000	-0.015	-0.112
11.450	0.000	-0.015	-0.112
11.460	0.000	-0.015	-0.112
11.470	0.000	-0.015	-0.112
11.480	0.000	-0.015	-0.112
11.490	0.000	-0.015	-0.112
11.500	0.000	-0.015	-0.112
11.510	0.000	-0.015	-0.112
11.520	0.000	-0.015	-0.117
11.530	0.000	-0.015	-0.107
11.540	0.000	-0.015	-0.112
11.550	0.000	-0.015	-0.112
11.560	0.000	-0.015	-0.112
11.570	0.000	-0.015	-0.112
11.580	0.000	-0.015	-0.112
11.590	1.000	-0.015	-0.112
11.600	1.000	0.000	-1.426
11.610	1.000	0.064	-2.760
11.620	1.000	0.147	-3.332
11.630	1.000	0.244	-3.566
11.640	1.000	0.352	-3.972
11.650	1.000	0.498	-3.815
11.660	1.000	0.586	-3.659
11.670	1.000	0.689	-3.029
11.680	1.000	0.782	-2.384
11.690	1.000	0.840	-1.861
11.700	1.000	0.879	-1.456
11.710	1.000	0.914	-1.041
11.720	1.000	0.938	-0.669
11.730	1.000	0.957	-0.352
11.740	1.000	0.957	-0.220
11.750	1.000	0.957	-0.107
11.760	1.000	0.962	-0.112
11.770	1.000	0.962	-0.112
11.780	1.000	0.957	-0.112
11.790	1.000	0.957	-0.112
11.800	1.000	0.962	-0.112
11.810	1.000	0.962	-0.112
11.820	1.000	0.962	-0.112
11.830	1.000	0.962	-0.112
11.840	1.000	0.957	-0.117
11.850	1.000	0.957	-0.107
11.860	1.000	0.957	-0.112
11.870	1.000	0.957	-0.107
11.880	1.000	0.957	-0.117
11.890	1.000	0.962	-0.117
11.900	1.000	0.962	-0.117
11.910	1.000	0.962	-0.112
11.920	1.000	0.962	-0.112
11.930	1.000	0.957	-0.107
11.940	1.000	0.962	-0.112
11.950	1.000	0.962	-0.107
11.960	1.000	0.962	-0.112
11.970	1.000	0.957	-0.112
11.980	1.000	0.957	-0.117
11.990	1.000	0.957	-0.107
12.000	1.000	0.962	-0.112
12.010	1.000	0.957	-0.107
12.020	1.000	0.957	-0.117
12.030	1.000	0.962	-0.112
12.040	1.000	0.957	-0.112
12.050	1.000	0.962	-0.112
12.060	1.000	0.957	-0.117
12.070	1.000	0.962	-0.112
12.080	1.000	0.957	-0.112
12.090	1.000	0.957	-0.112
12.100	1.000	0.962	-0.112
12.110	1.000	0.962	-0.112
12.120	1.000	0.957	-0.112
12.130	1.000	0.962	-0.112
12.140	1.000	0.957	-0.112
12.150	1.000	0.962	-0.112
12.160	1.000	0.957	-0.112
12.170	1.000	0.957	-0.112
12.180	1.000	0.962	-0.112
12.190	1.000	0.957	-0.117
12.200	1.000	0.962	-0.112
12.210	1.000	0.962	-0.112
12.220	1.000	0.962	-0.117
12.230	1.000	0.962	-0.112
12.240	1.000	0.962	-0.112
12.250	1.000	0.957	-0.112
12.260	1.000	0.962	-0.107
12.270	1.000	0.957	-0.112
12.280	1.000	0.962	-0.112
12.290	1.000	0.957	-0.112
12.300	1.000	0.962	-0.112
12.310	1.000	0.957	-0.112
12.320	1.000	0.957	-0.117
12.330	1.000	0.962	-0.112
12.340	1.000	0.962	-0.112
12.350	1.000	0.962	-0.112
12.360	1.000	0.962	-0.117
12.370	1.000	0.962	-0.112
12.380	1.000	0.962	-0.112
12.390	1.000	0.962	-0.112
12.400	1.000	0.962	-0.112
12.410	1.000	0.962	-0.117
12.420	1.000	0.962	-0.117
12.430	1.000	0.962	-0.112
12.440	1.000	0.957	-0.117
12.450	1.000	0.962	-0.112
12.460	1.000	0.957	-0.112
12.470	1.000	0.957	-0.117
12.480	1.000	0.962	-0.107
12.490	1.000	0.957	-0.112
12.500	1.000	0.962	-0.117
12.510	1.000	0.957	-0.117
12.520	1.000	0.957	-0.112
12.530	1.000	0.962	-0.112
12.540	1.000	0.962	-0.112
12.550	1.000	0.957	-0.117
12.560	1.000	0.962	-0.112
12.570	1.000	0.962	-0.107
12.580	1.000	0.962	-0.112
12.590	1.000	0.962	-0.112
12.600	1.000	0.962	-0.112
12.610	1.000	0.957	-0.107
12.620	1.000	0.962	-0.112
12.630	0.000	0.962	-0.112
12.640	0.000	0.943	1.285
12.650	0.000	0.894	2.491
12.660	0.000	0.801	3.219
12.670	0.000	0.664	3.786
12.680	0.000	0.581	3.952
12.690	0.000	0.440	3.825
12.700	0.000	0.318	3.136
12.710	0.000	0.230	2.653
12.720	0.000	0.161	2.149
12.730	0.000	0.103	1.612
12.740	0.000	0.044	1.021
12.750	0.000	0.029	0.787
12.760	0.000	0.000	0.318
12.770	0.000	-0.010	0.127
12.780	0.000	-0.015	-0.039
12.790	0.000	-0.015	-0.112
12.800	0.000	-0.015	-0.112
12.810	0.000	-0.015	-0.112
12.820	0.000	-0.015	-0.112
12.830	0.000	-0.010	-0.112
12.840	0.000	-0.015	-0.112
12.850	0.000	-0.015	-0.117
12.860	0.000	-0.015	-0.112
12.870	0.000	-0.015	-0.112
12.880	0.000	-0.015	-0.112
12.890	0.000	-0.015	-0.112
12.900	0.000	-0.015	-0.112
12.910	0.000	-0.015	-0.107
12.920	0.000	-0.015	-0.112
12.930	0.000	-0.010	-0.112
12.940	0.000	-0.015	-0.107
12.950	0.000	-0.015	-0.112
12.960	0.000	-0.015	-0.117
12.970	0.000	-0.015	-0.112
12.980	0.000	-0.015	-0.112
12.990	0.000	-0.015	-0.112
13.000	0.000	-0.015	-0.112
13.010	0.000	-0.015	-0.117
13.020	0.000	-0.015	-0.112
13.030	0.000	-0.015	-0.107
13.040	0.000	-0.015	-0.107
13.050	0.000	-0.015	-0.112
13.060	0.000	-0.015	-0.112
13.070	0.000	-0.015	-0.112
13.080	0.000	-0.015	-0.112
13.090	0.000	-0.015	-0.112
13.100	0.000	-0.015	-0.117
13.110	0.000	-0.015	-0.117
13.120	0.000	-0.015	-0.112
13.130	0.000	-0.015	-0.112
13.140	0.000	-0.015	-0.112
13.150	0.000	-0.015	-0.112
13.160	0.000	-0.015	-0.112
13.170	0.000	-0.015	-0.112
13.180	0.000	-0.015	-0.112
13.190	0.000	-0.015	-0.117
13.200	0.000	-0.015	-0.112
13.210	0.000	-0.015	-0.112
13.220	0.000	-0.015	-0.117
13.230	0.000	-0.015	-0.112
13.240	0.000	-0.015	-0.117
13.250	0.000	-0.015	-0.107
13.260	0.000	-0.015	-0.112
13.270	0.000	-0.015	-0.112
13.280	0.000	-0.015	-0.112
13.290	0.000	-0.015	-0.112
13.300	0.000	-0.015	-0.112
13.310	0.000	-0.015	-0.107
13.320	0.000	-0.015	-0.117
13.330	0.000	-0.015	-0.112
13.340	0.000	-0.010	-0.112
13.350	0.000	-0.015	-0.107
13.360	0.000	-0.015	-0.117
13.370	0.000	-0.015	-0.112
13.380	0.000	-0.015	-0.107
13.390	0.000	-0.015	-0.112
13.400	0.000	-0.015	-0.112
13.410	0.000	-0.015	-0.112
13.420	0.000	-0.015	-0.112
13.430	0.000	-0.015	-0.112
13.440	0.000	-0.015	-0.107
13.450	0.000	-0.015	-0.117
13.460	0.000	-0.015	-0.122
13.470	0.000	-0.015	-0.112
13.480	0.000	-0.015	-0.112
13.490	0.000	-0.015	-0.112
13.500	0.000	-0.015	-0.117
13.510	0.000	-0.015	-0.112
13.520	0.000	-0.015	-0.107
13.530	0.000	-0.015	-0.112
13.540	0.000	-0.015	-0.107
13.550	0.000	-0.015	-0.112
13.560	0.000	-0.015	-0.112
13.570	0.000	-0.015	-0.112
13.580	0.000	-0.015	-0.112
13.590	0.000	-0.015	-0.112
13.600	0.000	-0.015	-0.112
13.610	0.000	-0.015	-0.107
13.620	0.000	-0.015	-0.107
13.630	0.000	-0.015	-0.112
13.640	0.000	-0.015	-0.112
13.650	0.000	-0.015	-0.112
13.660	0.000	-0.015	-0.112
13.670	0.000	-0.015	-0.117
13.680	1.000	-0.015	-0.112
13.690	1.000	0.005	-1.583
13.700	1.000	0.073	-2.785
13.710	1.000	0.142	-3.302
13.720	1.000	0.254	-3.615
13.730	1.000	0.371	-3.942
13.740	1.000	0.469	-3.752
13.750	1.000	0.591	-3.503
13.760	1.000	0.694	-2.838
13.770	1.000	0.767	-2.604
13.780	1.000	0.826	-2.008
13.790	1.000	0.879	-1.368
13.800	1.000	0.909	-1.080
13.810	1.000	0.933	-0.718
13.820	1.000	0.948	-0.474
13.830	1.000	0.957	-0.220
13.840	1.000	0.957	-0.107
13.850	1.000	0.957	-0.107
13.860	1.000	0.957	-0.112
13.870	1.000	0.957	-0.112
13.880	1.000	0.962	-0.112
13.890	1.000	0.962	-0.112
13.900	1.000	0.962	-0.112
13.910	1.000	0.962	-0.112
13.920	1.000	0.962	-0.112
13.930	1.000	0.957	-0.112
13.940	1.000	0.957	-0.112
13.950	1.000	0.962	-0.112
13.960	1.000	0.957	-0.112
13.970	1.000	0.957	-0.112
13.980	1.000	0.957	-0.112
13.990	1.000	0.957	-0.112
14.000	1.000	0.957	-0.112
14.010	1.000	0.962	-0.112
14.020	1.000	0.957	-0.117
14.030	1.000	0.957	-0.112
14.040	1.000	0.957	-0.112
14.050	1.000	0.957	-0.112
14.060	1.000	0.957	-0.103
14.070	1.000	0.957	-0.112
14.080	1.000	0.962	-0.117
14.090	1.000	0.962	-0.112
14.100	1.000	0.962	-0.112
14.110	1.000	0.957	-0.112
14.120	1.000	0.957	-0.112
14.130	1.000	0.957	-0.112
14.140	1.000	0.957	-0.112
14.150	1.000	0.957	-0.112
14.160	1.000	0.957	-0.107
14.170	1.000	0.962	-0.112
14.180	1.000	0.957	-0.112
14.190	1.000	0.962	-0.112
14.200	1.000	0.957	-0.117
14.210	1.000	0.957	-0.112
14.220	1.000	0.962	-0.112
14.230	1.000	0.957	-0.112
14.240	1.000	0.957	-0.112
14.250	1.000	0.957	-0.112
14.260	1.000	0.957	-0.112
14.270	1.000	0.957	-0.112
14.280	1.000	0.962	-0.112
14.290	1.000	0.957	-0.112
14.300	1.000	0.957	-0.117
14.310	1.000	0.962	-0.112
14.320	1.000	0.957	-0.112
14.330	1.000	0.962	-0.112
14.340	1.000	0.957	-0.112
14.350	1.000	0.957	-0.112
14.360	1.000	0.957	-0.112
14.370	1.000	0.957	-0.112
14.380	1.000	0.957	-0.112
14.390	1.000	0.962	-0.112
14.400	1.000	0.957	-0.112
14.410	1.000	0.957	-0.107
14.420	1.000	0.957	-0.112
14.430	1.000	0.957	-0.112
14.440	1.000	0.962	-0.112
14.450	1.000	0.962	-0.112
14.460	1.000	0.957	-0.112
14.470	1.000	0.957	-0.112
14.480	1.000	0.962	-0.112
14.490	1.000	0.957	-0.107
14.500	1.000	0.957	-0.112
14.510	1.000	0.962	-0.112
14.520	1.000	0.962	-0.112
14.530	1.000	0.957	-0.112
14.540	1.000	0.957	-0.112
14.550	1.000	0.957	-0.112
14.560	1.000	0.957	-0.112
14.570	1.000	0.957	-0.107
14.580	1.000	0.957	-0.112
14.590	1.000	0.962	-0.112
14.600	1.000	0.957	-0.112
14.610	1.000	0.957	-0.112
14.620	1.000	0.957	-0.112
14.630	1.000	0.957	-0.112
14.640	1.000	0.957	-0.112
14.650	1.000	0.962	-0.112
14.660	1.000	0.962	-0.112
14.670	1.000	0.957	-0.112
14.680	1.000	0.962	-0.112
14.690	1.000	0.957	-0.112
14.700	1.000	0.957	-0.112
14.710	1.000	0.962	-0.112
14.720	1.000	0.962	-0.112
14.730	0.000	0.957	-0.112
14.740	0.000	0.948	1.202
14.750	0.000	0.870	2.643
14.760	0.000	0.791	3.200
14.770	0.000	0.674	3.766
14.780	0.000	0.537	3.835
14.790	0.000	0.415	3.688
14.800	0.000	0.327	3.136
14.810	0.000	0.239	2.574
14.820	0.000	0.147	2.013
14.830	0.000	0.107	1.558
14.840	0.000	0.049	1.099
14.850	0.000	0.024	0.620
14.860	0.000	0.005	0.362
14.870	0.000	-0.005	0.107
14.880	0.000	-0.010	-0.049
14.890	0.000	-0.010	-0.112
14.900	0.000	-0.010	-0.112
14.910	0.000	-0.010	-0.112
14.920	0.000	-0.010	-0.112
14.930	0.000	-0.010	-0.112
14.940	0.000	-0.010	-0.112
14.950	0.000	-0.010	-0.112
14.960	0.000	-0.010	-0.112
14.970	0.000	-0.010	-0.107
14.980	0.000	-0.010	-0.112
14.990	0.000	-0.005	-0.112
15.000	0.000	-0.010	-0.107
15.010	0.000	-0.010	-0.112
15.020	0.000	-0.010	-0.112
15.030	0.000	-0.010	-0.112
15.040	0.000	-0.010	-0.117
15.050	0.000	-0.010	-0.107
15.060	0.000	-0.010	-0.112
15.070	0.000	-0.010	-0.117
15.080	0.000	-0.010	-0.117
15.090	0.000	-0.010	-0.112
15.100	0.000	-0.010	-0.117
15.110	0.000	-0.010	-0.112
15.120	0.000	-0.010	-0.112
15.130	0.000	-0.010	-0.112
15.140	0.000	-0.015	-0.107
15.150	0.000	-0.010	-0.112
15.160	0.000	-0.010	-0.112
15.170	0.000	-0.015	-0.117
15.180	0.000	-0.010	-0.112
15.190	0.000	-0.010	-0.112
15.200	0.000	-0.010	-0.112
15.210	0.000	-0.015	-0.117
15.220	0.000	-0.005	-0.107
15.230	0.000	-0.015	-0.112
15.240	0.000	-0.010	-0.112
15.250	0.000	-0.010	-0.117
15.260	0.000	-0.010	-0.112
15.270	0.000	-0.010	-0.112
15.280	0.000	-0.010	-0.112
15.290	0.000	-0.015	-0.112
15.300	0.000	-0.010	-0.117
15.310	0.000	-0.010	-0.112
15.320	0.000	-0.010	-0.112
15.330	0.000	-0.010	-0.112
15.340	0.000	-0.010	-0.112
15.350	0.000	-0.010	-0.112
15.360	0.000	-0.010	-0.112
15.370	0.000	-0.010	-0.112
15.380	0.000	-0.010	-0.107
15.390	0.000	-0.010	-0.112
15.400	0.000	-0.010	-0.112
15.410	0.000	-0.010	-0.112
15.420	0.000	-0.010	-0.107
15.430	0.000	-0.010	-0.117
15.440	0.000	-0.010	-0.112
15.450	0.000	-0.005	-0.112
15.460	0.000	-0.010	-0.112
15.470	0.000	-0.010	-0.112
15.480	0.000	-0.010	-0.112
15.490	0.000	-0.010	-0.112
15.500	0.000	-0.010	-0.117
15.510	0.000	-0.010	-0.107
15.520	0.000	-0.010	-0.117
15.530	0.000	-0.010	-0.112
15.540	0.000	-0.015	-0.112
15.550	0.000	-0.005	-0.112
15.560	0.000	-0.010	-0.112
15.570	0.000	-0.010	-0.112
15.580	0.000	-0.010	-0.107
15.590	0.000	-0.010	-0.117
15.600	0.000	-0.010	-0.112
15.610	0.000	-0.010	-0.112
15.620	0.000	-0.005	-0.112
15.630	0.000	-0.010	-0.112
15.640	0.000	-0.010	-0.107
15.650	0.000	-0.010	-0.112
15.660	0.000	-0.010	-0.112
15.670	0.000	-0.010	-0.112
15.680	0.000	-0.015	-0.117
15.690	0.000	-0.010	-0.112
15.700	0.000	-0.010	-0.112
15.710	0.000	-0.010	-0.117
15.720	0.000	-0.015	-0.107
15.730	0.000	-0.010	-0.112
15.740	0.000	-0.010	-0.112
15.750	0.000	-0.010	-0.112
15.760	0.000	-0.010	-0.107
15.770	1.000	-0.010	-0.112
15.780	1.000	0.010	-1.568
15.790	1.000	0.054	-2.628
15.800	1.000	0.142	-3.298
15.810	1.000	0.269	-3.766
15.820	1.000	0.376	-3.947
15.830	1.000	0.489	-3.776
15.840	1.000	0.591	-3.478
15.850	1.000	0.679	-2.975
15.860	1.000	0.782	-2.316
15.870	1.000	0.826	-2.032
15.880	1.000	0.870	-1.441
15.890	1.000	0.909	-0.977
15.900	1.000	0.933	-0.645
15.910	1.000	0.943	-0.454
15.920	1.000	0.957	-0.244
15.930	1.000	0.957	-0.107
15.940	1.000	0.957	-0.117
15.950	1.000	0.957	-0.112
15.960	1.000	0.957	-0.112
15.970	1.000	0.957	-0.112
15.980	1.000	0.953	-0.112
15.990	1.000	0.957	-0.112
16.000	1.000	0.957	-0.107
16.010	1.000	0.957	-0.112
16.020	1.000	0.957	-0.117
16.030	1.000	0.957	-0.117
16.040	1.000	0.957	-0.112
16.050	1.000	0.957	-0.112
16.060	1.000	0.957	-0.112
16.070	1.000	0.957	-0.112
16.080	1.000	0.957	-0.112
16.090	1.000	0.957	-0.112
16.100	1.000	0.957	-0.112
16.110	1.000	0.957	-0.112
16.120	1.000	0.957	-0.107
16.130	1.000	0.957	-0.112
16.140	1.000	0.957	-0.112
16.150	1.000	0.957	-0.112
16.160	1.000	0.957	-0.112
16.170	1.000	0.957	-0.107
16.180	1.000	0.957	-0.112
16.190	1.000	0.957	-0.112
16.200	1.000	0.957	-0.112
16.210	1.000	0.957	-0.112
16.220	1.000	0.957	-0.112
16.230	1.000	0.957	-0.112
16.240	1.000	0.957	-0.117
16.250	1.000	0.957	-0.112
16.260	1.000	0.957	-0.112
16.270	1.000	0.957	-0.112
16.280	1.000	0.957	-0.112
16.290	1.000	0.957	-0.112
16.300	1.000	0.957	-0.112
16.310	1.000	0.957	-0.112
16.320	1.000	0.957	-0.112
16.330	1.000	0.957	-0.112
16.340	1.000	0.957	-0.112
16.350	1.000	0.957	-0.112
16.360	1.000	0.957	-0.117
16.370	1.000	0.957	-0.117
16.380	1.000	0.957	-0.112
16.390	1.000	0.957	-0.112
16.400	1.000	0.957	-0.107
16.410	1.000	0.957	-0.112
16.420	1.000	0.957	-0.107
16.430	1.000	0.957	-0.117
16.440	1.000	0.957	-0.112
16.450	1.000	0.957	-0.112
16.460	1.000	0.957	-0.112
16.470	1.000	0.957	-0.117
16.480	1.000	0.957	-0.112
16.490	1.000	0.957	-0.117
16.500	1.000	0.957	-0.117
16.510	1.000	0.957	-0.117
16.520	1.000	0.957	-0.112
16.530	1.000	0.957	-0.112
16.540	1.000	0.957	-0.112
16.550	1.000	0.957	-0.107
16.560	1.000	0.957	-0.107
16.570	1.000	0.957	-0.112
16.580	1.000	0.957	-0.112
16.590	1.000	0.957	-0.112
16.600	1.000	0.957	-0.112
16.610	1.000	0.957	-0.112
16.620	1.000	0.957	-0.112
16.630	1.000	0.957	-0.112
16.640	1.000	0.957	-0.117
16.650	1.000	0.957	-0.112
16.660	1.000	0.957	-0.117
16.670	1.000	0.957	-0.112
16.680	1.000	0.957	-0.112
16.690	1.000	0.957	-0.112
16.700	1.000	0.953	-0.112
16.710	1.000	0.957	-0.112
16.720	1.000	0.957	-0.112
16.730	1.000	0.957	-0.112
16.740	1.000	0.957	-0.112
16.750	1.000	0.957	-0.112
16.760	1.000	0.957	-0.112
16.770	1.000	0.957	-0.112
16.780	1.000	0.957	-0.112
16.790	1.000	0.957	-0.107
