0.010	1.000	0.967	-0.107
0.020	1.000	0.962	-0.107
0.030	1.000	0.967	-0.107
0.040	1.000	0.962	-0.107
0.050	1.000	0.962	-0.112
0.060	1.000	0.962	-0.107
0.070	1.000	0.967	-0.112
0.080	1.000	0.962	-0.117
0.090	1.000	0.962	-0.112
0.100	1.000	0.967	-0.112
0.110	1.000	0.962	-0.112
0.120	1.000	0.962	-0.112
0.130	1.000	0.962	-0.112
0.140	1.000	0.967	-0.112
0.150	1.000	0.962	-0.112
0.160	1.000	0.962	-0.112
0.170	1.000	0.962	-0.112
0.180	1.000	0.962	-0.112
0.190	1.000	0.962	-0.112
0.200	1.000	0.962	-0.112
0.210	1.000	0.962	-0.112
0.220	1.000	0.962	-0.107
0.230	1.000	0.962	-0.117
0.240	1.000	0.962	-0.117
0.250	1.000	0.962	-0.112
0.260	1.000	0.962	-0.112
0.270	1.000	0.962	-0.112
0.280	1.000	0.962	-0.112
0.290	1.000	0.962	-0.117
0.300	1.000	0.962	-0.107
0.310	1.000	0.962	-0.117
0.320	1.000	0.962	-0.112
0.330	1.000	0.962	-0.112
0.340	1.000	0.962	-0.117
0.350	1.000	0.962	-0.107
0.360	1.000	0.967	-0.112
0.370	1.000	0.962	-0.107
0.380	1.000	0.962	-0.112
0.390	1.000	0.962	-0.112
0.400	1.000	0.967	-0.112
0.410	1.000	0.962	-0.112
0.420	1.000	0.962	-0.112
0.430	1.000	0.962	-0.112
0.440	1.000	0.962	-0.112
0.450	1.000	0.962	-0.117
0.460	1.000	0.962	-0.112
0.470	1.000	0.962	-0.117
0.480	1.000	0.962	-0.107
0.490	1.000	0.962	-0.112
0.500	1.000	0.962	-0.107
0.510	1.000	0.962	-0.112
0.520	1.000	0.962	-0.117
0.530	1.000	0.962	-0.112
0.540	1.000	0.967	-0.107
0.550	1.000	0.962	-0.112
0.560	1.000	0.962	-0.112
0.570	1.000	0.962	-0.112
0.580	1.000	0.962	-0.117
0.590	1.000	0.962	-0.107
0.600	1.000	0.962	-0.103
0.610	1.000	0.962	-0.112
0.620	1.000	0.962	-0.107
0.630	1.000	0.967	-0.112
0.640	1.000	0.967	-0.112
0.650	1.000	0.962	-0.112
0.660	1.000	0.967	-0.107
0.670	1.000	0.962	-0.117
0.680	1.000	0.962	-0.112
0.690	1.000	0.967	-0.112
0.700	1.000	0.962	-0.112
0.710	1.000	0.962	-0.107
0.720	1.000	0.962	-0.112
0.730	1.000	0.962	-0.112
0.740	1.000	0.962	-0.112
0.750	1.000	0.962	-0.112
0.760	1.000	0.962	-0.112
0.770	1.000	0.962	-0.107
0.780	1.000	0.962	-0.112
0.790	1.000	0.962	-0.117
0.800	1.000	0.962	-0.112
0.810	1.000	0.967	-0.112
0.820	1.000	0.962	-0.107
0.830	1.000	0.962	-0.112
0.840	1.000	0.962	-0.112
0.850	1.000	0.962	-0.103
0.860	1.000	0.967	-0.112
0.870	1.000	0.962	-0.107
0.880	1.000	0.967	-0.112
0.890	1.000	0.962	-0.107
0.900	1.000	0.962	-0.112
0.910	1.000	0.962	-0.112
0.920	1.000	0.962	-0.107
0.930	1.000	0.967	-0.112
0.940	1.000	0.962	-0.112
0.950	1.000	0.962	-0.112
0.960	1.000	0.962	-0.112
0.970	1.000	0.962	-0.112
0.980	1.000	0.962	-0.112
0.990	1.000	0.962	-0.107
1.000	1.000	0.962	-0.112
1.010	1.000	0.967	-0.112
1.020	1.000	0.962	-0.112
1.030	1.000	0.962	-0.107
1.040	1.000	0.962	-0.107
1.050	1.000	0.962	-0.112
1.060	1.000	0.962	-0.112
1.070	1.000	0.962	-0.117
1.080	1.000	0.962	-0.107
1.090	1.000	0.967	-0.107
1.100	1.000	0.962	-0.107
1.110	1.000	0.962	-0.107
1.120	1.000	0.962	-0.117
1.130	1.000	0.962	-0.112
1.140	1.000	0.962	-0.112
1.150	1.000	0.962	-0.112
1.160	1.000	0.967	-0.112
1.170	0.000	0.962	-0.112
1.180	0.000	0.953	1.329
1.190	0.000	0.874	2.965
1.200	0.000	0.767	4.177
1.210	0.000	0.650	4.719
1.220	0.000	0.493	5.188
1.230	0.000	0.298	5.222
1.240	0.000	0.166	4.748
1.250	0.000	0.029	4.133
1.260	0.000	-0.112	3.141
1.270	0.000	-0.181	2.316
1.280	0.000	-0.239	1.212
1.290	0.000	-0.269	0.191
1.300	0.000	-0.274	-0.357
1.310	0.000	-0.259	-0.801
1.320	0.000	-0.230	-1.070
1.330	0.000	-0.191	-1.216
1.340	0.000	-0.156	-1.216
1.350	0.000	-0.127	-1.143
1.360	0.000	-0.098	-1.011
1.370	0.000	-0.078	-0.845
1.380	0.000	-0.054	-0.650
1.390	0.000	-0.039	-0.474
1.400	0.000	-0.029	-0.322
1.410	0.000	-0.024	-0.147
1.420	0.000	-0.024	-0.107
1.430	0.000	-0.024	-0.117
1.440	0.000	-0.024	-0.112
1.450	0.000	-0.024	-0.112
1.460	0.000	-0.024	-0.112
1.470	0.000	-0.024	-0.112
1.480	0.000	-0.024	-0.117
1.490	0.000	-0.024	-0.107
1.500	0.000	-0.029	-0.112
1.510	0.000	-0.024	-0.112
1.520	0.000	-0.020	-0.112
1.530	0.000	-0.024	-0.112
1.540	0.000	-0.024	-0.117
1.550	0.000	-0.024	-0.112
1.560	0.000	-0.024	-0.112
1.570	0.000	-0.024	-0.112
1.580	0.000	-0.029	-0.117
1.590	0.000	-0.029	-0.112
1.600	0.000	-0.024	-0.112
1.610	0.000	-0.024	-0.107
1.620	0.000	-0.024	-0.112
1.630	0.000	-0.024	-0.107
1.640	0.000	-0.024	-0.112
1.650	0.000	-0.024	-0.112
1.660	0.000	-0.024	-0.117
1.670	0.000	-0.024	-0.107
1.680	0.000	-0.024	-0.112
1.690	0.000	-0.024	-0.112
1.700	0.000	-0.024	-0.112
1.710	0.000	-0.024	-0.112
1.720	0.000	-0.024	-0.112
1.730	0.000	-0.024	-0.112
1.740	0.000	-0.024	-0.112
1.750	0.000	-0.024	-0.112
1.760	0.000	-0.024	-0.112
1.770	0.000	-0.024	-0.112
1.780	0.000	-0.024	-0.107
1.790	0.000	-0.024	-0.112
1.800	0.000	-0.029	-0.117
1.810	0.000	-0.020	-0.112
1.820	0.000	-0.024	-0.107
1.830	0.000	-0.024	-0.112
1.840	0.000	-0.024	-0.112
1.850	0.000	-0.024	-0.107
1.860	0.000	-0.024	-0.117
1.870	0.000	-0.024	-0.112
1.880	0.000	-0.024	-0.112
1.890	0.000	-0.024	-0.112
1.900	0.000	-0.024	-0.112
1.910	0.000	-0.024	-0.112
1.920	0.000	-0.024	-0.112
1.930	0.000	-0.024	-0.112
1.940	0.000	-0.024	-0.112
1.950	0.000	-0.024	-0.117
1.960	0.000	-0.024	-0.112
1.970	0.000	-0.024	-0.107
1.980	0.000	-0.029	-0.117
1.990	0.000	-0.024	-0.112
2.000	0.000	-0.024	-0.117
2.010	0.000	-0.024	-0.112
2.020	0.000	-0.024	-0.112
2.030	0.000	-0.024	-0.112
2.040	0.000	-0.024	-0.112
2.050	0.000	-0.024	-0.117
2.060	0.000	-0.024	-0.112
2.070	0.000	-0.024	-0.112
2.080	0.000	-0.029	-0.112
2.090	0.000	-0.020	-0.107
2.100	0.000	-0.024	-0.112
2.110	0.000	-0.024	-0.107
2.120	0.000	-0.024	-0.107
2.130	0.000	-0.024	-0.112
2.140	0.000	-0.024	-0.112
2.150	0.000	-0.024	-0.112
2.160	0.000	-0.024	-0.112
2.170	0.000	-0.024	-0.117
2.180	0.000	-0.024	-0.112
2.190	0.000	-0.024	-0.112
2.200	0.000	-0.024	-0.112
2.210	0.000	-0.024	-0.112
2.220	0.000	-0.024	-0.107
2.230	0.000	-0.020	-0.112
2.240	0.000	-0.024	-0.112
2.250	0.000	-0.024	-0.107
2.260	0.000	-0.024	-0.112
2.270	0.000	-0.029	-0.117
2.280	0.000	-0.020	-0.107
2.290	0.000	-0.024	-0.107
2.300	0.000	-0.024	-0.112
2.310	0.000	-0.024	-0.112
2.320	0.000	-0.024	-0.112
2.330	0.000	-0.024	-0.107
2.340	0.000	-0.024	-0.117
2.350	0.000	-0.024	-0.112
2.360	0.000	-0.024	-0.107
2.370	0.000	-0.024	-0.112
2.380	0.000	-0.024	-0.112
2.390	0.000	-0.024	-0.107
2.400	0.000	-0.024	-0.107
2.410	0.000	-0.024	-0.107
2.420	0.000	-0.024	-0.112
2.430	0.000	-0.024	-0.112
2.440	0.000	-0.024	-0.112
2.450	0.000	-0.024	-0.112
2.460	0.000	-0.024	-0.112
2.470	0.000	-0.024	-0.112
2.480	0.000	-0.020	-0.107
2.490	0.000	-0.024	-0.107
2.500	0.000	-0.024	-0.112
2.510	0.000	-0.024	-0.112
2.520	0.000	-0.024	-0.112
2.530	0.000	-0.024	-0.112
2.540	0.000	-0.024	-0.112
2.550	0.000	-0.024	-0.112
2.560	0.000	-0.024	-0.112
2.570	0.000	-0.024	-0.112
2.580	0.000	-0.024	-0.112
2.590	0.000	-0.024	-0.112
2.600	0.000	-0.024	-0.112
2.610	0.000	-0.024	-0.112
2.620	0.000	-0.024	-0.112
2.630	0.000	-0.024	-0.112
2.640	0.000	-0.024	-0.112
2.650	0.000	-0.024	-0.112
2.660	0.000	-0.024	-0.112
2.670	0.000	-0.024	-0.112
2.680	0.000	-0.024	-0.107
2.690	0.000	-0.020	-0.107
2.700	0.000	-0.024	-0.112
2.710	0.000	-0.024	-0.107
2.720	0.000	-0.029	-0.112
2.730	0.000	-0.024	-0.112
2.740	1.000	-0.024	-0.112
2.750	1.000	-0.015	-1.260
2.760	1.000	0.039	-2.804
2.770	1.000	0.142	-3.933
2.780	1.000	0.274	-4.822
2.790	1.000	0.425	-5.393
2.800	1.000	0.567	-5.266
2.810	1.000	0.713	-5.076
2.820	1.000	0.879	-4.465
2.830	1.000	1.016	-3.400
2.840	1.000	1.099	-2.540
2.850	1.000	1.158	-1.754
2.860	1.000	1.187	-0.708
2.870	1.000	1.197	0.181
2.880	1.000	1.182	0.572
2.890	1.000	1.163	0.777
2.900	1.000	1.133	0.904
2.910	1.000	1.094	0.923
2.920	1.000	1.065	0.899
2.930	1.000	1.041	0.738
2.940	1.000	1.016	0.523
2.950	1.000	0.987	0.420
2.960	1.000	0.977	0.234
2.970	1.000	0.967	0.034
2.980	1.000	0.967	-0.117
2.990	1.000	0.967	-0.122
3.000	1.000	0.967	-0.112
3.010	1.000	0.967	-0.112
3.020	1.000	0.972	-0.112
3.030	1.000	0.967	-0.112
3.040	1.000	0.967	-0.112
3.050	1.000	0.967	-0.117
3.060	1.000	0.967	-0.112
3.070	1.000	0.967	-0.112
3.080	1.000	0.967	-0.112
3.090	1.000	0.967	-0.112
3.100	1.000	0.967	-0.112
3.110	1.000	0.967	-0.103
3.120	1.000	0.972	-0.112
3.130	1.000	0.967	-0.107
3.140	1.000	0.967	-0.112
3.150	1.000	0.962	-0.112
3.160	1.000	0.967	-0.112
3.170	1.000	0.967	-0.112
3.180	1.000	0.967	-0.112
3.190	1.000	0.967	-0.112
3.200	1.000	0.967	-0.107
3.210	1.000	0.972	-0.112
3.220	1.000	0.967	-0.107
3.230	1.000	0.967	-0.112
3.240	1.000	0.962	-0.112
3.250	1.000	0.972	-0.112
3.260	1.000	0.967	-0.112
3.270	1.000	0.967	-0.112
3.280	1.000	0.962	-0.112
3.290	1.000	0.967	-0.107
3.300	1.000	0.962	-0.107
3.310	1.000	0.967	-0.117
3.320	1.000	0.972	-0.112
3.330	1.000	0.967	-0.112
3.340	1.000	0.967	-0.112
3.350	1.000	0.967	-0.107
3.360	1.000	0.967	-0.112
3.370	1.000	0.967	-0.112
3.380	1.000	0.967	-0.112
3.390	1.000	0.967	-0.112
3.400	1.000	0.967	-0.117
3.410	1.000	0.967	-0.112
3.420	1.000	0.972	-0.107
3.430	1.000	0.962	-0.112
3.440	1.000	0.962	-0.112
3.450	1.000	0.967	-0.117
3.460	1.000	0.967	-0.107
3.470	1.000	0.972	-0.112
3.480	1.000	0.967	-0.112
3.490	1.000	0.967	-0.112
3.500	1.000	0.967	-0.112
3.510	1.000	0.967	-0.107
3.520	1.000	0.972	-0.112
3.530	1.000	0.967	-0.112
3.540	1.000	0.967	-0.112
3.550	1.000	0.967	-0.112
3.560	1.000	0.967	-0.112
3.570	1.000	0.972	-0.112
3.580	1.000	0.967	-0.112
3.590	1.000	0.967	-0.112
3.600	1.000	0.967	-0.107
3.610	1.000	0.967	-0.107
3.620	1.000	0.967	-0.112
3.630	1.000	0.962	-0.112
3.640	1.000	0.967	-0.112
3.650	1.000	0.967	-0.107
3.660	1.000	0.967	-0.107
3.670	1.000	0.967	-0.107
3.680	1.000	0.967	-0.112
3.690	1.000	0.967	-0.107
3.700	1.000	0.967	-0.112
3.710	1.000	0.967	-0.107
3.720	1.000	0.967	-0.112
3.730	1.000	0.967	-0.107
3.740	1.000	0.962	-0.112
3.750	1.000	0.967	-0.107
3.760	1.000	0.967	-0.117
3.770	1.000	0.967	-0.112
3.780	1.000	0.967	-0.112
3.790	1.000	0.967	-0.112
3.800	1.000	0.967	-0.112
3.810	1.000	0.967	-0.107
3.820	1.000	0.967	-0.112
3.830	1.000	0.967	-0.112
3.840	1.000	0.967	-0.107
3.850	1.000	0.972	-0.112
3.860	1.000	0.967	-0.112
3.870	1.000	0.967	-0.112
3.880	1.000	0.967	-0.112
3.890	1.000	0.962	-0.107
3.900	1.000	0.967	-0.117
3.910	1.000	0.967	-0.112
3.920	1.000	0.962	-0.107
3.930	1.000	0.967	-0.112
3.940	1.000	0.967	-0.107
3.950	1.000	0.972	-0.107
3.960	1.000	0.967	-0.112
3.970	1.000	0.967	-0.112
3.980	1.000	0.962	-0.112
3.990	1.000	0.967	-0.112
4.000	1.000	0.967	-0.112
4.010	1.000	0.972	-0.112
4.020	1.000	0.967	-0.112
4.030	1.000	0.972	-0.112
4.040	1.000	0.967	-0.112
4.050	1.000	0.967	-0.112
4.060	1.000	0.967	-0.107
4.070	1.000	0.967	-0.112
4.080	1.000	0.967	-0.112
4.090	1.000	0.967	-0.107
4.100	1.000	0.967	-0.112
4.110	1.000	0.967	-0.107
4.120	1.000	0.967	-0.112
4.130	1.000	0.962	-0.112
4.140	1.000	0.967	-0.112
4.150	1.000	0.967	-0.107
4.160	1.000	0.967	-0.112
4.170	1.000	0.967	-0.107
4.180	1.000	0.967	-0.112
4.190	1.000	0.967	-0.112
4.200	1.000	0.967	-0.117
4.210	1.000	0.967	-0.112
4.220	1.000	0.967	-0.112
4.230	1.000	0.967	-0.112
4.240	1.000	0.967	-0.112
4.250	1.000	0.967	-0.107
4.260	1.000	0.967	-0.112
4.270	1.000	0.972	-0.112
4.280	1.000	0.967	-0.107
4.290	1.000	0.967	-0.112
4.300	1.000	0.967	-0.107
4.310	0.000	0.967	-0.112
4.320	0.000	0.957	1.153
4.330	0.000	0.870	3.004
4.340	0.000	0.787	3.908
4.350	0.000	0.645	4.758
4.360	0.000	0.459	5.349
4.370	0.000	0.298	5.232
4.380	0.000	0.137	4.817
4.390	0.000	0.029	4.138
4.400	0.000	-0.098	3.302
4.410	0.000	-0.195	2.062
4.420	0.000	-0.249	1.006
4.430	0.000	-0.274	0.122
4.440	0.000	-0.274	-0.386
4.450	0.000	-0.264	-0.830
4.460	0.000	-0.230	-1.099
4.470	0.000	-0.191	-1.241
4.480	0.000	-0.151	-1.221
4.490	0.000	-0.127	-1.172
4.500	0.000	-0.098	-1.036
4.510	0.000	-0.073	-0.791
4.520	0.000	-0.054	-0.650
4.530	0.000	-0.034	-0.493
4.540	0.000	-0.024	-0.274
4.550	0.000	-0.020	-0.098
4.560	0.000	-0.024	-0.112
4.570	0.000	-0.020	-0.112
4.580	0.000	-0.020	-0.112
4.590	0.000	-0.020	-0.112
4.600	0.000	-0.020	-0.107
4.610	0.000	-0.020	-0.107
4.620	0.000	-0.020	-0.112
4.630	0.000	-0.024	-0.117
4.640	0.000	-0.024	-0.117
4.650	0.000	-0.020	-0.112
4.660	0.000	-0.020	-0.112
4.670	0.000	-0.020	-0.112
4.680	0.000	-0.020	-0.112
4.690	0.000	-0.024	-0.112
4.700	0.000	-0.020	-0.112
4.710	0.000	-0.020	-0.112
4.720	0.000	-0.020	-0.112
4.730	0.000	-0.024	-0.107
4.740	0.000	-0.020	-0.112
4.750	0.000	-0.020	-0.112
4.760	0.000	-0.024	-0.107
4.770	0.000	-0.020	-0.112
4.780	0.000	-0.020	-0.112
4.790	0.000	-0.020	-0.112
4.800	0.000	-0.024	-0.117
4.810	0.000	-0.020	-0.117
4.820	0.000	-0.020	-0.112
4.830	0.000	-0.020	-0.107
4.840	0.000	-0.020	-0.112
4.850	0.000	-0.020	-0.112
4.860	0.000	-0.024	-0.112
4.870	0.000	-0.020	-0.112
4.880	0.000	-0.020	-0.112
4.890	0.000	-0.020	-0.112
4.900	0.000	-0.020	-0.107
4.910	0.000	-0.024	-0.107
4.920	0.000	-0.020	-0.112
4.930	0.000	-0.020	-0.112
4.940	0.000	-0.024	-0.107
4.950	0.000	-0.024	-0.107
4.960	0.000	-0.024	-0.117
4.970	0.000	-0.024	-0.112
4.980	0.000	-0.024	-0.107
4.990	0.000	-0.024	-0.112
5.000	0.000	-0.020	-0.107
5.010	0.000	-0.020	-0.112
5.020	0.000	-0.024	-0.112
5.030	0.000	-0.024	-0.117
5.040	0.000	-0.024	-0.112
5.050	0.000	-0.020	-0.112
5.060	0.000	-0.020	-0.112
5.070	0.000	-0.024	-0.107
5.080	0.000	-0.020	-0.112
5.090	0.000	-0.024	-0.112
5.100	0.000	-0.024	-0.107
5.110	0.000	-0.020	-0.107
5.120	0.000	-0.020	-0.117
5.130	0.000	-0.020	-0.112
5.140	0.000	-0.020	-0.112
5.150	0.000	-0.024	-0.112
5.160	0.000	-0.020	-0.112
5.170	0.000	-0.024	-0.112
5.180	0.000	-0.024	-0.112
5.190	0.000	-0.024	-0.112
5.200	0.000	-0.024	-0.112
5.210	0.000	-0.020	-0.112
5.220	0.000	-0.020	-0.112
5.230	0.000	-0.020	-0.107
5.240	0.000	-0.024	-0.112
5.250	0.000	-0.020	-0.112
5.260	0.000	-0.020	-0.112
5.270	0.000	-0.024	-0.112
5.280	0.000	-0.020	-0.112
5.290	0.000	-0.020	-0.107
5.300	0.000	-0.024	-0.112
5.310	0.000	-0.024	-0.107
5.320	0.000	-0.020	-0.112
5.330	0.000	-0.020	-0.107
5.340	0.000	-0.020	-0.112
5.350	0.000	-0.024	-0.117
5.360	0.000	-0.024	-0.112
5.370	0.000	-0.020	-0.112
5.380	0.000	-0.024	-0.112
5.390	0.000	-0.024	-0.107
5.400	0.000	-0.020	-0.112
5.410	0.000	-0.020	-0.112
5.420	0.000	-0.020	-0.112
5.430	0.000	-0.020	-0.112
5.440	0.000	-0.020	-0.107
5.450	0.000	-0.024	-0.112
5.460	0.000	-0.024	-0.112
5.470	0.000	-0.024	-0.112
5.480	0.000	-0.020	-0.112
5.490	0.000	-0.020	-0.112
5.500	0.000	-0.020	-0.112
5.510	0.000	-0.020	-0.117
5.520	0.000	-0.020	-0.112
5.530	0.000	-0.020	-0.107
5.540	0.000	-0.020	-0.112
5.550	0.000	-0.020	-0.117
5.560	0.000	-0.020	-0.112
5.570	0.000	-0.020	-0.112
5.580	0.000	-0.020	-0.112
5.590	0.000	-0.020	-0.107
5.600	0.000	-0.020	-0.112
5.610	0.000	-0.024	-0.112
5.620	0.000	-0.020	-0.112
5.630	0.000	-0.020	-0.112
5.640	0.000	-0.024	-0.112
5.650	0.000	-0.024	-0.112
5.660	0.000	-0.020	-0.112
5.670	0.000	-0.024	-0.112
5.680	0.000	-0.020	-0.112
5.690	0.000	-0.020	-0.117
5.700	0.000	-0.024	-0.112
5.710	0.000	-0.020	-0.107
5.720	0.000	-0.024	-0.112
5.730	0.000	-0.024	-0.112
5.740	0.000	-0.020	-0.112
5.750	0.000	-0.020	-0.112
5.760	0.000	-0.024	-0.112
5.770	0.000	-0.020	-0.112
5.780	0.000	-0.020	-0.112
5.790	0.000	-0.020	-0.112
5.800	0.000	-0.024	-0.112
5.810	0.000	-0.024	-0.107
5.820	0.000	-0.020	-0.117
5.830	0.000	-0.024	-0.117
5.840	0.000	-0.024	-0.117
5.850	0.000	-0.024	-0.112
5.860	0.000	-0.020	-0.112
5.870	0.000	-0.020	-0.112
5.880	1.000	-0.020	-0.112
5.890	1.000	-0.010	-1.343
5.900	1.000	0.064	-3.068
5.910	1.000	0.171	-3.986
5.920	1.000	0.278	-4.836
5.930	1.000	0.425	-5.393
5.940	1.000	0.620	-5.217
5.950	1.000	0.772	-4.929
5.960	1.000	0.909	-4.319
5.970	1.000	1.031	-3.337
5.980	1.000	1.099	-2.482
5.990	1.000	1.163	-1.524
6.000	1.000	1.192	-0.362
6.010	1.000	1.192	0.288
6.020	1.000	1.177	0.616
6.030	1.000	1.153	0.801
6.040	1.000	1.128	0.889
6.050	1.000	1.085	0.923
6.060	1.000	1.055	0.840
6.070	1.000	1.036	0.689
6.080	1.000	1.016	0.503
6.090	1.000	0.987	0.381
6.100	1.000	0.972	0.191
6.110	1.000	0.967	0.020
6.120	1.000	0.967	-0.122
6.130	1.000	0.967	-0.112
6.140	1.000	0.967	-0.112
6.150	1.000	0.972	-0.107
6.160	1.000	0.967	-0.112
6.170	1.000	0.967	-0.112
6.180	1.000	0.972	-0.112
6.190	1.000	0.967	-0.112
6.200	1.000	0.967	-0.112
6.210	1.000	0.972	-0.112
6.220	1.000	0.972	-0.112
6.230	1.000	0.972	-0.112
6.240	1.000	0.972	-0.112
6.250	1.000	0.967	-0.112
6.260	1.000	0.967	-0.107
6.270	1.000	0.972	-0.112
6.280	1.000	0.967	-0.112
6.290	1.000	0.967	-0.112
6.300	1.000	0.962	-0.112
6.310	1.000	0.967	-0.112
6.320	1.000	0.967	-0.112
6.330	1.000	0.967	-0.107
6.340	1.000	0.967	-0.107
6.350	1.000	0.967	-0.107
6.360	1.000	0.967	-0.112
6.370	1.000	0.967	-0.107
6.380	1.000	0.967	-0.112
6.390	1.000	0.967	-0.112
6.400	1.000	0.967	-0.112
6.410	1.000	0.967	-0.112
6.420	1.000	0.967	-0.112
6.430	1.000	0.967	-0.112
6.440	1.000	0.972	-0.112
6.450	1.000	0.967	-0.112
6.460	1.000	0.972	-0.112
6.470	1.000	0.967	-0.107
6.480	1.000	0.967	-0.112
6.490	1.000	0.967	-0.112
6.500	1.000	0.967	-0.112
6.510	1.000	0.967	-0.112
6.520	1.000	0.967	-0.112
6.530	1.000	0.967	-0.112
6.540	1.000	0.972	-0.112
6.550	1.000	0.967	-0.112
6.560	1.000	0.967	-0.112
6.570	1.000	0.967	-0.112
6.580	1.000	0.967	-0.112
6.590	1.000	0.967	-0.112
6.600	1.000	0.967	-0.107
6.610	1.000	0.972	-0.107
6.620	1.000	0.967	-0.112
6.630	1.000	0.967	-0.112
6.640	1.000	0.962	-0.112
6.650	1.000	0.967	-0.112
6.660	1.000	0.967	-0.112
6.670	1.000	0.967	-0.112
6.680	1.000	0.962	-0.112
6.690	1.000	0.967	-0.117
6.700	1.000	0.967	-0.112
6.710	1.000	0.967	-0.107
6.720	1.000	0.967	-0.117
6.730	1.000	0.967	-0.112
6.740	1.000	0.967	-0.112
6.750	1.000	0.972	-0.107
6.760	1.000	0.967	-0.112
6.770	1.000	0.967	-0.107
6.780	1.000	0.967	-0.107
6.790	1.000	0.967	-0.112
6.800	1.000	0.967	-0.117
6.810	1.000	0.967	-0.112
6.820	1.000	0.972	-0.112
6.830	1.000	0.967	-0.117
6.840	1.000	0.967	-0.112
6.850	1.000	0.967	-0.107
6.860	1.000	0.967	-0.107
6.870	1.000	0.962	-0.112
6.880	1.000	0.967	-0.112
6.890	1.000	0.972	-0.112
6.900	1.000	0.967	-0.112
6.910	1.000	0.967	-0.112
6.920	1.000	0.972	-0.112
6.930	1.000	0.962	-0.107
6.940	1.000	0.967	-0.107
6.950	1.000	0.967	-0.107
6.960	1.000	0.967	-0.107
6.970	1.000	0.967	-0.112
6.980	1.000	0.967	-0.112
6.990	1.000	0.962	-0.112
7.000	1.000	0.967	-0.112
7.010	1.000	0.967	-0.112
7.020	1.000	0.967	-0.112
7.030	1.000	0.967	-0.112
7.040	1.000	0.967	-0.112
7.050	1.000	0.967	-0.112
7.060	1.000	0.967	-0.107
7.070	1.000	0.967	-0.107
7.080	1.000	0.972	-0.112
7.090	1.000	0.967	-0.112
7.100	1.000	0.967	-0.107
7.110	1.000	0.967	-0.112
7.120	1.000	0.972	-0.112
7.130	1.000	0.967	-0.112
7.140	1.000	0.967	-0.112
7.150	1.000	0.967	-0.112
7.160	1.000	0.967	-0.112
7.170	1.000	0.967	-0.112
7.180	1.000	0.962	-0.112
7.190	1.000	0.967	-0.112
7.200	1.000	0.967	-0.117
7.210	1.000	0.967	-0.112
7.220	1.000	0.967	-0.112
7.230	1.000	0.967	-0.112
7.240	1.000	0.967	-0.117
7.250	1.000	0.967	-0.117
7.260	1.000	0.967	-0.107
7.270	1.000	0.972	-0.112
7.280	1.000	0.972	-0.112
7.290	1.000	0.967	-0.112
7.300	1.000	0.967	-0.112
7.310	1.000	0.967	-0.112
7.320	1.000	0.972	-0.112
7.330	1.000	0.967	-0.107
7.340	1.000	0.967	-0.112
7.350	1.000	0.967	-0.112
7.360	1.000	0.962	-0.112
7.370	1.000	0.967	-0.107
7.380	1.000	0.972	-0.112
7.390	1.000	0.962	-0.112
7.400	1.000	0.972	-0.117
7.410	1.000	0.967	-0.112
7.420	1.000	0.972	-0.112
7.430	1.000	0.967	-0.112
7.440	1.000	0.962	-0.112
7.450	0.000	0.967	-0.112
7.460	0.000	0.967	0.762
7.470	0.000	0.904	2.579
7.480	0.000	0.787	3.903
7.490	0.000	0.679	4.695
7.500	0.000	0.513	5.276
7.510	0.000	0.332	5.154
7.520	0.000	0.171	4.739
7.530	0.000	0.054	4.597
7.540	0.000	-0.093	3.473
7.550	0.000	-0.186	2.413
7.560	0.000	-0.239	1.475
7.570	0.000	-0.274	0.469
7.580	0.000	-0.288	-0.391
7.590	0.000	-0.269	-0.879
7.600	0.000	-0.249	-1.114
7.610	0.000	-0.210	-1.255
7.620	0.000	-0.166	-1.309
7.630	0.000	-0.132	-1.236
7.640	0.000	-0.103	-1.177
7.650	0.000	-0.073	-0.904
7.660	0.000	-0.054	-0.757
7.670	0.000	-0.034	-0.581
7.680	0.000	-0.015	-0.303
7.690	0.000	-0.015	-0.098
7.700	0.000	-0.015	-0.093
7.710	0.000	-0.015	-0.112
7.720	0.000	-0.015	-0.112
7.730	0.000	-0.015	-0.112
7.740	0.000	-0.015	-0.112
7.750	0.000	-0.015	-0.112
7.760	0.000	-0.015	-0.107
7.770	0.000	-0.010	-0.112
7.780	0.000	-0.015	-0.112
7.790	0.000	-0.015	-0.112
7.800	0.000	-0.015	-0.112
7.810	0.000	-0.015	-0.112
7.820	0.000	-0.015	-0.117
7.830	0.000	-0.015	-0.112
7.840	0.000	-0.015	-0.112
7.850	0.000	-0.015	-0.117
7.860	0.000	-0.015	-0.112
7.870	0.000	-0.015	-0.112
7.880	0.000	-0.015	-0.112
7.890	0.000	-0.015	-0.112
7.900	0.000	-0.015	-0.112
7.910	0.000	-0.015	-0.112
7.920	0.000	-0.015	-0.117
7.930	0.000	-0.015	-0.117
7.940	0.000	-0.015	-0.112
7.950	0.000	-0.010	-0.112
7.960	0.000	-0.015	-0.107
7.970	0.000	-0.010	-0.112
7.980	0.000	-0.015	-0.112
7.990	0.000	-0.010	-0.112
8.000	0.000	-0.015	-0.112
8.010	0.000	-0.015	-0.107
8.020	0.000	-0.015	-0.112
8.030	0.000	-0.015	-0.112
8.040	0.000	-0.015	-0.112
8.050	0.000	-0.015	-0.112
8.060	0.000	-0.015	-0.112
8.070	0.000	-0.015	-0.112
8.080	0.000	-0.010	-0.112
8.090	0.000	-0.015	-0.107
8.100	0.000	-0.015	-0.117
8.110	0.000	-0.015	-0.112
8.120	0.000	-0.015	-0.117
8.130	0.000	-0.015	-0.112
8.140	0.000	-0.015	-0.107
8.150	0.000	-0.015	-0.112
8.160	0.000	-0.015	-0.112
8.170	0.000	-0.015	-0.112
8.180	0.000	-0.015	-0.107
8.190	0.000	-0.010	-0.112
8.200	0.000	-0.015	-0.107
8.210	0.000	-0.015	-0.112
8.220	0.000	-0.015	-0.112
8.230	0.000	-0.015	-0.112
8.240	0.000	-0.015	-0.107
8.250	0.000	-0.015	-0.112
8.260	0.000	-0.015	-0.107
8.270	0.000	-0.015	-0.112
8.280	0.000	-0.015	-0.112
8.290	0.000	-0.015	-0.112
8.300	0.000	-0.015	-0.112
8.310	0.000	-0.015	-0.112
8.320	0.000	-0.015	-0.112
8.330	0.000	-0.015	-0.112
8.340	0.000	-0.015	-0.107
8.350	0.000	-0.015	-0.107
8.360	0.000	-0.015	-0.112
8.370	0.000	-0.015	-0.107
8.380	0.000	-0.015	-0.112
8.390	0.000	-0.015	-0.112
8.400	0.000	-0.015	-0.112
8.410	0.000	-0.015	-0.112
8.420	0.000	-0.015	-0.117
8.430	0.000	-0.015	-0.112
8.440	0.000	-0.015	-0.112
8.450	0.000	-0.015	-0.112
8.460	0.000	-0.015	-0.112
8.470	0.000	-0.015	-0.117
8.480	0.000	-0.015	-0.112
8.490	0.000	-0.015	-0.112
8.500	0.000	-0.015	-0.112
8.510	0.000	-0.015	-0.112
8.520	0.000	-0.015	-0.112
8.530	0.000	-0.015	-0.112
8.540	0.000	-0.010	-0.112
8.550	0.000	-0.015	-0.112
8.560	0.000	-0.015	-0.112
8.570	0.000	-0.015	-0.112
8.580	0.000	-0.010	-0.112
8.590	0.000	-0.015	-0.112
8.600	0.000	-0.015	-0.112
8.610	0.000	-0.015	-0.112
8.620	0.000	-0.015	-0.112
8.630	0.000	-0.015	-0.112
8.640	0.000	-0.015	-0.112
8.650	0.000	-0.015	-0.112
8.660	0.000	-0.015	-0.112
8.670	0.000	-0.015	-0.112
8.680	0.000	-0.015	-0.112
8.690	0.000	-0.015	-0.112
8.700	0.000	-0.015	-0.112
8.710	0.000	-0.015	-0.112
8.720	0.000	-0.015	-0.112
8.730	0.000	-0.015	-0.112
8.740	0.000	-0.015	-0.112
8.750	0.000	-0.015	-0.112
8.760	0.000	-0.015	-0.117
8.770	0.000	-0.015	-0.112
8.780	0.000	-0.015	-0.112
8.790	0.000	-0.015	-0.112
8.800	0.000	-0.015	-0.107
8.810	0.000	-0.015	-0.107
8.820	0.000	-0.015	-0.117
8.830	0.000	-0.015	-0.107
8.840	0.000	-0.015	-0.112
8.850	0.000	-0.010	-0.112
8.860	0.000	-0.015	-0.112
8.870	0.000	-0.015	-0.112
8.880	0.000	-0.015	-0.112
8.890	0.000	-0.010	-0.112
8.900	0.000	-0.015	-0.112
8.910	0.000	-0.015	-0.107
8.920	0.000	-0.015	-0.117
8.930	0.000	-0.015	-0.112
8.940	0.000	-0.015	-0.112
8.950	0.000	-0.015	-0.112
8.960	0.000	-0.015	-0.107
8.970	0.000	-0.015	-0.112
8.980	0.000	-0.015	-0.117
8.990	0.000	-0.015	-0.112
9.000	0.000	-0.015	-0.112
9.010	0.000	-0.015	-0.112
9.020	1.000	-0.015	-0.112
9.030	1.000	0.010	-1.685
9.040	1.000	0.078	-3.083
9.050	1.000	0.176	-3.957
9.060	1.000	0.313	-4.787
9.070	1.000	0.435	-5.427
9.080	1.000	0.630	-5.183
9.090	1.000	0.787	-4.817
9.100	1.000	0.904	-4.431
9.110	1.000	1.031	-3.366
9.120	1.000	1.128	-2.281
9.130	1.000	1.168	-1.529
9.140	1.000	1.197	-0.469
9.150	1.000	1.197	0.249
9.160	1.000	1.182	0.620
9.170	1.000	1.163	0.811
9.180	1.000	1.128	0.938
9.190	1.000	1.089	0.943
9.200	1.000	1.055	0.889
9.210	1.000	1.036	0.743
9.220	1.000	1.016	0.532
9.230	1.000	0.982	0.405
9.240	1.000	0.977	0.244
9.250	1.000	0.967	-0.005
9.260	1.000	0.967	-0.132
9.270	1.000	0.967	-0.122
9.280	1.000	0.967	-0.117
9.290	1.000	0.962	-0.112
9.300	1.000	0.962	-0.112
9.310	1.000	0.967	-0.112
9.320	1.000	0.967	-0.112
9.330	1.000	0.967	-0.112
9.340	1.000	0.962	-0.112
9.350	1.000	0.962	-0.112
9.360	1.000	0.967	-0.112
9.370	1.000	0.967	-0.112
9.380	1.000	0.967	-0.107
9.390	1.000	0.967	-0.107
9.400	1.000	0.967	-0.112
9.410	1.000	0.967	-0.112
9.420	1.000	0.967	-0.112
9.430	1.000	0.962	-0.103
9.440	1.000	0.962	-0.107
9.450	1.000	0.967	-0.112
9.460	1.000	0.967	-0.112
9.470	1.000	0.967	-0.112
9.480	1.000	0.967	-0.112
9.490	1.000	0.962	-0.112
9.500	1.000	0.962	-0.112
9.510	1.000	0.962	-0.112
9.520	1.000	0.962	-0.112
9.530	1.000	0.967	-0.112
9.540	1.000	0.967	-0.112
9.550	1.000	0.967	-0.112
9.560	1.000	0.962	-0.112
9.570	1.000	0.967	-0.117
9.580	1.000	0.967	-0.112
9.590	1.000	0.967	-0.112
9.600	1.000	0.967	-0.112
9.610	1.000	0.967	-0.117
9.620	1.000	0.962	-0.112
9.630	1.000	0.962	-0.112
9.640	1.000	0.967	-0.107
9.650	1.000	0.967	-0.107
9.660	1.000	0.967	-0.112
9.670	1.000	0.967	-0.112
9.680	1.000	0.967	-0.112
9.690	1.000	0.962	-0.112
9.700	1.000	0.967	-0.112
9.710	1.000	0.962	-0.112
9.720	1.000	0.967	-0.107
9.730	1.000	0.967	-0.112
9.740	1.000	0.962	-0.112
9.750	1.000	0.967	-0.107
9.760	1.000	0.967	-0.112
9.770	1.000	0.967	-0.112
9.780	1.000	0.967	-0.112
9.790	1.000	0.967	-0.112
9.800	1.000	0.967	-0.112
9.810	1.000	0.967	-0.112
9.820	1.000	0.967	-0.112
9.830	1.000	0.967	-0.112
9.840	1.000	0.967	-0.117
9.850	1.000	0.962	-0.112
9.860	1.000	0.967	-0.112
9.870	1.000	0.967	-0.112
9.880	1.000	0.967	-0.112
9.890	1.000	0.967	-0.117
9.900	1.000	0.967	-0.112
9.910	1.000	0.967	-0.112
9.920	1.000	0.967	-0.112
9.930	1.000	0.967	-0.112
9.940	1.000	0.967	-0.112
9.950	1.000	0.967	-0.112
9.960	1.000	0.967	-0.112
9.970	1.000	0.967	-0.112
9.980	1.000	0.967	-0.107
9.990	1.000	0.962	-0.112
10.000	1.000	0.967	-0.112
10.010	1.000	0.967	-0.107
10.020	1.000	0.967	-0.112
10.030	1.000	0.967	-0.107
10.040	1.000	0.962	-0.107
10.050	1.000	0.967	-0.107
10.060	1.000	0.967	-0.112
10.070	1.000	0.967	-0.112
10.080	1.000	0.967	-0.112
10.090	1.000	0.967	-0.112
10.100	1.000	0.967	-0.112
10.110	1.000	0.967	-0.117
10.120	1.000	0.967	-0.112
10.130	1.000	0.967	-0.112
10.140	1.000	0.967	-0.112
10.150	1.000	0.967	-0.112
10.160	1.000	0.967	-0.112
10.170	1.000	0.967	-0.112
10.180	1.000	0.967	-0.112
10.190	1.000	0.962	-0.112
10.200	1.000	0.967	-0.112
10.210	1.000	0.962	-0.107
10.220	1.000	0.967	-0.112
10.230	1.000	0.967	-0.112
10.240	1.000	0.967	-0.112
10.250	1.000	0.967	-0.112
10.260	1.000	0.967	-0.112
10.270	1.000	0.967	-0.117
10.280	1.000	0.967	-0.117
10.290	1.000	0.967	-0.112
10.300	1.000	0.967	-0.107
10.310	1.000	0.967	-0.112
10.320	1.000	0.967	-0.112
10.330	1.000	0.967	-0.107
10.340	1.000	0.962	-0.112
10.350	1.000	0.967	-0.112
10.360	1.000	0.967	-0.112
10.370	1.000	0.967	-0.112
10.380	1.000	0.967	-0.112
10.390	1.000	0.967	-0.112
10.400	1.000	0.967	-0.117
10.410	1.000	0.962	-0.107
10.420	1.000	0.967	-0.112
10.430	1.000	0.967	-0.103
10.440	1.000	0.967	-0.107
10.450	1.000	0.967	-0.107
10.460	1.000	0.962	-0.112
10.470	1.000	0.967	-0.112
10.480	1.000	0.967	-0.107
10.490	1.000	0.967	-0.112
10.500	1.000	0.967	-0.112
10.510	1.000	0.967	-0.112
10.520	1.000	0.967	-0.107
10.530	1.000	0.967	-0.112
10.540	1.000	0.972	-0.112
10.550	1.000	0.967	-0.112
10.560	1.000	0.967	-0.112
10.570	1.000	0.972	-0.112
10.580	1.000	0.967	-0.107
10.590	0.000	0.962	-0.112
10.600	0.000	0.957	1.168
10.610	0.000	0.865	3.043
10.620	0.000	0.772	4.099
10.630	0.000	0.645	4.729
10.640	0.000	0.484	5.154
10.650	0.000	0.283	5.193
10.660	0.000	0.142	4.998
10.670	0.000	0.024	4.138
10.680	0.000	-0.107	3.312
10.690	0.000	-0.200	2.018
10.700	0.000	-0.259	1.001
10.710	0.000	-0.274	0.293
10.720	0.000	-0.278	-0.425
10.730	0.000	-0.259	-0.938
10.740	0.000	-0.230	-1.138
10.750	0.000	-0.195	-1.290
10.760	0.000	-0.151	-1.255
10.770	0.000	-0.122	-1.182
10.780	0.000	-0.093	-1.021
10.790	0.000	-0.073	-0.874
10.800	0.000	-0.049	-0.689
10.810	0.000	-0.024	-0.489
10.820	0.000	-0.020	-0.264
10.830	0.000	-0.015	-0.093
10.840	0.000	-0.015	-0.112
10.850	0.000	-0.015	-0.112
10.860	0.000	-0.015	-0.112
10.870	0.000	-0.015	-0.112
10.880	0.000	-0.015	-0.112
10.890	0.000	-0.015	-0.112
10.900	0.000	-0.015	-0.112
10.910	0.000	-0.015	-0.117
10.920	0.000	-0.015	-0.112
10.930	0.000	-0.015	-0.112
10.940	0.000	-0.015	-0.112
10.950	0.000	-0.015	-0.117
10.960	0.000	-0.015	-0.107
10.970	0.000	-0.015	-0.112
10.980	0.000	-0.015	-0.107
10.990	0.000	-0.015	-0.112
11.000	0.000	-0.015	-0.112
11.010	0.000	-0.015	-0.112
11.020	0.000	-0.015	-0.112
11.030	0.000	-0.015	-0.112
11.040	0.000	-0.015	-0.112
11.050	0.000	-0.015	-0.117
11.060	0.000	-0.015	-0.112
11.070	0.000	-0.015	-0.112
11.080	0.000	-0.015	-0.107
11.090	0.000	-0.015	-0.112
11.100	0.000	-0.015	-0.112
11.110	0.000	-0.015	-0.117
11.120	0.000	-0.015	-0.117
11.130	0.000	-0.015	-0.112
11.140	0.000	-0.015	-0.112
11.150	0.000	-0.015	-0.117
11.160	0.000	-0.015	-0.112
11.170	0.000	-0.015	-0.112
11.180	0.000	-0.015	-0.112
11.190	0.000	-0.015	-0.107
11.200	0.000	-0.015	-0.117
11.210	0.000	-0.015	-0.112
11.220	0.000	-0.015	-0.112
11.230	0.000	-0.015	-0.112
11.240	0.000	-0.015	-0.112
11.250	0.000	-0.015	-0.112
11.260	0.000	-0.015	-0.117
11.270	0.000	-0.015	-0.112
11.280	0.000	-0.015	-0.112
11.290	0.000	-0.015	-0.117
11.300	0.000	-0.015	-0.117
11.310	0.000	-0.015	-0.112
11.320	0.000	-0.015	-0.112
11.330	0.000	-0.015	-0.112
11.340	0.000	-0.015	-0.117
11.350	0.000	-0.015	-0.112
11.360	0.000	-0.015	-0.107
11.370	0.000	-0.015	-0.112
11.380	0.000	-0.015	-0.112
11.390	0.000	-0.015	-0.107
11.400	0.000	-0.015	-0.112
11.410	0.000	-0.015	-0.107
11.420	0.000	-0.015	-0.112
11.430	0.000	-0.015	-0.112
11.440	0.000	-0.015	-0.112
11.450	0.000	-0.015	-0.117
11.460	0.000	-0.015	-0.112
11.470	0.000	-0.015	-0.112
11.480	0.000	-0.015	-0.112
11.490	0.000	-0.015	-0.112
11.500	0.000	-0.015	-0.112
11.510	0.000	-0.015	-0.117
11.520	0.000	-0.015	-0.112
11.530	0.000	-0.015	-0.112
11.540	0.000	-0.015	-0.112
11.550	0.000	-0.015	-0.112
11.560	0.000	-0.015	-0.112
11.570	0.000	-0.015	-0.112
11.580	0.000	-0.015	-0.112
11.590	0.000	-0.015	-0.112
11.600	0.000	-0.015	-0.112
11.610	0.000	-0.015	-0.112
11.620	0.000	-0.015	-0.112
11.630	0.000	-0.015	-0.112
11.640	0.000	-0.015	-0.112
11.650	0.000	-0.015	-0.112
11.660	0.000	-0.015	-0.107
11.670	0.000	-0.015	-0.112
11.680	0.000	-0.015	-0.112
11.690	0.000	-0.010	-0.112
11.700	0.000	-0.015	-0.112
11.710	0.000	-0.015	-0.112
11.720	0.000	-0.015	-0.107
11.730	0.000	-0.015	-0.112
11.740	0.000	-0.015	-0.112
11.750	0.000	-0.015	-0.112
11.760	0.000	-0.015	-0.112
11.770	0.000	-0.015	-0.117
11.780	0.000	-0.015	-0.107
11.790	0.000	-0.015	-0.117
11.800	0.000	-0.015	-0.112
11.810	0.000	-0.015	-0.112
11.820	0.000	-0.015	-0.112
11.830	0.000	-0.010	-0.112
11.840	0.000	-0.015	-0.103
11.850	0.000	-0.015	-0.112
11.860	0.000	-0.015	-0.107
11.870	0.000	-0.015	-0.112
11.880	0.000	-0.015	-0.112
11.890	0.000	-0.015	-0.112
11.900	0.000	-0.015	-0.112
11.910	0.000	-0.015	-0.112
11.920	0.000	-0.015	-0.107
11.930	0.000	-0.015	-0.112
11.940	0.000	-0.015	-0.112
11.950	0.000	-0.015	-0.112
11.960	0.000	-0.015	-0.112
11.970	0.000	-0.015	-0.117
11.980	0.000	-0.015	-0.117
11.990	0.000	-0.015	-0.107
12.000	0.000	-0.015	-0.112
12.010	0.000	-0.015	-0.117
12.020	0.000	-0.015	-0.112
12.030	0.000	-0.015	-0.107
12.040	0.000	-0.015	-0.112
12.050	0.000	-0.015	-0.112
12.060	0.000	-0.015	-0.117
12.070	0.000	-0.015	-0.112
12.080	0.000	-0.015	-0.117
12.090	0.000	-0.015	-0.103
12.100	0.000	-0.015	-0.112
12.110	0.000	-0.015	-0.112
12.120	0.000	-0.015	-0.107
12.130	0.000	-0.015	-0.107
12.140	0.000	-0.015	-0.112
12.150	0.000	-0.015	-0.112
12.160	1.000	-0.015	-0.112
12.170	1.000	0.010	-1.700
12.180	1.000	0.054	-2.887
12.190	1.000	0.161	-3.894
12.200	1.000	0.313	-4.827
12.210	1.000	0.435	-5.408
12.220	1.000	0.606	-5.300
12.230	1.000	0.787	-4.744
12.240	1.000	0.894	-4.587
12.250	1.000	1.026	-3.503
12.260	1.000	1.128	-2.594
12.270	1.000	1.177	-1.632
12.280	1.000	1.216	-0.655
12.290	1.000	1.221	0.230
12.300	1.000	1.212	0.645
12.310	1.000	1.177	0.943
12.320	1.000	1.133	1.109
12.330	1.000	1.099	1.109
12.340	1.000	1.060	1.070
12.350	1.000	1.036	0.840
12.360	1.000	0.997	0.620
12.370	1.000	0.977	0.493
12.380	1.000	0.967	0.254
12.390	1.000	0.957	0.010
12.400	1.000	0.957	-0.137
12.410	1.000	0.957	-0.117
12.420	1.000	0.957	-0.112
12.430	1.000	0.957	-0.112
12.440	1.000	0.957	-0.112
12.450	1.000	0.957	-0.112
12.460	1.000	0.957	-0.112
12.470	1.000	0.957	-0.117
12.480	1.000	0.957	-0.107
12.490	1.000	0.957	-0.112
12.500	1.000	0.957	-0.112
12.510	1.000	0.957	-0.112
12.520	1.000	0.957	-0.112
12.530	1.000	0.957	-0.112
12.540	1.000	0.957	-0.117
12.550	1.000	0.957	-0.112
12.560	1.000	0.957	-0.107
12.570	1.000	0.957	-0.112
12.580	1.000	0.957	-0.112
12.590	1.000	0.957	-0.112
12.600	1.000	0.957	-0.112
12.610	1.000	0.957	-0.112
12.620	1.000	0.957	-0.112
12.630	1.000	0.957	-0.107
12.640	1.000	0.957	-0.112
12.650	1.000	0.957	-0.112
12.660	1.000	0.957	-0.107
12.670	1.000	0.957	-0.112
12.680	1.000	0.957	-0.112
12.690	1.000	0.957	-0.107
12.700	1.000	0.957	-0.112
12.710	1.000	0.957	-0.112
12.720	1.000	0.957	-0.112
12.730	1.000	0.957	-0.112
12.740	1.000	0.957	-0.112
12.750	1.000	0.957	-0.112
12.760	1.000	0.957	-0.117
12.770	1.000	0.957	-0.107
12.780	1.000	0.957	-0.117
12.790	1.000	0.957	-0.112
12.800	1.000	0.957	-0.112
12.810	1.000	0.957	-0.112
12.820	1.000	0.957	-0.112
12.830	1.000	0.957	-0.107
12.840	1.000	0.957	-0.112
12.850	1.000	0.957	-0.112
12.860	1.000	0.957	-0.112
12.870	1.000	0.957	-0.112
12.880	1.000	0.957	-0.112
12.890	1.000	0.957	-0.112
12.900	1.000	0.957	-0.112
12.910	1.000	0.957	-0.112
12.920	1.000	0.957	-0.112
12.930	1.000	0.957	-0.112
12.940	1.000	0.957	-0.112
12.950	1.000	0.957	-0.112
12.960	1.000	0.957	-0.107
12.970	1.000	0.957	-0.112
12.980	1.000	0.957	-0.112
12.990	1.000	0.957	-0.112
13.000	1.000	0.957	-0.112
13.010	1.000	0.957	-0.112
13.020	1.000	0.957	-0.112
13.030	1.000	0.957	-0.112
13.040	1.000	0.957	-0.112
13.050	1.000	0.957	-0.112
13.060	1.000	0.957	-0.112
13.070	1.000	0.957	-0.112
13.080	1.000	0.957	-0.117
13.090	1.000	0.957	-0.112
13.100	1.000	0.957	-0.112
13.110	1.000	0.957	-0.112
13.120	1.000	0.957	-0.107
13.130	1.000	0.957	-0.112
13.140	1.000	0.957	-0.107
13.150	1.000	0.957	-0.112
13.160	1.000	0.957	-0.112
13.170	1.000	0.957	-0.112
13.180	1.000	0.957	-0.107
13.190	1.000	0.957	-0.112
13.200	1.000	0.957	-0.112
13.210	1.000	0.957	-0.112
13.220	1.000	0.957	-0.112
13.230	1.000	0.957	-0.112
13.240	1.000	0.957	-0.112
13.250	1.000	0.957	-0.107
13.260	1.000	0.957	-0.107
13.270	1.000	0.957	-0.112
13.280	1.000	0.957	-0.112
13.290	1.000	0.957	-0.112
13.300	1.000	0.957	-0.112
13.310	1.000	0.957	-0.112
13.320	1.000	0.957	-0.112
13.330	1.000	0.957	-0.107
13.340	1.000	0.957	-0.112
13.350	1.000	0.957	-0.107
13.360	1.000	0.957	-0.112
13.370	1.000	0.957	-0.112
13.380	1.000	0.957	-0.107
13.390	1.000	0.957	-0.112
13.400	1.000	0.957	-0.112
13.410	1.000	0.957	-0.112
13.420	1.000	0.957	-0.112
13.430	1.000	0.957	-0.112
13.440	1.000	0.957	-0.112
13.450	1.000	0.957	-0.103
13.460	1.000	0.957	-0.112
13.470	1.000	0.957	-0.107
13.480	1.000	0.957	-0.112
13.490	1.000	0.957	-0.112
13.500	1.000	0.957	-0.112
13.510	1.000	0.957	-0.107
13.520	1.000	0.957	-0.112
13.530	1.000	0.957	-0.112
13.540	1.000	0.957	-0.112
13.550	1.000	0.957	-0.112
13.560	1.000	0.957	-0.112
13.570	1.000	0.957	-0.112
13.580	1.000	0.957	-0.112
13.590	1.000	0.957	-0.112
13.600	1.000	0.957	-0.112
13.610	1.000	0.957	-0.112
13.620	1.000	0.957	-0.107
13.630	1.000	0.957	-0.112
13.640	1.000	0.957	-0.112
13.650	1.000	0.957	-0.112
13.660	1.000	0.957	-0.112
13.670	1.000	0.957	-0.112
13.680	1.000	0.957	-0.112
13.690	1.000	0.957	-0.112
13.700	1.000	0.957	-0.112
13.710	1.000	0.957	-0.112
13.720	1.000	0.957	-0.117
13.730	0.000	0.957	-0.117
13.740	0.000	0.948	1.128
13.750	0.000	0.879	2.799
13.760	0.000	0.777	4.016
13.770	0.000	0.655	4.714
13.780	0.000	0.508	5.217
13.790	0.000	0.308	5.139
13.800	0.000	0.156	4.949
13.810	0.000	0.034	4.426
13.820	0.000	-0.093	3.449
13.830	0.000	-0.200	2.125
13.840	0.000	-0.249	1.441
13.850	0.000	-0.278	0.449
13.860	0.000	-0.288	-0.396
13.870	0.000	-0.274	-0.918
13.880	0.000	-0.244	-1.168
13.890	0.000	-0.205	-1.304
13.900	0.000	-0.166	-1.343
13.910	0.000	-0.137	-1.265
13.920	0.000	-0.103	-1.133
13.930	0.000	-0.073	-0.879
13.940	0.000	-0.049	-0.752
13.950	0.000	-0.029	-0.562
13.960	0.000	-0.015	-0.269
13.970	0.000	-0.015	-0.098
13.980	0.000	-0.015	-0.098
13.990	0.000	-0.015	-0.112
14.000	0.000	-0.015	-0.112
14.010	0.000	-0.015	-0.112
14.020	0.000	-0.015	-0.112
14.030	0.000	-0.015	-0.112
14.040	0.000	-0.015	-0.112
14.050	0.000	-0.015	-0.107
14.060	0.000	-0.015	-0.117
14.070	0.000	-0.015	-0.112
14.080	0.000	-0.015	-0.112
14.090	0.000	-0.015	-0.112
14.100	0.000	-0.015	-0.107
14.110	0.000	-0.015	-0.112
14.120	0.000	-0.015	-0.112
14.130	0.000	-0.015	-0.112
14.140	0.000	-0.015	-0.112
14.150	0.000	-0.015	-0.112
14.160	0.000	-0.015	-0.112
14.170	0.000	-0.015	-0.117
14.180	0.000	-0.015	-0.112
14.190	0.000	-0.015	-0.112
14.200	0.000	-0.015	-0.112
14.210	0.000	-0.015	-0.112
14.220	0.000	-0.015	-0.107
14.230	0.000	-0.015	-0.112
14.240	0.000	-0.015	-0.112
14.250	0.000	-0.015	-0.112
14.260	0.000	-0.015	-0.112
14.270	0.000	-0.015	-0.112
14.280	0.000	-0.015	-0.112
14.290	0.000	-0.015	-0.112
14.300	0.000	-0.015	-0.112
14.310	0.000	-0.015	-0.107
14.320	0.000	-0.015	-0.112
14.330	0.000	-0.015	-0.107
14.340	0.000	-0.015	-0.107
14.350	0.000	-0.015	-0.112
14.360	0.000	-0.015	-0.112
14.370	0.000	-0.015	-0.112
14.380	0.000	-0.015	-0.112
14.390	0.000	-0.015	-0.112
14.400	0.000	-0.015	-0.112
14.410	0.000	-0.015	-0.112
14.420	0.000	-0.015	-0.112
14.430	0.000	-0.015	-0.112
14.440	0.000	-0.015	-0.112
14.450	0.000	-0.015	-0.112
14.460	0.000	-0.015	-0.117
14.470	0.000	-0.015	-0.107
14.480	0.000	-0.015	-0.112
14.490	0.000	-0.015	-0.107
14.500	0.000	-0.015	-0.112
14.510	0.000	-0.015	-0.107
14.520	0.000	-0.010	-0.112
14.530	0.000	-0.015	-0.107
14.540	0.000	-0.015	-0.112
14.550	0.000	-0.015	-0.107
14.560	0.000	-0.015	-0.117
14.570	0.000	-0.015	-0.112
14.580	0.000	-0.015	-0.112
14.590	0.000	-0.015	-0.112
14.600	0.000	-0.015	-0.107
14.610	0.000	-0.015	-0.117
14.620	0.000	-0.015	-0.112
14.630	0.000	-0.015	-0.112
14.640	0.000	-0.015	-0.112
14.650	0.000	-0.015	-0.112
14.660	0.000	-0.015	-0.112
14.670	0.000	-0.015	-0.112
14.680	0.000	-0.015	-0.112
14.690	0.000	-0.015	-0.117
14.700	0.000	-0.015	-0.117
14.710	0.000	-0.015	-0.112
14.720	0.000	-0.015	-0.112
14.730	0.000	-0.015	-0.112
14.740	0.000	-0.015	-0.112
14.750	0.000	-0.015	-0.107
14.760	0.000	-0.015	-0.117
14.770	0.000	-0.015	-0.112
14.780	0.000	-0.015	-0.112
14.790	0.000	-0.015	-0.112
14.800	0.000	-0.015	-0.112
14.810	0.000	-0.015	-0.112
14.820	0.000	-0.015	-0.112
14.830	0.000	-0.015	-0.112
14.840	0.000	-0.015	-0.112
14.850	0.000	-0.015	-0.112
14.860	0.000	-0.015	-0.112
14.870	0.000	-0.015	-0.112
14.880	0.000	-0.015	-0.112
14.890	0.000	-0.015	-0.107
14.900	0.000	-0.015	-0.112
14.910	0.000	-0.015	-0.112
14.920	0.000	-0.015	-0.112
14.930	0.000	-0.015	-0.107
14.940	0.000	-0.015	-0.112
14.950	0.000	-0.015	-0.112
14.960	0.000	-0.015	-0.112
14.970	0.000	-0.015	-0.103
14.980	0.000	-0.015	-0.112
14.990	0.000	-0.015	-0.107
15.000	0.000	-0.015	-0.112
15.010	0.000	-0.015	-0.112
15.020	0.000	-0.015	-0.107
15.030	0.000	-0.015	-0.112
15.040	0.000	-0.015	-0.107
15.050	0.000	-0.015	-0.112
15.060	0.000	-0.015	-0.107
15.070	0.000	-0.015	-0.112
15.080	0.000	-0.015	-0.107
15.090	0.000	-0.015	-0.112
15.100	0.000	-0.015	-0.112
15.110	0.000	-0.015	-0.112
15.120	0.000	-0.015	-0.112
15.130	0.000	-0.015	-0.112
15.140	0.000	-0.015	-0.112
15.150	0.000	-0.015	-0.117
15.160	0.000	-0.015	-0.112
15.170	0.000	-0.015	-0.107
15.180	0.000	-0.015	-0.117
15.190	0.000	-0.015	-0.112
15.200	0.000	-0.015	-0.112
15.210	0.000	-0.015	-0.112
15.220	0.000	-0.015	-0.117
15.230	0.000	-0.015	-0.107
15.240	0.000	-0.015	-0.112
15.250	0.000	-0.015	-0.112
15.260	0.000	-0.015	-0.112
15.270	0.000	-0.015	-0.112
15.280	0.000	-0.015	-0.112
15.290	0.000	-0.015	-0.112
15.300	1.000	-0.015	-0.107
15.310	1.000	-0.010	-0.904
15.320	1.000	0.034	-2.404
15.330	1.000	0.127	-3.649
15.340	1.000	0.254	-4.489
15.350	1.000	0.405	-5.154
15.360	1.000	0.562	-5.247
15.370	1.000	0.699	-4.939
15.380	1.000	0.845	-4.519
15.390	1.000	0.982	-3.610
15.400	1.000	1.075	-2.780
15.410	1.000	1.143	-1.925
15.420	1.000	1.182	-0.904
15.430	1.000	1.192	0.005
15.440	1.000	1.182	0.484
15.450	1.000	1.168	0.713
15.460	1.000	1.133	0.894
15.470	1.000	1.109	0.914
15.480	1.000	1.070	0.914
15.490	1.000	1.041	0.743
15.500	1.000	1.021	0.576
15.510	1.000	0.987	0.469
15.520	1.000	0.977	0.274
15.530	1.000	0.962	0.093
15.540	1.000	0.967	-0.117
15.550	1.000	0.962	-0.117
15.560	1.000	0.962	-0.112
15.570	1.000	0.962	-0.117
15.580	1.000	0.962	-0.112
15.590	1.000	0.962	-0.112
15.600	1.000	0.962	-0.112
15.610	1.000	0.967	-0.112
15.620	1.000	0.962	-0.112
15.630	1.000	0.962	-0.112
15.640	1.000	0.967	-0.112
15.650	1.000	0.962	-0.112
15.660	1.000	0.962	-0.112
15.670	1.000	0.967	-0.107
15.680	1.000	0.962	-0.112
15.690	1.000	0.967	-0.112
15.700	1.000	0.962	-0.112
15.710	1.000	0.967	-0.107
15.720	1.000	0.967	-0.112
15.730	1.000	0.962	-0.117
15.740	1.000	0.967	-0.107
15.750	1.000	0.962	-0.112
15.760	1.000	0.962	-0.112
15.770	1.000	0.962	-0.112
15.780	1.000	0.962	-0.112
15.790	1.000	0.967	-0.112
15.800	1.000	0.962	-0.112
15.810	1.000	0.962	-0.112
15.820	1.000	0.962	-0.112
15.830	1.000	0.962	-0.112
15.840	1.000	0.962	-0.112
15.850	1.000	0.967	-0.112
15.860	1.000	0.962	-0.112
15.870	1.000	0.967	-0.112
15.880	1.000	0.967	-0.112
15.890	1.000	0.967	-0.112
15.900	1.000	0.967	-0.112
15.910	1.000	0.962	-0.112
15.920	1.000	0.962	-0.103
15.930	1.000	0.962	-0.112
15.940	1.000	0.962	-0.112
15.950	1.000	0.962	-0.112
15.960	1.000	0.962	-0.112
15.970	1.000	0.962	-0.112
15.980	1.000	0.962	-0.107
15.990	1.000	0.967	-0.107
16.000	1.000	0.967	-0.112
16.010	1.000	0.962	-0.112
16.020	1.000	0.962	-0.112
16.030	1.000	0.962	-0.112
16.040	1.000	0.962	-0.112
16.050	1.000	0.962	-0.112
16.060	1.000	0.967	-0.112
16.070	1.000	0.962	-0.117
16.080	1.000	0.967	-0.112
16.090	1.000	0.962	-0.107
16.100	1.000	0.967	-0.112
16.110	1.000	0.967	-0.112
16.120	1.000	0.967	-0.117
16.130	1.000	0.962	-0.112
16.140	1.000	0.967	-0.112
16.150	1.000	0.967	-0.112
16.160	1.000	0.962	-0.112
16.170	1.000	0.962	-0.112
16.180	1.000	0.967	-0.107
16.190	1.000	0.962	-0.112
16.200	1.000	0.967	-0.112
16.210	1.000	0.962	-0.112
16.220	1.000	0.962	-0.117
16.230	1.000	0.967	-0.112
16.240	1.000	0.967	-0.107
16.250	1.000	0.967	-0.112
16.260	1.000	0.962	-0.112
16.270	1.000	0.962	-0.117
16.280	1.000	0.962	-0.112
16.290	1.000	0.962	-0.107
16.300	1.000	0.962	-0.112
16.310	1.000	0.967	-0.107
16.320	1.000	0.967	-0.112
16.330	1.000	0.967	-0.112
16.340	1.000	0.962	-0.112
16.350	1.000	0.962	-0.112
16.360	1.000	0.967	-0.112
16.370	1.000	0.962	-0.112
16.380	1.000	0.967	-0.112
16.390	1.000	0.962	-0.112
16.400	1.000	0.962	-0.112
16.410	1.000	0.967	-0.112
16.420	1.000	0.962	-0.112
16.430	1.000	0.967	-0.112
16.440	1.000	0.962	-0.107
16.450	1.000	0.967	-0.107
16.460	1.000	0.962	-0.117
16.470	1.000	0.962	-0.107
16.480	1.000	0.962	-0.117
16.490	1.000	0.962	-0.112
16.500	1.000	0.962	-0.112
16.510	1.000	0.967	-0.112
16.520	1.000	0.962	-0.107
16.530	1.000	0.962	-0.112
16.540	1.000	0.967	-0.112
16.550	1.000	0.967	-0.112
16.560	1.000	0.962	-0.112
16.570	1.000	0.967	-0.107
16.580	1.000	0.967	-0.112
16.590	1.000	0.962	-0.112
16.600	1.000	0.962	-0.112
16.610	1.000	0.967	-0.112
16.620	1.000	0.962	-0.107
16.630	1.000	0.962	-0.112
16.640	1.000	0.967	-0.107
16.650	1.000	0.967	-0.112
16.660	1.000	0.962	-0.112
16.670	1.000	0.962	-0.107
16.680	1.000	0.967	-0.112
16.690	1.000	0.962	-0.107
16.700	1.000	0.962	-0.107
16.710	1.000	0.962	-0.112
16.720	1.000	0.967	-0.107
16.730	1.000	0.967	-0.112
16.740	1.000	0.962	-0.112
16.750	1.000	0.962	-0.117
16.760	1.000	0.962	-0.112
16.770	1.000	0.962	-0.117
16.780	1.000	0.967	-0.107
16.790	1.000	0.967	-0.107
16.800	1.000	0.967	-0.112
16.810	1.000	0.962	-0.107
16.820	1.000	0.967	-0.112
16.830	1.000	0.962	-0.112
16.840	1.000	0.962	-0.107
16.850	1.000	0.962	-0.112
16.860	1.000	0.962	-0.112
16.870	1.000	0.962	-0.112
16.880	0.000	0.967	-0.112
16.890	0.000	0.962	0.547
16.900	0.000	0.914	2.330
16.910	0.000	0.821	3.683
16.920	0.000	0.689	4.602
16.930	0.000	0.562	4.905
16.940	0.000	0.396	5.173
16.950	0.000	0.220	4.958
16.960	0.000	0.078	4.426
16.970	0.000	-0.064	3.385
16.980	0.000	-0.151	2.599
16.990	0.000	-0.230	1.485
17.000	0.000	-0.259	0.660
17.010	0.000	-0.274	-0.171
17.020	0.000	-0.269	-0.679
17.030	0.000	-0.244	-0.982
17.040	0.000	-0.215	-1.124
17.050	0.000	-0.181	-1.231
17.060	0.000	-0.142	-1.143
17.070	0.000	-0.112	-1.089
17.080	0.000	-0.083	-0.928
17.090	0.000	-0.068	-0.738
17.100	0.000	-0.054	-0.576
17.110	0.000	-0.034	-0.410
17.120	0.000	-0.024	-0.225
17.130	0.000	-0.024	-0.103
17.140	0.000	-0.024	-0.107
17.150	0.000	-0.020	-0.117
17.160	0.000	-0.020	-0.117
17.170	0.000	-0.020	-0.112
17.180	0.000	-0.020	-0.112
17.190	0.000	-0.024	-0.112
17.200	0.000	-0.020	-0.112
17.210	0.000	-0.020	-0.112
17.220	0.000	-0.020	-0.112
17.230	0.000	-0.020	-0.112
17.240	0.000	-0.024	-0.112
17.250	0.000	-0.024	-0.107
17.260	0.000	-0.020	-0.112
17.270	0.000	-0.024	-0.112
17.280	0.000	-0.020	-0.107
17.290	0.000	-0.020	-0.112
17.300	0.000	-0.024	-0.112
17.310	0.000	-0.020	-0.107
17.320	0.000	-0.020	-0.112
17.330	0.000	-0.020	-0.112
17.340	0.000	-0.024	-0.112
17.350	0.000	-0.024	-0.112
17.360	0.000	-0.024	-0.117
17.370	0.000	-0.024	-0.112
17.380	0.000	-0.020	-0.112
17.390	0.000	-0.024	-0.112
17.400	0.000	-0.024	-0.112
17.410	0.000	-0.020	-0.107
17.420	0.000	-0.020	-0.112
17.430	0.000	-0.020	-0.112
17.440	0.000	-0.020	-0.112
17.450	0.000	-0.020	-0.107
17.460	0.000	-0.020	-0.112
17.470	0.000	-0.020	-0.112
17.480	0.000	-0.020	-0.107
17.490	0.000	-0.020	-0.112
17.500	0.000	-0.024	-0.112
17.510	0.000	-0.024	-0.107
17.520	0.000	-0.020	-0.107
17.530	0.000	-0.024	-0.112
17.540	0.000	-0.020	-0.112
17.550	0.000	-0.024	-0.112
17.560	0.000	-0.024	-0.112
17.570	0.000	-0.020	-0.112
17.580	0.000	-0.020	-0.112
17.590	0.000	-0.024	-0.112
17.600	0.000	-0.024	-0.112
17.610	0.000	-0.024	-0.112
17.620	0.000	-0.024	-0.112
17.630	0.000	-0.024	-0.112
17.640	0.000	-0.020	-0.112
17.650	0.000	-0.020	-0.112
17.660	0.000	-0.024	-0.112
17.670	0.000	-0.024	-0.112
17.680	0.000	-0.020	-0.112
17.690	0.000	-0.020	-0.107
17.700	0.000	-0.020	-0.112
17.710	0.000	-0.020	-0.112
17.720	0.000	-0.020	-0.112
17.730	0.000	-0.020	-0.112
17.740	0.000	-0.020	-0.112
17.750	0.000	-0.020	-0.112
17.760	0.000	-0.024	-0.112
17.770	0.000	-0.020	-0.117
17.780	0.000	-0.024	-0.112
17.790	0.000	-0.020	-0.112
17.800	0.000	-0.024	-0.112
17.810	0.000	-0.020	-0.112
17.820	0.000	-0.020	-0.107
17.830	0.000	-0.024	-0.117
17.840	0.000	-0.020	-0.112
17.850	0.000	-0.024	-0.117
17.860	0.000	-0.024	-0.112
17.870	0.000	-0.024	-0.112
17.880	0.000	-0.020	-0.112
17.890	0.000	-0.020	-0.112
17.900	0.000	-0.020	-0.112
17.910	0.000	-0.024	-0.117
17.920	0.000	-0.024	-0.112
17.930	0.000	-0.020	-0.112
17.940	0.000	-0.024	-0.112
17.950	0.000	-0.024	-0.112
17.960	0.000	-0.024	-0.107
17.970	0.000	-0.020	-0.112
17.980	0.000	-0.024	-0.112
17.990	0.000	-0.024	-0.112
18.000	0.000	-0.020	-0.117
18.010	0.000	-0.020	-0.107
18.020	0.000	-0.024	-0.112
18.030	0.000	-0.024	-0.107
18.040	0.000	-0.020	-0.112
18.050	0.000	-0.020	-0.112
18.060	0.000	-0.024	-0.112
18.070	0.000	-0.024	-0.112
18.080	0.000	-0.020	-0.112
18.090	0.000	-0.020	-0.117
18.100	0.000	-0.020	-0.112
18.110	0.000	-0.024	-0.112
18.120	0.000	-0.020	-0.117
18.130	0.000	-0.020	-0.112
18.140	0.000	-0.020	-0.112
18.150	0.000	-0.024	-0.112
18.160	0.000	-0.020	-0.112
18.170	0.000	-0.020	-0.107
18.180	0.000	-0.020	-0.107
18.190	0.000	-0.024	-0.112
18.200	0.000	-0.020	-0.112
18.210	0.000	-0.024	-0.117
18.220	0.000	-0.020	-0.112
18.230	0.000	-0.024	-0.112
18.240	0.000	-0.020	-0.112
18.250	0.000	-0.024	-0.112
18.260	0.000	-0.024	-0.112
18.270	0.000	-0.020	-0.112
18.280	0.000	-0.020	-0.112
18.290	0.000	-0.020	-0.112
18.300	0.000	-0.024	-0.117
18.310	0.000	-0.020	-0.107
18.320	0.000	-0.020	-0.107
18.330	0.000	-0.024	-0.112
18.340	0.000	-0.024	-0.112
18.350	0.000	-0.020	-0.107
18.360	0.000	-0.024	-0.112
18.370	0.000	-0.024	-0.117
18.380	0.000	-0.024	-0.112
18.390	0.000	-0.020	-0.112
18.400	0.000	-0.024	-0.112
18.410	0.000	-0.024	-0.112
18.420	0.000	-0.020	-0.117
18.430	0.000	-0.020	-0.112
18.440	0.000	-0.020	-0.112
18.450	1.000	-0.024	-0.112
18.460	1.000	-0.015	-1.114
18.470	1.000	0.039	-2.711
18.480	1.000	0.147	-3.942
18.490	1.000	0.264	-4.656
18.500	1.000	0.405	-5.208
18.510	1.000	0.591	-5.374
18.520	1.000	0.752	-5.095
18.530	1.000	0.865	-4.543
18.540	1.000	0.997	-3.659
18.550	1.000	1.099	-2.521
18.560	1.000	1.163	-1.549
18.570	1.000	1.192	-0.547
18.580	1.000	1.197	0.176
18.590	1.000	1.187	0.528
18.600	1.000	1.168	0.777
18.610	1.000	1.133	0.928
18.620	1.000	1.094	0.972
18.630	1.000	1.060	0.938
18.640	1.000	1.041	0.747
18.650	1.000	1.011	0.552
18.660	1.000	0.987	0.469
18.670	1.000	0.977	0.264
18.680	1.000	0.962	0.044
18.690	1.000	0.962	-0.132
18.700	1.000	0.962	-0.122
18.710	1.000	0.967	-0.112
18.720	1.000	0.962	-0.112
18.730	1.000	0.962	-0.112
18.740	1.000	0.962	-0.112
18.750	1.000	0.967	-0.112
18.760	1.000	0.962	-0.112
18.770	1.000	0.962	-0.112
18.780	1.000	0.962	-0.117
18.790	1.000	0.962	-0.112
18.800	1.000	0.962	-0.112
18.810	1.000	0.967	-0.107
18.820	1.000	0.967	-0.112
18.830	1.000	0.962	-0.107
18.840	1.000	0.962	-0.112
18.850	1.000	0.962	-0.112
18.860	1.000	0.962	-0.112
18.870	1.000	0.962	-0.107
18.880	1.000	0.962	-0.112
18.890	1.000	0.962	-0.107
18.900	1.000	0.962	-0.112
18.910	1.000	0.962	-0.112
18.920	1.000	0.962	-0.112
18.930	1.000	0.962	-0.112
18.940	1.000	0.962	-0.112
18.950	1.000	0.962	-0.117
18.960	1.000	0.962	-0.117
18.970	1.000	0.962	-0.107
18.980	1.000	0.962	-0.112
18.990	1.000	0.962	-0.112
19.000	1.000	0.967	-0.112
19.010	1.000	0.962	-0.112
19.020	1.000	0.962	-0.112
19.030	1.000	0.962	-0.112
19.040	1.000	0.962	-0.112
19.050	1.000	0.962	-0.112
19.060	1.000	0.962	-0.117
19.070	1.000	0.962	-0.112
19.080	1.000	0.967	-0.112
19.090	1.000	0.962	-0.107
19.100	1.000	0.962	-0.112
19.110	1.000	0.962	-0.112
19.120	1.000	0.962	-0.107
19.130	1.000	0.962	-0.112
19.140	1.000	0.962	-0.107
19.150	1.000	0.962	-0.112
19.160	1.000	0.962	-0.112
19.170	1.000	0.962	-0.117
19.180	1.000	0.962	-0.117
19.190	1.000	0.962	-0.117
19.200	1.000	0.962	-0.112
19.210	1.000	0.962	-0.112
19.220	1.000	0.962	-0.112
19.230	1.000	0.962	-0.112
19.240	1.000	0.962	-0.112
19.250	1.000	0.962	-0.112
19.260	1.000	0.962	-0.107
19.270	1.000	0.962	-0.107
19.280	1.000	0.962	-0.112
19.290	1.000	0.962	-0.112
19.300	1.000	0.962	-0.107
19.310	1.000	0.967	-0.112
19.320	1.000	0.962	-0.112
19.330	1.000	0.962	-0.112
19.340	1.000	0.962	-0.112
19.350	1.000	0.962	-0.112
19.360	1.000	0.962	-0.112
19.370	1.000	0.962	-0.112
19.380	1.000	0.962	-0.112
19.390	1.000	0.962	-0.112
19.400	1.000	0.962	-0.107
19.410	1.000	0.967	-0.112
19.420	1.000	0.962	-0.112
19.430	1.000	0.962	-0.112
19.440	1.000	0.962	-0.112
19.450	1.000	0.962	-0.112
19.460	1.000	0.967	-0.112
19.470	1.000	0.962	-0.107
19.480	1.000	0.962	-0.112
19.490	1.000	0.967	-0.112
19.500	1.000	0.962	-0.107
19.510	1.000	0.962	-0.112
19.520	1.000	0.962	-0.112
19.530	1.000	0.962	-0.112
19.540	1.000	0.967	-0.107
19.550	1.000	0.962	-0.112
19.560	1.000	0.962	-0.107
19.570	1.000	0.967	-0.112
19.580	1.000	0.967	-0.112
19.590	1.000	0.962	-0.107
19.600	1.000	0.962	-0.107
19.610	1.000	0.962	-0.112
19.620	1.000	0.962	-0.107
19.630	1.000	0.962	-0.112
19.640	1.000	0.962	-0.112
19.650	1.000	0.962	-0.112
19.660	1.000	0.967	-0.107
19.670	1.000	0.962	-0.112
19.680	1.000	0.962	-0.117
19.690	1.000	0.962	-0.112
19.700	1.000	0.962	-0.112
19.710	1.000	0.962	-0.107
19.720	1.000	0.962	-0.107
19.730	1.000	0.962	-0.117
19.740	1.000	0.962	-0.112
19.750	1.000	0.962	-0.112
19.760	1.000	0.962	-0.112
19.770	1.000	0.962	-0.107
19.780	1.000	0.962	-0.117
19.790	1.000	0.967	-0.112
19.800	1.000	0.962	-0.112
19.810	1.000	0.962	-0.107
19.820	1.000	0.962	-0.112
19.830	1.000	0.962	-0.112
19.840	1.000	0.962	-0.112
19.850	1.000	0.962	-0.112
19.860	1.000	0.962	-0.112
19.870	1.000	0.962	-0.112
19.880	1.000	0.962	-0.112
19.890	1.000	0.962	-0.112
19.900	1.000	0.962	-0.112
19.910	1.000	0.962	-0.112
19.920	1.000	0.962	-0.112
19.930	1.000	0.962	-0.112
19.940	1.000	0.962	-0.112
19.950	1.000	0.962	-0.112
19.960	1.000	0.962	-0.117
19.970	1.000	0.962	-0.107
19.980	1.000	0.962	-0.107
19.990	1.000	0.962	-0.112
20.000	1.000	0.962	-0.112
20.010	1.000	0.962	-0.112
20.020	0.000	0.962	-0.107
20.030	0.000	0.957	1.231
20.040	0.000	0.865	2.995
20.050	0.000	0.767	4.113
20.060	0.000	0.630	4.656
20.070	0.000	0.474	5.095
20.080	0.000	0.293	5.169
20.090	0.000	0.151	4.846
20.100	0.000	0.024	4.025
20.110	0.000	-0.103	3.366
20.120	0.000	-0.191	2.286
20.130	0.000	-0.254	1.070
20.140	0.000	-0.274	0.274
20.150	0.000	-0.274	-0.430
20.160	0.000	-0.264	-0.923
20.170	0.000	-0.234	-1.114
20.180	0.000	-0.195	-1.246
20.190	0.000	-0.156	-1.241
20.200	0.000	-0.127	-1.207
20.210	0.000	-0.098	-1.060
20.220	0.000	-0.073	-0.821
20.230	0.000	-0.054	-0.669
20.240	0.000	-0.034	-0.508
20.250	0.000	-0.024	-0.274
20.260	0.000	-0.020	-0.112
20.270	0.000	-0.020	-0.107
20.280	0.000	-0.020	-0.112
20.290	0.000	-0.020	-0.107
20.300	0.000	-0.020	-0.117
20.310	0.000	-0.020	-0.112
20.320	0.000	-0.020	-0.117
20.330	0.000	-0.015	-0.117
20.340	0.000	-0.020	-0.112
20.350	0.000	-0.020	-0.112
20.360	0.000	-0.020	-0.112
20.370	0.000	-0.020	-0.112
20.380	0.000	-0.020	-0.117
20.390	0.000	-0.020	-0.112
20.400	0.000	-0.020	-0.117
20.410	0.000	-0.020	-0.107
20.420	0.000	-0.020	-0.112
20.430	0.000	-0.015	-0.112
20.440	0.000	-0.020	-0.112
20.450	0.000	-0.020	-0.112
20.460	0.000	-0.020	-0.112
20.470	0.000	-0.020	-0.112
20.480	0.000	-0.020	-0.112
20.490	0.000	-0.020	-0.112
20.500	0.000	-0.020	-0.112
20.510	0.000	-0.020	-0.112
20.520	0.000	-0.020	-0.107
20.530	0.000	-0.020	-0.112
20.540	0.000	-0.020	-0.112
20.550	0.000	-0.020	-0.112
20.560	0.000	-0.020	-0.112
20.570	0.000	-0.020	-0.112
20.580	0.000	-0.020	-0.107
20.590	0.000	-0.020	-0.112
20.600	0.000	-0.020	-0.112
20.610	0.000	-0.015	-0.112
20.620	0.000	-0.020	-0.112
20.630	0.000	-0.020	-0.112
20.640	0.000	-0.020	-0.112
20.650	0.000	-0.020	-0.107
20.660	0.000	-0.020	-0.112
20.670	0.000	-0.020	-0.112
20.680	0.000	-0.020	-0.112
20.690	0.000	-0.020	-0.112
20.700	0.000	-0.020	-0.112
20.710	0.000	-0.020	-0.117
20.720	0.000	-0.020	-0.112
20.730	0.000	-0.020	-0.107
20.740	0.000	-0.020	-0.107
20.750	0.000	-0.015	-0.112
20.760	0.000	-0.020	-0.112
20.770	0.000	-0.020	-0.112
20.780	0.000	-0.020	-0.112
20.790	0.000	-0.020	-0.107
20.800	0.000	-0.020	-0.107
20.810	0.000	-0.020	-0.117
20.820	0.000	-0.020	-0.112
20.830	0.000	-0.020	-0.112
20.840	0.000	-0.015	-0.112
20.850	0.000	-0.020	-0.112
20.860	0.000	-0.020	-0.112
20.870	0.000	-0.020	-0.112
20.880	0.000	-0.020	-0.112
20.890	0.000	-0.020	-0.112
20.900	0.000	-0.020	-0.107
20.910	0.000	-0.020	-0.107
20.920	0.000	-0.020	-0.112
20.930	0.000	-0.020	-0.112
20.940	0.000	-0.020	-0.112
20.950	0.000	-0.020	-0.117
20.960	0.000	-0.020	-0.107
20.970	0.000	-0.020	-0.112
20.980	0.000	-0.020	-0.107
20.990	0.000	-0.020	-0.112
21.000	0.000	-0.020	-0.112
21.010	0.000	-0.020	-0.112
21.020	0.000	-0.020	-0.117
21.030	0.000	-0.020	-0.112
21.040	0.000	-0.020	-0.117
21.050	0.000	-0.020	-0.112
21.060	0.000	-0.020	-0.117
21.070	0.000	-0.020	-0.112
21.080	0.000	-0.015	-0.112
21.090	0.000	-0.020	-0.112
21.100	0.000	-0.020	-0.112
21.110	0.000	-0.020	-0.112
21.120	0.000	-0.020	-0.112
21.130	0.000	-0.020	-0.107
21.140	0.000	-0.020	-0.117
21.150	0.000	-0.020	-0.112
21.160	0.000	-0.020	-0.107
21.170	0.000	-0.015	-0.107
21.180	0.000	-0.020	-0.112
21.190	0.000	-0.020	-0.107
21.200	0.000	-0.020	-0.112
21.210	0.000	-0.020	-0.112
21.220	0.000	-0.020	-0.112
21.230	0.000	-0.020	-0.112
21.240	0.000	-0.020	-0.112
21.250	0.000	-0.020	-0.112
21.260	0.000	-0.020	-0.117
21.270	0.000	-0.020	-0.112
21.280	0.000	-0.020	-0.112
21.290	0.000	-0.020	-0.107
21.300	0.000	-0.020	-0.117
21.310	0.000	-0.020	-0.112
21.320	0.000	-0.020	-0.117
21.330	0.000	-0.020	-0.112
21.340	0.000	-0.020	-0.112
21.350	0.000	-0.020	-0.112
21.360	0.000	-0.015	-0.107
21.370	0.000	-0.020	-0.103
21.380	0.000	-0.020	-0.112
21.390	0.000	-0.020	-0.107
21.400	0.000	-0.020	-0.107
21.410	0.000	-0.020	-0.112
21.420	0.000	-0.020	-0.112
21.430	0.000	-0.015	-0.112
21.440	0.000	-0.020	-0.112
21.450	0.000	-0.020	-0.112
21.460	0.000	-0.020	-0.112
21.470	0.000	-0.020	-0.112
21.480	0.000	-0.020	-0.107
21.490	0.000	-0.020	-0.112
21.500	0.000	-0.020	-0.112
21.510	0.000	-0.020	-0.112
21.520	0.000	-0.020	-0.112
21.530	0.000	-0.020	-0.107
21.540	0.000	-0.020	-0.103
21.550	0.000	-0.020	-0.107
21.560	0.000	-0.020	-0.112
21.570	0.000	-0.020	-0.112
21.580	0.000	-0.020	-0.112
21.590	1.000	-0.020	-0.112
21.600	1.000	-0.020	-0.679
21.610	1.000	0.024	-2.267
21.620	1.000	0.127	-3.713
21.630	1.000	0.230	-4.416
21.640	1.000	0.366	-5.198
21.650	1.000	0.552	-5.198
21.660	1.000	0.703	-5.002
21.670	1.000	0.850	-4.406
21.680	1.000	0.977	-3.791
21.690	1.000	1.080	-2.804
21.700	1.000	1.143	-1.964
21.710	1.000	1.182	-0.889
21.720	1.000	1.192	0.107
21.730	1.000	1.182	0.454
21.740	1.000	1.168	0.718
21.750	1.000	1.133	0.879
21.760	1.000	1.099	0.894
21.770	1.000	1.065	0.889
21.780	1.000	1.041	0.738
21.790	1.000	1.016	0.523
21.800	1.000	0.997	0.445
21.810	1.000	0.977	0.278
21.820	1.000	0.972	0.044
21.830	1.000	0.967	-0.117
21.840	1.000	0.967	-0.112
21.850	1.000	0.967	-0.112
21.860	1.000	0.972	-0.112
21.870	1.000	0.972	-0.107
21.880	1.000	0.967	-0.112
21.890	1.000	0.967	-0.112
21.900	1.000	0.972	-0.107
21.910	1.000	0.967	-0.112
21.920	1.000	0.967	-0.112
21.930	1.000	0.967	-0.112
21.940	1.000	0.967	-0.112
21.950	1.000	0.962	-0.117
21.960	1.000	0.972	-0.112
21.970	1.000	0.972	-0.112
21.980	1.000	0.972	-0.112
21.990	1.000	0.972	-0.112
22.000	1.000	0.967	-0.107
22.010	1.000	0.967	-0.112
22.020	1.000	0.967	-0.112
22.030	1.000	0.972	-0.112
22.040	1.000	0.967	-0.112
22.050	1.000	0.972	-0.112
22.060	1.000	0.967	-0.112
22.070	1.000	0.967	-0.112
22.080	1.000	0.967	-0.112
22.090	1.000	0.967	-0.112
22.100	1.000	0.972	-0.112
22.110	1.000	0.972	-0.107
22.120	1.000	0.967	-0.112
22.130	1.000	0.972	-0.117
22.140	1.000	0.967	-0.117
22.150	1.000	0.967	-0.112
22.160	1.000	0.967	-0.112
22.170	1.000	0.972	-0.107
22.180	1.000	0.972	-0.112
22.190	1.000	0.967	-0.112
22.200	1.000	0.972	-0.112
22.210	1.000	0.967	-0.117
22.220	1.000	0.967	-0.112
22.230	1.000	0.967	-0.112
22.240	1.000	0.972	-0.117
22.250	1.000	0.972	-0.112
22.260	1.000	0.972	-0.107
22.270	1.000	0.967	-0.112
22.280	1.000	0.972	-0.112
22.290	1.000	0.967	-0.112
22.300	1.000	0.967	-0.107
22.310	1.000	0.967	-0.117
22.320	1.000	0.972	-0.117
22.330	1.000	0.972	-0.112
22.340	1.000	0.972	-0.107
22.350	1.000	0.967	-0.112
22.360	1.000	0.972	-0.112
22.370	1.000	0.967	-0.107
22.380	1.000	0.967	-0.112
22.390	1.000	0.972	-0.112
22.400	1.000	0.967	-0.112
22.410	1.000	0.967	-0.117
22.420	1.000	0.962	-0.107
22.430	1.000	0.967	-0.112
22.440	1.000	0.962	-0.112
22.450	1.000	0.967	-0.112
22.460	1.000	0.967	-0.107
22.470	1.000	0.967	-0.117
22.480	1.000	0.967	-0.112
22.490	1.000	0.967	-0.112
22.500	1.000	0.972	-0.112
22.510	1.000	0.967	-0.112
22.520	1.000	0.972	-0.112
22.530	1.000	0.972	-0.107
22.540	1.000	0.967	-0.112
22.550	1.000	0.967	-0.112
22.560	1.000	0.972	-0.117
22.570	1.000	0.967	-0.112
22.580	1.000	0.972	-0.112
22.590	1.000	0.972	-0.112
22.600	1.000	0.972	-0.112
22.610	1.000	0.962	-0.112
22.620	1.000	0.972	-0.112
22.630	1.000	0.972	-0.112
22.640	1.000	0.967	-0.112
22.650	1.000	0.967	-0.107
22.660	1.000	0.967	-0.112
22.670	1.000	0.972	-0.112
22.680	1.000	0.967	-0.107
22.690	1.000	0.967	-0.117
22.700	1.000	0.967	-0.107
22.710	1.000	0.967	-0.107
22.720	1.000	0.972	-0.107
22.730	1.000	0.967	-0.112
22.740	1.000	0.972	-0.112
22.750	1.000	0.972	-0.112
22.760	1.000	0.967	-0.112
22.770	1.000	0.972	-0.112
22.780	1.000	0.972	-0.117
22.790	1.000	0.972	-0.112
22.800	1.000	0.967	-0.112
22.810	1.000	0.967	-0.112
22.820	1.000	0.972	-0.107
22.830	1.000	0.972	-0.112
22.840	1.000	0.972	-0.112
22.850	1.000	0.972	-0.112
22.860	1.000	0.972	-0.112
22.870	1.000	0.972	-0.112
22.880	1.000	0.967	-0.117
22.890	1.000	0.967	-0.117
22.900	1.000	0.972	-0.112
22.910	1.000	0.967	-0.112
22.920	1.000	0.972	-0.117
22.930	1.000	0.967	-0.112
22.940	1.000	0.972	-0.112
22.950	1.000	0.972	-0.112
22.960	1.000	0.972	-0.112
22.970	1.000	0.967	-0.112
22.980	1.000	0.967	-0.112
22.990	1.000	0.967	-0.112
23.000	1.000	0.967	-0.112
23.010	1.000	0.967	-0.112
23.020	1.000	0.972	-0.112
23.030	1.000	0.972	-0.107
23.040	1.000	0.967	-0.112
23.050	1.000	0.967	-0.112
23.060	1.000	0.967	-0.112
23.070	1.000	0.972	-0.107
23.080	1.000	0.967	-0.107
23.090	1.000	0.967	-0.112
23.100	1.000	0.967	-0.112
23.110	1.000	0.967	-0.112
23.120	1.000	0.967	-0.112
23.130	1.000	0.972	-0.107
23.140	1.000	0.967	-0.112
23.150	1.000	0.967	-0.107
23.160	0.000	0.967	-0.107
23.170	0.000	0.957	1.202
23.180	0.000	0.904	2.628
23.190	0.000	0.801	3.830
23.200	0.000	0.664	4.778
23.210	0.000	0.508	5.296
23.220	0.000	0.322	5.037
23.230	0.000	0.161	4.719
23.240	0.000	0.034	4.265
23.250	0.000	-0.093	3.302
23.260	0.000	-0.186	2.281
23.270	0.000	-0.239	1.192
23.280	0.000	-0.269	0.283
23.290	0.000	-0.274	-0.313
23.300	0.000	-0.259	-0.777
23.310	0.000	-0.234	-1.036
23.320	0.000	-0.195	-1.207
23.330	0.000	-0.166	-1.246
23.340	0.000	-0.132	-1.168
23.350	0.000	-0.098	-1.036
23.360	0.000	-0.078	-0.830
23.370	0.000	-0.054	-0.669
23.380	0.000	-0.039	-0.523
23.390	0.000	-0.029	-0.352
23.400	0.000	-0.020	-0.161
23.410	0.000	-0.020	-0.103
23.420	0.000	-0.020	-0.112
23.430	0.000	-0.020	-0.112
23.440	0.000	-0.020	-0.112
23.450	0.000	-0.020	-0.112
23.460	0.000	-0.020	-0.112
23.470	0.000	-0.020	-0.107
23.480	0.000	-0.020	-0.112
23.490	0.000	-0.024	-0.117
23.500	0.000	-0.020	-0.112
23.510	0.000	-0.020	-0.107
23.520	0.000	-0.020	-0.112
23.530	0.000	-0.020	-0.112
23.540	0.000	-0.020	-0.112
23.550	0.000	-0.020	-0.112
23.560	0.000	-0.020	-0.107
23.570	0.000	-0.020	-0.112
23.580	0.000	-0.020	-0.112
23.590	0.000	-0.020	-0.112
23.600	0.000	-0.020	-0.112
23.610	0.000	-0.020	-0.112
23.620	0.000	-0.020	-0.112
23.630	0.000	-0.020	-0.112
23.640	0.000	-0.020	-0.112
23.650	0.000	-0.024	-0.107
23.660	0.000	-0.024	-0.112
23.670	0.000	-0.024	-0.112
23.680	0.000	-0.020	-0.112
23.690	0.000	-0.020	-0.112
23.700	0.000	-0.020	-0.117
23.710	0.000	-0.020	-0.112
23.720	0.000	-0.020	-0.107
23.730	0.000	-0.020	-0.112
23.740	0.000	-0.020	-0.107
23.750	0.000	-0.020	-0.117
23.760	0.000	-0.024	-0.112
23.770	0.000	-0.020	-0.112
23.780	0.000	-0.020	-0.112
23.790	0.000	-0.024	-0.112
23.800	0.000	-0.020	-0.112
23.810	0.000	-0.020	-0.112
23.820	0.000	-0.020	-0.112
23.830	0.000	-0.024	-0.112
23.840	0.000	-0.024	-0.112
23.850	0.000	-0.020	-0.112
23.860	0.000	-0.020	-0.112
23.870	0.000	-0.020	-0.112
23.880	0.000	-0.020	-0.112
23.890	0.000	-0.024	-0.112
23.900	0.000	-0.020	-0.112
23.910	0.000	-0.020	-0.112
23.920	0.000	-0.020	-0.107
23.930	0.000	-0.020	-0.107
23.940	0.000	-0.020	-0.107
23.950	0.000	-0.020	-0.112
23.960	0.000	-0.020	-0.117
23.970	0.000	-0.020	-0.117
23.980	0.000	-0.020	-0.112
23.990	0.000	-0.024	-0.112
24.000	0.000	-0.020	-0.107
24.010	0.000	-0.020	-0.112
24.020	0.000	-0.020	-0.112
24.030	0.000	-0.020	-0.117
24.040	0.000	-0.024	-0.112
24.050	0.000	-0.020	-0.112
24.060	0.000	-0.020	-0.107
24.070	0.000	-0.020	-0.112
24.080	0.000	-0.020	-0.112
24.090	0.000	-0.020	-0.117
24.100	0.000	-0.020	-0.112
24.110	0.000	-0.020	-0.107
24.120	0.000	-0.024	-0.112
24.130	0.000	-0.020	-0.112
24.140	0.000	-0.020	-0.107
24.150	0.000	-0.020	-0.112
24.160	0.000	-0.020	-0.107
24.170	0.000	-0.020	-0.112
24.180	0.000	-0.020	-0.112
24.190	0.000	-0.020	-0.112
24.200	0.000	-0.024	-0.112
24.210	0.000	-0.020	-0.112
24.220	0.000	-0.020	-0.107
24.230	0.000	-0.020	-0.112
24.240	0.000	-0.024	-0.112
24.250	0.000	-0.020	-0.112
24.260	0.000	-0.020	-0.107
24.270	0.000	-0.020	-0.107
24.280	0.000	-0.020	-0.112
24.290	0.000	-0.020	-0.112
24.300	0.000	-0.020	-0.112
24.310	0.000	-0.020	-0.112
24.320	0.000	-0.020	-0.107
24.330	0.000	-0.020	-0.112
24.340	0.000	-0.020	-0.112
24.350	0.000	-0.020	-0.112
24.360	0.000	-0.020	-0.117
24.370	0.000	-0.020	-0.112
24.380	0.000	-0.020	-0.117
24.390	0.000	-0.020	-0.112
24.400	0.000	-0.020	-0.112
24.410	0.000	-0.024	-0.112
24.420	0.000	-0.020	-0.112
24.430	0.000	-0.020	-0.112
24.440	0.000	-0.020	-0.107
24.450	0.000	-0.020	-0.117
24.460	0.000	-0.020	-0.117
24.470	0.000	-0.020	-0.112
24.480	0.000	-0.020	-0.112
24.490	0.000	-0.020	-0.112
24.500	0.000	-0.020	-0.107
24.510	0.000	-0.020	-0.112
24.520	0.000	-0.024	-0.112
24.530	0.000	-0.024	-0.112
24.540	0.000	-0.020	-0.112
24.550	0.000	-0.020	-0.112
24.560	0.000	-0.020	-0.112
24.570	0.000	-0.020	-0.112
24.580	0.000	-0.020	-0.112
24.590	0.000	-0.020	-0.117
24.600	0.000	-0.020	-0.117
24.610	0.000	-0.020	-0.112
24.620	0.000	-0.020	-0.112
24.630	0.000	-0.020	-0.112
24.640	0.000	-0.024	-0.112
24.650	0.000	-0.024	-0.117
24.660	0.000	-0.020	-0.112
24.670	0.000	-0.020	-0.112
24.680	0.000	-0.020	-0.112
24.690	0.000	-0.020	-0.112
24.700	0.000	-0.020	-0.112
24.710	0.000	-0.020	-0.107
24.720	0.000	-0.020	-0.112
24.730	1.000	-0.020	-0.107
24.740	1.000	-0.005	-1.637
24.750	1.000	0.049	-2.931
24.760	1.000	0.147	-3.947
24.770	1.000	0.303	-4.875
24.780	1.000	0.445	-5.462
24.790	1.000	0.625	-5.125
24.800	1.000	0.782	-4.895
24.810	1.000	0.899	-4.397
24.820	1.000	1.026	-3.307
24.830	1.000	1.119	-2.281
24.840	1.000	1.168	-1.329
24.850	1.000	1.187	-0.464
24.860	1.000	1.192	0.249
24.870	1.000	1.177	0.616
24.880	1.000	1.148	0.840
24.890	1.000	1.124	0.914
24.900	1.000	1.080	0.938
24.910	1.000	1.055	0.840
24.920	1.000	1.026	0.606
24.930	1.000	1.011	0.523
24.940	1.000	0.982	0.386
24.950	1.000	0.972	0.151
24.960	1.000	0.972	-0.024
24.970	1.000	0.967	-0.132
24.980	1.000	0.972	-0.112
24.990	1.000	0.967	-0.112
25.000	1.000	0.967	-0.112
25.010	1.000	0.967	-0.112
25.020	1.000	0.967	-0.107
25.030	1.000	0.967	-0.112
25.040	1.000	0.967	-0.112
25.050	1.000	0.972	-0.112
25.060	1.000	0.967	-0.107
25.070	1.000	0.967	-0.112
25.080	1.000	0.967	-0.112
25.090	1.000	0.967	-0.112
25.100	1.000	0.967	-0.112
25.110	1.000	0.972	-0.117
25.120	1.000	0.967	-0.112
25.130	1.000	0.967	-0.112
25.140	1.000	0.967	-0.112
25.150	1.000	0.967	-0.112
25.160	1.000	0.967	-0.107
25.170	1.000	0.967	-0.112
25.180	1.000	0.962	-0.117
25.190	1.000	0.967	-0.112
25.200	1.000	0.967	-0.112
25.210	1.000	0.967	-0.117
25.220	1.000	0.967	-0.112
25.230	1.000	0.972	-0.112
25.240	1.000	0.967	-0.112
25.250	1.000	0.967	-0.112
25.260	1.000	0.962	-0.112
25.270	1.000	0.967	-0.112
25.280	1.000	0.967	-0.107
25.290	1.000	0.972	-0.117
25.300	1.000	0.967	-0.112
25.310	1.000	0.967	-0.112
25.320	1.000	0.967	-0.112
25.330	1.000	0.972	-0.112
25.340	1.000	0.972	-0.107
25.350	1.000	0.967	-0.117
25.360	1.000	0.972	-0.112
25.370	1.000	0.967	-0.112
25.380	1.000	0.967	-0.112
25.390	1.000	0.967	-0.112
25.400	1.000	0.967	-0.112
25.410	1.000	0.972	-0.112
25.420	1.000	0.967	-0.107
25.430	1.000	0.962	-0.112
25.440	1.000	0.967	-0.117
25.450	1.000	0.967	-0.112
25.460	1.000	0.967	-0.112
25.470	1.000	0.967	-0.117
25.480	1.000	0.967	-0.107
25.490	1.000	0.972	-0.112
25.500	1.000	0.967	-0.117
25.510	1.000	0.967	-0.107
25.520	1.000	0.967	-0.117
25.530	1.000	0.967	-0.112
25.540	1.000	0.967	-0.112
25.550	1.000	0.967	-0.112
25.560	1.000	0.967	-0.112
25.570	1.000	0.972	-0.112
25.580	1.000	0.967	-0.107
25.590	1.000	0.967	-0.112
25.600	1.000	0.967	-0.112
25.610	1.000	0.967	-0.107
25.620	1.000	0.972	-0.112
25.630	1.000	0.967	-0.112
25.640	1.000	0.967	-0.112
25.650	1.000	0.967	-0.112
25.660	1.000	0.967	-0.117
25.670	1.000	0.967	-0.112
25.680	1.000	0.967	-0.107
25.690	1.000	0.967	-0.107
25.700	1.000	0.967	-0.112
25.710	1.000	0.962	-0.112
25.720	1.000	0.972	-0.112
25.730	1.000	0.967	-0.112
25.740	1.000	0.967	-0.112
25.750	1.000	0.967	-0.112
25.760	1.000	0.962	-0.112
25.770	1.000	0.967	-0.117
25.780	1.000	0.967	-0.112
25.790	1.000	0.967	-0.112
25.800	1.000	0.967	-0.112
25.810	1.000	0.967	-0.112
25.820	1.000	0.967	-0.112
25.830	1.000	0.967	-0.112
25.840	1.000	0.967	-0.112
25.850	1.000	0.972	-0.107
25.860	1.000	0.967	-0.112
25.870	1.000	0.967	-0.107
25.880	1.000	0.967	-0.112
25.890	1.000	0.972	-0.117
25.900	1.000	0.972	-0.107
25.910	1.000	0.967	-0.112
25.920	1.000	0.967	-0.112
25.930	1.000	0.967	-0.112
25.940	1.000	0.967	-0.112
25.950	1.000	0.967	-0.112
25.960	1.000	0.967	-0.112
25.970	1.000	0.967	-0.107
25.980	1.000	0.972	-0.112
25.990	1.000	0.967	-0.112
26.000	1.000	0.962	-0.117
26.010	1.000	0.967	-0.112
26.020	1.000	0.967	-0.112
26.030	1.000	0.967	-0.112
26.040	1.000	0.967	-0.112
26.050	1.000	0.972	-0.117
26.060	1.000	0.967	-0.112
26.070	1.000	0.967	-0.117
26.080	1.000	0.967	-0.117
26.090	1.000	0.962	-0.107
26.100	1.000	0.967	-0.112
26.110	1.000	0.972	-0.112
26.120	1.000	0.967	-0.112
26.130	1.000	0.967	-0.112
26.140	1.000	0.967	-0.112
26.150	1.000	0.967	-0.112
26.160	1.000	0.967	-0.112
26.170	1.000	0.967	-0.112
26.180	1.000	0.967	-0.112
26.190	1.000	0.972	-0.112
26.200	1.000	0.967	-0.107
26.210	1.000	0.967	-0.112
26.220	1.000	0.967	-0.117
26.230	1.000	0.967	-0.112
26.240	1.000	0.967	-0.112
26.250	1.000	0.967	-0.112
26.260	1.000	0.967	-0.112
26.270	1.000	0.967	-0.112
26.280	1.000	0.967	-0.112
26.290	1.000	0.967	-0.112
26.300	0.000	0.967	-0.117
26.310	0.000	0.957	1.221
26.320	0.000	0.874	2.990
26.330	0.000	0.767	4.187
26.340	0.000	0.640	4.714
26.350	0.000	0.484	5.110
26.360	0.000	0.298	5.193
26.370	0.000	0.156	4.709
26.380	0.000	0.024	3.967
26.390	0.000	-0.112	3.024
26.400	0.000	-0.186	2.154
26.410	0.000	-0.239	1.168
26.420	0.000	-0.264	0.239
26.430	0.000	-0.269	-0.454
26.440	0.000	-0.254	-0.747
26.450	0.000	-0.225	-0.997
26.460	0.000	-0.191	-1.158
26.470	0.000	-0.156	-1.148
26.480	0.000	-0.127	-1.089
26.490	0.000	-0.107	-0.997
26.500	0.000	-0.078	-0.826
26.510	0.000	-0.054	-0.616
26.520	0.000	-0.044	-0.459
26.530	0.000	-0.034	-0.313
26.540	0.000	-0.029	-0.156
26.550	0.000	-0.029	-0.112
26.560	0.000	-0.029	-0.112
26.570	0.000	-0.024	-0.112
26.580	0.000	-0.024	-0.112
26.590	0.000	-0.029	-0.112
26.600	0.000	-0.029	-0.112
26.610	0.000	-0.029	-0.112
26.620	0.000	-0.029	-0.112
26.630	0.000	-0.029	-0.112
26.640	0.000	-0.029	-0.107
26.650	0.000	-0.029	-0.112
26.660	0.000	-0.029	-0.107
26.670	0.000	-0.029	-0.112
26.680	0.000	-0.029	-0.112
26.690	0.000	-0.029	-0.112
26.700	0.000	-0.029	-0.112
26.710	0.000	-0.029	-0.112
26.720	0.000	-0.029	-0.112
26.730	0.000	-0.029	-0.112
26.740	0.000	-0.024	-0.107
26.750	0.000	-0.029	-0.112
26.760	0.000	-0.029	-0.112
26.770	0.000	-0.024	-0.112
26.780	0.000	-0.029	-0.117
26.790	0.000	-0.029	-0.117
26.800	0.000	-0.029	-0.112
26.810	0.000	-0.029	-0.112
26.820	0.000	-0.029	-0.112
26.830	0.000	-0.029	-0.112
26.840	0.000	-0.024	-0.112
26.850	0.000	-0.029	-0.112
26.860	0.000	-0.029	-0.107
26.870	0.000	-0.029	-0.107
26.880	0.000	-0.024	-0.107
26.890	0.000	-0.029	-0.107
26.900	0.000	-0.029	-0.107
26.910	0.000	-0.029	-0.112
26.920	0.000	-0.029	-0.112
26.930	0.000	-0.029	-0.107
26.940	0.000	-0.029	-0.117
26.950	0.000	-0.029	-0.112
26.960	0.000	-0.029	-0.112
26.970	0.000	-0.029	-0.112
26.980	0.000	-0.024	-0.112
26.990	0.000	-0.029	-0.112
27.000	0.000	-0.029	-0.112
27.010	0.000	-0.029	-0.112
27.020	0.000	-0.024	-0.112
27.030	0.000	-0.029	-0.112
27.040	0.000	-0.029	-0.112
27.050	0.000	-0.029	-0.107
27.060	0.000	-0.029	-0.112
27.070	0.000	-0.029	-0.107
27.080	0.000	-0.029	-0.117
27.090	0.000	-0.029	-0.112
27.100	0.000	-0.029	-0.112
27.110	0.000	-0.029	-0.112
27.120	0.000	-0.029	-0.112
27.130	0.000	-0.029	-0.112
27.140	0.000	-0.029	-0.117
27.150	0.000	-0.029	-0.112
27.160	0.000	-0.029	-0.112
27.170	0.000	-0.029	-0.112
27.180	0.000	-0.029	-0.112
27.190	0.000	-0.029	-0.112
27.200	0.000	-0.029	-0.112
27.210	0.000	-0.029	-0.117
27.220	0.000	-0.029	-0.112
27.230	0.000	-0.029	-0.117
27.240	0.000	-0.029	-0.107
27.250	0.000	-0.029	-0.107
27.260	0.000	-0.029	-0.107
27.270	0.000	-0.029	-0.112
27.280	0.000	-0.029	-0.112
27.290	0.000	-0.024	-0.107
27.300	0.000	-0.029	-0.107
27.310	0.000	-0.029	-0.112
27.320	0.000	-0.024	-0.107
27.330	0.000	-0.029	-0.112
27.340	0.000	-0.029	-0.112
27.350	0.000	-0.029	-0.117
27.360	0.000	-0.029	-0.107
27.370	0.000	-0.029	-0.117
27.380	0.000	-0.029	-0.112
27.390	0.000	-0.029	-0.112
27.400	0.000	-0.029	-0.117
27.410	0.000	-0.029	-0.112
27.420	0.000	-0.024	-0.107
27.430	0.000	-0.029	-0.112
27.440	0.000	-0.029	-0.112
27.450	0.000	-0.029	-0.107
27.460	0.000	-0.029	-0.112
27.470	0.000	-0.029	-0.112
27.480	0.000	-0.029	-0.112
27.490	0.000	-0.029	-0.112
27.500	0.000	-0.024	-0.112
27.510	0.000	-0.029	-0.117
27.520	0.000	-0.029	-0.112
27.530	0.000	-0.029	-0.112
27.540	0.000	-0.029	-0.112
27.550	0.000	-0.029	-0.112
27.560	0.000	-0.029	-0.112
27.570	0.000	-0.029	-0.112
27.580	0.000	-0.029	-0.112
27.590	0.000	-0.029	-0.112
27.600	0.000	-0.029	-0.112
27.610	0.000	-0.029	-0.112
27.620	0.000	-0.029	-0.112
27.630	0.000	-0.029	-0.112
27.640	0.000	-0.029	-0.112
27.650	0.000	-0.029	-0.112
27.660	0.000	-0.029	-0.112
27.670	0.000	-0.029	-0.112
27.680	0.000	-0.029	-0.112
27.690	0.000	-0.029	-0.107
27.700	0.000	-0.029	-0.112
27.710	0.000	-0.029	-0.112
27.720	0.000	-0.029	-0.112
27.730	0.000	-0.029	-0.107
27.740	0.000	-0.029	-0.112
27.750	0.000	-0.029	-0.112
27.760	0.000	-0.029	-0.112
27.770	0.000	-0.029	-0.117
27.780	0.000	-0.029	-0.112
27.790	0.000	-0.024	-0.117
27.800	0.000	-0.029	-0.112
27.810	0.000	-0.029	-0.107
27.820	0.000	-0.029	-0.112
27.830	0.000	-0.029	-0.107
27.840	0.000	-0.029	-0.112
27.850	0.000	-0.029	-0.112
27.860	0.000	-0.029	-0.112
27.870	1.000	-0.029	-0.112
27.880	1.000	-0.024	-1.099
27.890	1.000	0.034	-2.662
27.900	1.000	0.147	-3.967
27.910	1.000	0.269	-4.748
27.920	1.000	0.420	-5.364
27.930	1.000	0.572	-5.296
27.940	1.000	0.718	-5.051
27.950	1.000	0.879	-4.392
27.960	1.000	0.982	-3.747
27.970	1.000	1.080	-2.697
27.980	1.000	1.158	-1.646
27.990	1.000	1.187	-0.738
28.000	1.000	1.197	0.093
28.010	1.000	1.182	0.552
28.020	1.000	1.158	0.796
28.030	1.000	1.133	0.899
28.040	1.000	1.099	0.894
28.050	1.000	1.065	0.874
28.060	1.000	1.036	0.743
28.070	1.000	1.021	0.537
28.080	1.000	0.997	0.430
28.090	1.000	0.977	0.244
28.100	1.000	0.972	0.068
28.110	1.000	0.967	-0.112
28.120	1.000	0.972	-0.117
28.130	1.000	0.967	-0.112
28.140	1.000	0.972	-0.112
28.150	1.000	0.967	-0.112
28.160	1.000	0.967	-0.107
28.170	1.000	0.967	-0.112
28.180	1.000	0.967	-0.112
28.190	1.000	0.967	-0.107
28.200	1.000	0.967	-0.112
28.210	1.000	0.967	-0.112
28.220	1.000	0.967	-0.117
28.230	1.000	0.967	-0.112
28.240	1.000	0.967	-0.112
28.250	1.000	0.967	-0.107
28.260	1.000	0.967	-0.112
28.270	1.000	0.967	-0.112
28.280	1.000	0.967	-0.112
28.290	1.000	0.967	-0.112
28.300	1.000	0.972	-0.112
28.310	1.000	0.967	-0.112
28.320	1.000	0.967	-0.112
28.330	1.000	0.967	-0.112
28.340	1.000	0.967	-0.112
28.350	1.000	0.967	-0.112
28.360	1.000	0.967	-0.112
28.370	1.000	0.967	-0.112
28.380	1.000	0.972	-0.112
28.390	1.000	0.972	-0.107
28.400	1.000	0.972	-0.112
28.410	1.000	0.967	-0.112
28.420	1.000	0.972	-0.112
28.430	1.000	0.967	-0.112
28.440	1.000	0.967	-0.112
28.450	1.000	0.967	-0.117
28.460	1.000	0.972	-0.107
28.470	1.000	0.972	-0.112
28.480	1.000	0.967	-0.112
28.490	1.000	0.972	-0.112
28.500	1.000	0.967	-0.112
28.510	1.000	0.967	-0.107
28.520	1.000	0.967	-0.112
28.530	1.000	0.967	-0.112
28.540	1.000	0.967	-0.112
28.550	1.000	0.972	-0.112
28.560	1.000	0.967	-0.112
28.570	1.000	0.972	-0.112
28.580	1.000	0.972	-0.112
28.590	1.000	0.967	-0.112
28.600	1.000	0.967	-0.107
28.610	1.000	0.967	-0.107
28.620	1.000	0.967	-0.107
28.630	1.000	0.967	-0.112
28.640	1.000	0.967	-0.112
28.650	1.000	0.972	-0.107
28.660	1.000	0.972	-0.112
28.670	1.000	0.962	-0.117
28.680	1.000	0.972	-0.112
28.690	1.000	0.967	-0.117
28.700	1.000	0.967	-0.112
28.710	1.000	0.972	-0.112
28.720	1.000	0.972	-0.112
28.730	1.000	0.967	-0.112
28.740	1.000	0.967	-0.112
28.750	1.000	0.972	-0.107
28.760	1.000	0.967	-0.107
28.770	1.000	0.967	-0.107
28.780	1.000	0.972	-0.112
28.790	1.000	0.967	-0.107
28.800	1.000	0.972	-0.112
28.810	1.000	0.967	-0.112
28.820	1.000	0.972	-0.112
28.830	1.000	0.967	-0.112
28.840	1.000	0.967	-0.112
28.850	1.000	0.972	-0.112
28.860	1.000	0.972	-0.107
28.870	1.000	0.972	-0.112
28.880	1.000	0.967	-0.112
28.890	1.000	0.967	-0.112
28.900	1.000	0.967	-0.112
28.910	1.000	0.967	-0.112
28.920	1.000	0.967	-0.112
28.930	1.000	0.967	-0.112
28.940	1.000	0.967	-0.107
28.950	1.000	0.967	-0.112
28.960	1.000	0.972	-0.107
28.970	1.000	0.967	-0.112
28.980	1.000	0.967	-0.112
28.990	1.000	0.967	-0.107
29.000	1.000	0.967	-0.112
29.010	1.000	0.967	-0.112
29.020	1.000	0.967	-0.112
29.030	1.000	0.967	-0.112
29.040	1.000	0.967	-0.112
29.050	1.000	0.972	-0.107
29.060	1.000	0.967	-0.112
29.070	1.000	0.972	-0.112
29.080	1.000	0.972	-0.112
29.090	1.000	0.967	-0.107
29.100	1.000	0.967	-0.112
29.110	1.000	0.967	-0.112
29.120	1.000	0.972	-0.107
29.130	1.000	0.967	-0.112
29.140	1.000	0.967	-0.112
29.150	1.000	0.967	-0.112
29.160	1.000	0.967	-0.112
29.170	1.000	0.972	-0.112
29.180	1.000	0.972	-0.112
29.190	1.000	0.967	-0.107
29.200	1.000	0.967	-0.112
29.210	1.000	0.967	-0.112
29.220	1.000	0.967	-0.112
29.230	1.000	0.967	-0.112
29.240	1.000	0.967	-0.112
29.250	1.000	0.972	-0.112
29.260	1.000	0.967	-0.112
29.270	1.000	0.972	-0.112
29.280	1.000	0.967	-0.107
29.290	1.000	0.967	-0.112
29.300	1.000	0.972	-0.107
29.310	1.000	0.967	-0.112
29.320	1.000	0.967	-0.112
29.330	1.000	0.967	-0.112
29.340	1.000	0.967	-0.112
29.350	1.000	0.967	-0.107
29.360	1.000	0.972	-0.107
29.370	1.000	0.972	-0.112
29.380	1.000	0.972	-0.112
29.390	1.000	0.967	-0.112
29.400	1.000	0.972	-0.107
29.410	1.000	0.967	-0.112
29.420	1.000	0.962	-0.117
29.430	1.000	0.972	-0.112
29.440	0.000	0.967	-0.112
29.450	0.000	0.962	0.909
29.460	0.000	0.904	2.638
29.470	0.000	0.787	3.854
29.480	0.000	0.664	4.773
29.490	0.000	0.508	5.286
29.500	0.000	0.318	5.046
29.510	0.000	0.171	4.768
29.520	0.000	0.029	4.157
29.530	0.000	-0.098	3.307
29.540	0.000	-0.171	2.418
29.550	0.000	-0.239	1.304
29.560	0.000	-0.269	0.264
29.570	0.000	-0.269	-0.327
29.580	0.000	-0.259	-0.767
29.590	0.000	-0.230	-1.045
29.600	0.000	-0.195	-1.207
29.610	0.000	-0.161	-1.212
29.620	0.000	-0.132	-1.143
29.630	0.000	-0.103	-1.036
29.640	0.000	-0.078	-0.826
29.650	0.000	-0.059	-0.645
29.660	0.000	-0.044	-0.493
29.670	0.000	-0.029	-0.357
29.680	0.000	-0.024	-0.176
29.690	0.000	-0.029	-0.103
29.700	0.000	-0.020	-0.117
29.710	0.000	-0.024	-0.112
29.720	0.000	-0.020	-0.112
29.730	0.000	-0.024	-0.112
29.740	0.000	-0.024	-0.107
29.750	0.000	-0.024	-0.107
29.760	0.000	-0.024	-0.112
29.770	0.000	-0.024	-0.112
29.780	0.000	-0.020	-0.112
29.790	0.000	-0.024	-0.112
29.800	0.000	-0.024	-0.103
29.810	0.000	-0.024	-0.107
29.820	0.000	-0.024	-0.103
29.830	0.000	-0.024	-0.112
29.840	0.000	-0.024	-0.112
29.850	0.000	-0.024	-0.112
29.860	0.000	-0.024	-0.112
29.870	0.000	-0.020	-0.112
29.880	0.000	-0.020	-0.112
29.890	0.000	-0.024	-0.107
29.900	0.000	-0.024	-0.117
29.910	0.000	-0.024	-0.107
29.920	0.000	-0.020	-0.112
29.930	0.000	-0.024	-0.112
29.940	0.000	-0.024	-0.112
29.950	0.000	-0.024	-0.112
29.960	0.000	-0.024	-0.107
29.970	0.000	-0.024	-0.107
29.980	0.000	-0.020	-0.112
29.990	0.000	-0.024	-0.112
30.000	0.000	-0.024	-0.112
30.010	0.000	-0.024	-0.112
30.020	0.000	-0.024	-0.112
30.030	0.000	-0.024	-0.112
30.040	0.000	-0.024	-0.107
30.050	0.000	-0.024	-0.112
30.060	0.000	-0.024	-0.112
30.070	0.000	-0.020	-0.112
30.080	0.000	-0.020	-0.112
30.090	0.000	-0.024	-0.112
30.100	0.000	-0.024	-0.112
30.110	0.000	-0.024	-0.112
30.120	0.000	-0.024	-0.107
30.130	0.000	-0.024	-0.107
30.140	0.000	-0.024	-0.112
30.150	0.000	-0.020	-0.107
30.160	0.000	-0.020	-0.112
