0.010	1.994	3.947
0.020	1.993	3.977
0.030	1.992	4.001
0.040	1.991	4.030
0.050	1.990	4.060
0.060	1.989	4.084
0.070	1.988	4.123
0.080	1.987	4.143
0.090	1.985	4.167
0.100	1.984	4.191
0.110	1.983	4.226
0.120	1.982	4.250
0.130	1.980	4.284
0.140	1.979	4.309
0.150	1.977	4.343
0.160	1.976	4.377
0.170	1.974	4.411
0.180	1.973	4.446
0.190	1.971	4.470
0.200	1.969	4.504
0.210	1.967	4.533
0.220	1.966	4.573
0.230	1.964	4.597
0.240	1.962	4.626
0.250	1.960	4.651
0.260	1.958	4.675
0.270	1.956	4.709
0.280	1.954	4.734
0.290	1.952	4.763
0.300	1.949	4.778
0.310	1.947	4.812
0.320	1.945	4.831
0.330	1.942	4.861
0.340	1.940	4.890
0.350	1.938	4.919
0.360	1.935	4.944
0.370	1.933	4.973
0.380	1.930	4.998
0.390	1.927	5.027
0.400	1.925	5.056
0.410	1.922	5.081
0.420	1.919	5.115
0.430	1.916	5.159
0.440	1.913	5.183
0.450	1.910	5.203
0.460	1.907	5.217
0.470	1.904	5.252
0.480	1.901	5.281
0.490	1.898	5.310
0.500	1.895	5.340
0.510	1.892	5.359
0.520	1.888	5.398
0.530	1.885	5.413
0.540	1.882	5.437
0.550	1.878	5.462
0.560	1.875	5.486
0.570	1.871	5.515
0.580	1.868	5.535
0.590	1.864	5.574
0.600	1.861	5.589
0.610	1.857	5.598
0.620	1.853	5.638
0.630	1.849	5.657
0.640	1.846	5.677
0.650	1.842	5.701
0.660	1.838	5.730
0.670	1.834	5.760
0.680	1.830	5.779
0.690	1.826	5.804
0.700	1.822	5.828
0.710	1.817	5.857
0.720	1.813	5.882
0.730	1.809	5.906
0.740	1.805	5.926
0.750	1.800	5.945
0.760	1.796	5.984
0.770	1.792	6.004
0.780	1.787	6.028
0.790	1.783	6.053
0.800	1.778	6.097
0.810	1.773	6.106
0.820	1.769	6.141
0.830	1.764	6.160
0.840	1.759	6.185
0.850	1.755	6.214
0.860	1.750	6.229
0.870	1.745	6.253
0.880	1.740	6.277
0.890	1.735	6.292
0.900	1.730	6.307
0.910	1.725	6.331
0.920	1.720	6.351
0.930	1.715	6.365
0.940	1.710	6.385
0.950	1.704	6.409
0.960	1.699	6.429
0.970	1.694	6.453
0.980	1.689	6.473
0.990	1.683	6.502
1.000	1.678	6.527
1.010	1.672	6.541
1.020	1.667	6.561
1.030	1.661	6.575
1.040	1.656	6.595
1.050	1.650	6.619
1.060	1.644	6.654
1.070	1.639	6.668
1.080	1.633	6.693
1.090	1.627	6.717
1.100	1.621	6.727
1.110	1.615	6.756
1.120	1.610	6.781
1.130	1.604	6.805
1.140	1.598	6.825
1.150	1.592	6.839
1.160	1.585	6.859
1.170	1.579	6.878
1.180	1.573	6.898
1.190	1.567	6.917
1.200	1.561	6.937
1.210	1.554	6.957
1.220	1.548	6.971
1.230	1.542	6.981
1.240	1.535	7.010
1.250	1.529	7.020
1.260	1.523	7.035
1.270	1.516	7.044
1.280	1.509	7.059
1.290	1.503	7.069
1.300	1.496	7.074
1.310	1.490	7.088
1.320	1.483	7.103
1.330	1.476	7.123
1.340	1.469	7.132
1.350	1.463	7.137
1.360	1.456	7.157
1.370	1.449	7.186
1.380	1.442	7.201
1.390	1.435	7.206
1.400	1.428	7.225
1.410	1.421	7.235
1.420	1.414	7.269
1.430	1.407	7.289
1.440	1.400	7.294
1.450	1.393	7.308
1.460	1.385	7.313
1.470	1.378	7.318
1.480	1.371	7.338
1.490	1.364	7.352
1.500	1.356	7.372
1.510	1.349	7.391
1.520	1.342	7.411
1.530	1.334	7.430
1.540	1.327	7.435
1.550	1.319	7.445
1.560	1.312	7.460
1.570	1.304	7.465
1.580	1.296	7.489
1.590	1.289	7.499
1.600	1.281	7.509
1.610	1.273	7.533
1.620	1.266	7.543
1.630	1.258	7.557
1.640	1.250	7.567
1.650	1.242	7.577
1.660	1.235	7.601
1.670	1.227	7.616
1.680	1.219	7.631
1.690	1.211	7.640
1.700	1.203	7.650
1.710	1.195	7.660
1.720	1.187	7.670
1.730	1.179	7.680
1.740	1.171	7.689
1.750	1.162	7.694
1.760	1.154	7.694
1.770	1.146	7.699
1.780	1.138	7.704
1.790	1.130	7.704
1.800	1.121	7.709
1.810	1.113	7.719
1.820	1.105	7.723
1.830	1.096	7.723
1.840	1.088	7.723
1.850	1.080	7.723
1.860	1.071	7.723
1.870	1.063	7.723
1.880	1.054	7.738
1.890	1.046	7.738
1.900	1.037	7.738
1.910	1.029	7.748
1.920	1.020	7.748
1.930	1.012	7.748
1.940	1.003	7.758
1.950	0.994	7.758
1.960	0.986	7.758
1.970	0.977	7.758
1.980	0.968	7.758
1.990	0.959	7.763
2.000	0.951	7.767
2.010	0.942	7.767
2.020	0.933	7.767
2.030	0.924	7.772
2.040	0.915	7.777
2.050	0.906	7.772
2.060	0.897	7.777
2.070	0.888	7.777
2.080	0.879	7.777
2.090	0.870	7.777
2.100	0.861	7.782
2.110	0.852	7.777
2.120	0.843	7.777
2.130	0.834	7.777
2.140	0.825	7.777
2.150	0.816	7.777
2.160	0.807	7.777
2.170	0.798	7.777
2.180	0.789	7.782
2.190	0.779	7.777
2.200	0.770	7.777
2.210	0.761	7.777
2.220	0.752	7.777
2.230	0.742	7.777
2.240	0.733	7.782
2.250	0.724	7.777
2.260	0.714	7.782
2.270	0.705	7.777
2.280	0.696	7.777
2.290	0.686	7.782
2.300	0.677	7.777
2.310	0.667	7.777
2.320	0.658	7.777
2.330	0.649	7.782
2.340	0.639	7.777
2.350	0.630	7.782
2.360	0.620	7.777
2.370	0.611	7.777
2.380	0.601	7.777
2.390	0.592	7.782
2.400	0.582	7.777
2.410	0.572	7.782
2.420	0.563	7.777
2.430	0.553	7.782
2.440	0.544	7.782
2.450	0.534	7.782
2.460	0.524	7.777
2.470	0.515	7.777
2.480	0.505	7.777
2.490	0.495	7.782
2.500	0.486	7.777
2.510	0.476	7.782
2.520	0.466	7.777
2.530	0.456	7.782
2.540	0.447	7.777
2.550	0.437	7.782
2.560	0.427	7.777
2.570	0.417	7.777
2.580	0.408	7.777
2.590	0.398	7.782
2.600	0.388	7.782
2.610	0.378	7.777
2.620	0.368	7.772
2.630	0.359	7.777
2.640	0.349	7.777
2.650	0.339	7.777
2.660	0.329	7.777
2.670	0.319	7.777
2.680	0.309	7.777
2.690	0.299	7.782
2.700	0.290	7.777
2.710	0.280	7.777
2.720	0.270	7.777
2.730	0.260	7.777
2.740	0.250	7.782
2.750	0.240	7.782
2.760	0.230	7.782
2.770	0.220	7.782
2.780	0.210	7.777
2.790	0.200	7.777
2.800	0.190	7.777
2.810	0.180	7.777
2.820	0.170	7.782
2.830	0.160	7.777
2.840	0.150	7.782
2.850	0.140	7.777
2.860	0.130	7.782
2.870	0.120	7.777
2.880	0.110	7.777
2.890	0.100	7.777
2.900	0.090	7.782
2.910	0.080	7.777
2.920	0.071	7.782
2.930	0.061	7.782
2.940	0.051	7.777
2.950	0.041	7.782
2.960	0.031	7.777
2.970	0.021	7.777
2.980	0.011	7.777
2.990	0.001	7.782
3.000	-0.009	7.782
3.010	-0.019	7.782
3.020	-0.029	7.782
3.030	-0.039	7.782
3.040	-0.049	7.777
3.050	-0.059	7.782
3.060	-0.069	7.777
3.070	-0.079	7.777
3.080	-0.089	7.777
3.090	-0.099	7.777
3.100	-0.109	7.777
3.110	-0.119	7.782
3.120	-0.129	7.777
3.130	-0.139	7.777
3.140	-0.149	7.777
3.150	-0.159	7.782
3.160	-0.169	7.772
3.170	-0.179	7.777
3.180	-0.189	7.777
3.190	-0.199	7.782
3.200	-0.209	7.782
3.210	-0.219	7.777
3.220	-0.229	7.777
3.230	-0.239	7.777
3.240	-0.249	7.777
3.250	-0.259	7.777
3.260	-0.269	7.782
3.270	-0.279	7.777
3.280	-0.288	7.777
3.290	-0.298	7.782
3.300	-0.308	7.782
3.310	-0.318	7.777
3.320	-0.328	7.782
3.330	-0.338	7.777
3.340	-0.348	7.782
3.350	-0.358	7.782
3.360	-0.367	7.782
3.370	-0.377	7.782
3.380	-0.387	7.777
3.390	-0.397	7.782
3.400	-0.407	7.782
3.410	-0.416	7.777
3.420	-0.426	7.777
3.430	-0.436	7.777
3.440	-0.446	7.777
3.450	-0.455	7.782
3.460	-0.465	7.777
3.470	-0.475	7.772
3.480	-0.485	7.777
3.490	-0.494	7.777
3.500	-0.504	7.782
3.510	-0.514	7.782
3.520	-0.523	7.777
3.530	-0.533	7.777
3.540	-0.543	7.777
3.550	-0.552	7.777
3.560	-0.562	7.777
3.570	-0.571	7.772
3.580	-0.581	7.777
3.590	-0.591	7.777
3.600	-0.600	7.777
3.610	-0.610	7.777
3.620	-0.619	7.782
3.630	-0.629	7.782
3.640	-0.638	7.777
3.650	-0.648	7.777
3.660	-0.657	7.777
3.670	-0.666	7.782
3.680	-0.676	7.782
3.690	-0.685	7.777
3.700	-0.695	7.777
3.710	-0.704	7.782
3.720	-0.713	7.782
3.730	-0.723	7.777
3.740	-0.732	7.782
3.750	-0.741	7.782
3.760	-0.751	7.777
3.770	-0.760	7.782
3.780	-0.769	7.777
3.790	-0.778	7.777
3.800	-0.788	7.777
3.810	-0.797	7.772
3.820	-0.806	7.772
3.830	-0.815	7.767
3.840	-0.824	7.763
3.850	-0.833	7.763
3.860	-0.842	7.763
3.870	-0.851	7.758
3.880	-0.860	7.763
3.890	-0.869	7.763
3.900	-0.878	7.763
3.910	-0.887	7.763
3.920	-0.896	7.763
3.930	-0.905	7.763
3.940	-0.914	7.763
3.950	-0.923	7.758
3.960	-0.932	7.763
3.970	-0.941	7.767
3.980	-0.950	7.763
3.990	-0.958	7.763
4.000	-0.967	7.763
4.010	-0.976	7.763
4.020	-0.985	7.758
4.030	-0.993	7.763
4.040	-1.002	7.758
4.050	-1.011	7.758
4.060	-1.019	7.758
4.070	-1.028	7.753
4.080	-1.036	7.758
4.090	-1.045	7.753
4.100	-1.053	7.753
4.110	-1.062	7.748
4.120	-1.070	7.743
4.130	-1.079	7.743
4.140	-1.087	7.733
4.150	-1.096	7.733
4.160	-1.104	7.723
4.170	-1.112	7.704
4.180	-1.121	7.704
4.190	-1.129	7.699
4.200	-1.137	7.699
4.210	-1.145	7.694
4.220	-1.153	7.689
4.230	-1.162	7.689
4.240	-1.170	7.684
4.250	-1.178	7.680
4.260	-1.186	7.670
4.270	-1.194	7.665
4.280	-1.202	7.660
4.290	-1.210	7.650
4.300	-1.218	7.645
4.310	-1.226	7.636
4.320	-1.234	7.626
4.330	-1.242	7.616
4.340	-1.249	7.606
4.350	-1.257	7.601
4.360	-1.265	7.577
4.370	-1.273	7.572
4.380	-1.280	7.572
4.390	-1.288	7.567
4.400	-1.296	7.557
4.410	-1.303	7.543
4.420	-1.311	7.538
4.430	-1.318	7.513
4.440	-1.326	7.509
4.450	-1.333	7.504
4.460	-1.341	7.489
4.470	-1.348	7.474
4.480	-1.356	7.465
4.490	-1.363	7.455
4.500	-1.370	7.445
4.510	-1.377	7.430
4.520	-1.385	7.430
4.530	-1.392	7.416
4.540	-1.399	7.396
4.550	-1.406	7.377
4.560	-1.413	7.357
4.570	-1.420	7.352
4.580	-1.427	7.333
4.590	-1.434	7.313
4.600	-1.441	7.308
4.610	-1.448	7.303
4.620	-1.455	7.289
4.630	-1.462	7.289
4.640	-1.469	7.274
4.650	-1.476	7.240
4.660	-1.482	7.230
4.670	-1.489	7.211
4.680	-1.496	7.206
4.690	-1.502	7.201
4.700	-1.509	7.186
4.710	-1.515	7.167
4.720	-1.522	7.152
4.730	-1.528	7.137
4.740	-1.535	7.132
4.750	-1.541	7.123
4.760	-1.548	7.113
4.770	-1.554	7.103
4.780	-1.560	7.088
4.790	-1.566	7.074
4.800	-1.573	7.069
4.810	-1.579	7.059
4.820	-1.585	7.049
4.830	-1.591	7.040
4.840	-1.597	7.025
4.850	-1.603	7.010
4.860	-1.609	6.991
4.870	-1.615	6.966
4.880	-1.621	6.952
4.890	-1.627	6.937
4.900	-1.632	6.917
4.910	-1.638	6.898
4.920	-1.644	6.883
4.930	-1.649	6.859
4.940	-1.655	6.844
4.950	-1.661	6.830
4.960	-1.666	6.820
4.970	-1.672	6.786
4.980	-1.677	6.776
4.990	-1.683	6.746
5.000	-1.688	6.727
5.010	-1.693	6.717
5.020	-1.699	6.693
5.030	-1.704	6.668
5.040	-1.709	6.654
5.050	-1.714	6.634
5.060	-1.719	6.605
5.070	-1.725	6.580
5.080	-1.730	6.566
5.090	-1.735	6.546
5.100	-1.740	6.527
5.110	-1.744	6.507
5.120	-1.749	6.473
5.130	-1.754	6.453
5.140	-1.759	6.434
5.150	-1.764	6.409
5.160	-1.768	6.390
5.170	-1.773	6.365
5.180	-1.778	6.346
5.190	-1.782	6.326
5.200	-1.787	6.312
5.210	-1.791	6.292
5.220	-1.796	6.282
5.230	-1.800	6.248
5.240	-1.804	6.229
5.250	-1.809	6.214
5.260	-1.813	6.185
5.270	-1.817	6.170
5.280	-1.821	6.146
5.290	-1.825	6.116
5.300	-1.829	6.102
5.310	-1.833	6.082
5.320	-1.837	6.053
5.330	-1.841	6.023
5.340	-1.845	6.004
5.350	-1.849	5.979
5.360	-1.853	5.945
5.370	-1.857	5.931
5.380	-1.860	5.906
5.390	-1.864	5.877
5.400	-1.867	5.852
5.410	-1.871	5.823
5.420	-1.875	5.799
5.430	-1.878	5.769
5.440	-1.881	5.750
5.450	-1.885	5.721
5.460	-1.888	5.696
5.470	-1.891	5.667
5.480	-1.895	5.647
5.490	-1.898	5.613
5.500	-1.901	5.589
5.510	-1.904	5.584
5.520	-1.907	5.564
5.530	-1.910	5.540
5.540	-1.913	5.506
5.550	-1.916	5.481
5.560	-1.919	5.457
5.570	-1.922	5.437
5.580	-1.924	5.413
5.590	-1.927	5.403
5.600	-1.930	5.374
5.610	-1.932	5.349
5.620	-1.935	5.320
5.630	-1.937	5.300
5.640	-1.940	5.271
5.650	-1.942	5.242
5.660	-1.945	5.213
5.670	-1.947	5.198
5.680	-1.949	5.178
5.690	-1.951	5.159
5.700	-1.954	5.115
5.710	-1.956	5.076
5.720	-1.958	5.051
5.730	-1.960	5.017
5.740	-1.962	4.993
5.750	-1.964	4.963
5.760	-1.965	4.929
5.770	-1.967	4.910
5.780	-1.969	4.875
5.790	-1.971	4.851
5.800	-1.972	4.827
5.810	-1.974	4.802
5.820	-1.976	4.768
5.830	-1.977	4.753
5.840	-1.979	4.729
5.850	-1.980	4.704
5.860	-1.982	4.675
5.870	-1.983	4.646
5.880	-1.984	4.617
5.890	-1.985	4.597
5.900	-1.987	4.568
5.910	-1.988	4.529
5.920	-1.989	4.509
5.930	-1.990	4.470
5.940	-1.991	4.455
5.950	-1.992	4.416
5.960	-1.993	4.387
5.970	-1.993	4.353
5.980	-1.994	4.319
5.990	-1.995	4.289
6.000	-1.996	4.260
6.010	-1.996	4.231
6.020	-1.997	4.201
6.030	-1.997	4.172
6.040	-1.998	4.148
6.050	-1.998	4.128
6.060	-1.999	4.089
6.070	-1.999	4.064
6.080	-1.999	4.035
6.090	-2.000	4.006
6.100	-2.000	3.981
6.110	-2.000	3.952
6.120	-2.000	3.923
6.130	-2.000	3.894
6.140	-2.000	3.869
6.150	-2.000	3.840
6.160	-2.000	3.810
6.170	-2.000	3.786
6.180	-1.999	3.752
6.190	-1.999	3.718
6.200	-1.999	3.698
6.210	-1.998	3.669
6.220	-1.998	3.644
6.230	-1.998	3.605
6.240	-1.997	3.581
6.250	-1.997	3.552
6.260	-1.996	3.512
6.270	-1.995	3.483
6.280	-1.995	3.454
6.290	-1.994	3.425
6.300	-1.993	3.395
6.310	-1.992	3.361
6.320	-1.991	3.327
6.330	-1.990	3.298
6.340	-1.989	3.273
6.350	-1.988	3.239
6.360	-1.987	3.210
6.370	-1.986	3.190
6.380	-1.985	3.161
6.390	-1.983	3.131
6.400	-1.982	3.102
6.410	-1.981	3.068
6.420	-1.979	3.043
6.430	-1.978	3.019
6.440	-1.976	2.995
6.450	-1.975	2.965
6.460	-1.973	2.936
6.470	-1.972	2.912
6.480	-1.970	2.882
6.490	-1.968	2.853
6.500	-1.966	2.829
6.510	-1.964	2.794
6.520	-1.963	2.760
6.530	-1.961	2.731
6.540	-1.959	2.702
6.550	-1.957	2.677
6.560	-1.954	2.653
6.570	-1.952	2.618
6.580	-1.950	2.584
6.590	-1.948	2.560
6.600	-1.946	2.540
6.610	-1.943	2.511
6.620	-1.941	2.487
6.630	-1.938	2.462
6.640	-1.936	2.438
6.650	-1.933	2.413
6.660	-1.931	2.384
6.670	-1.928	2.364
6.680	-1.925	2.340
6.690	-1.923	2.316
6.700	-1.920	2.281
6.710	-1.917	2.262
6.720	-1.914	2.233
6.730	-1.911	2.208
6.740	-1.908	2.179
6.750	-1.905	2.154
6.760	-1.902	2.125
6.770	-1.899	2.096
6.780	-1.896	2.071
6.790	-1.893	2.047
6.800	-1.890	2.027
6.810	-1.886	1.998
6.820	-1.883	1.969
6.830	-1.879	1.939
6.840	-1.876	1.915
6.850	-1.873	1.881
6.860	-1.869	1.861
6.870	-1.865	1.832
6.880	-1.862	1.808
6.890	-1.858	1.783
6.900	-1.854	1.749
6.910	-1.851	1.734
6.920	-1.847	1.715
6.930	-1.843	1.690
6.940	-1.839	1.666
6.950	-1.835	1.641
6.960	-1.831	1.622
6.970	-1.827	1.602
6.980	-1.823	1.578
6.990	-1.819	1.558
7.000	-1.815	1.529
7.010	-1.810	1.505
7.020	-1.806	1.485
7.030	-1.802	1.461
7.040	-1.797	1.446
7.050	-1.793	1.412
7.060	-1.789	1.392
7.070	-1.784	1.368
7.080	-1.780	1.334
7.090	-1.775	1.314
7.100	-1.770	1.295
7.110	-1.766	1.270
7.120	-1.761	1.246
7.130	-1.756	1.216
7.140	-1.751	1.192
7.150	-1.747	1.168
7.160	-1.742	1.143
7.170	-1.737	1.119
7.180	-1.732	1.094
7.190	-1.727	1.065
7.200	-1.722	1.045
7.210	-1.717	1.026
7.220	-1.711	1.006
7.230	-1.706	0.977
7.240	-1.701	0.957
7.250	-1.696	0.938
7.260	-1.690	0.918
7.270	-1.685	0.904
7.280	-1.680	0.879
7.290	-1.674	0.865
7.300	-1.669	0.845
7.310	-1.663	0.826
7.320	-1.657	0.806
7.330	-1.652	0.791
7.340	-1.646	0.782
7.350	-1.641	0.757
7.360	-1.635	0.733
7.370	-1.629	0.723
7.380	-1.623	0.694
7.390	-1.617	0.674
7.400	-1.611	0.655
7.410	-1.605	0.640
7.420	-1.599	0.620
7.430	-1.593	0.606
7.440	-1.587	0.586
7.450	-1.581	0.567
7.460	-1.575	0.532
7.470	-1.569	0.513
7.480	-1.563	0.498
7.490	-1.556	0.474
7.500	-1.550	0.449
7.510	-1.544	0.425
7.520	-1.537	0.410
7.530	-1.531	0.391
7.540	-1.525	0.366
7.550	-1.518	0.342
7.560	-1.512	0.322
7.570	-1.505	0.308
7.580	-1.498	0.293
7.590	-1.492	0.278
7.600	-1.485	0.259
7.610	-1.478	0.239
7.620	-1.472	0.220
7.630	-1.465	0.210
7.640	-1.458	0.195
7.650	-1.451	0.181
7.660	-1.444	0.166
7.670	-1.437	0.147
7.680	-1.430	0.142
7.690	-1.423	0.137
7.700	-1.416	0.122
7.710	-1.409	0.112
7.720	-1.402	0.098
7.730	-1.395	0.083
7.740	-1.388	0.068
7.750	-1.381	0.059
7.760	-1.373	0.044
7.770	-1.366	0.034
7.780	-1.359	0.029
7.790	-1.351	0.020
7.800	-1.344	0.005
7.810	-1.336	-0.010
7.820	-1.329	-0.024
7.830	-1.322	-0.044
7.840	-1.314	-0.054
7.850	-1.306	-0.068
7.860	-1.299	-0.078
7.870	-1.291	-0.093
7.880	-1.284	-0.103
7.890	-1.276	-0.117
7.900	-1.268	-0.127
7.910	-1.260	-0.137
7.920	-1.253	-0.142
7.930	-1.245	-0.156
7.940	-1.237	-0.171
7.950	-1.229	-0.181
7.960	-1.221	-0.191
7.970	-1.213	-0.205
7.980	-1.205	-0.215
7.990	-1.197	-0.230
8.000	-1.189	-0.234
8.010	-1.181	-0.249
8.020	-1.173	-0.259
8.030	-1.165	-0.269
8.040	-1.157	-0.278
8.050	-1.149	-0.293
8.060	-1.141	-0.303
8.070	-1.132	-0.313
8.080	-1.124	-0.322
8.090	-1.116	-0.332
8.100	-1.107	-0.342
8.110	-1.099	-0.352
8.120	-1.091	-0.362
8.130	-1.082	-0.366
8.140	-1.074	-0.371
8.150	-1.066	-0.381
8.160	-1.057	-0.386
8.170	-1.049	-0.396
8.180	-1.040	-0.405
8.190	-1.031	-0.410
8.200	-1.023	-0.420
8.210	-1.014	-0.425
8.220	-1.006	-0.430
8.230	-0.997	-0.435
8.240	-0.988	-0.435
8.250	-0.980	-0.440
8.260	-0.971	-0.440
8.270	-0.962	-0.440
8.280	-0.953	-0.440
8.290	-0.945	-0.445
8.300	-0.936	-0.445
8.310	-0.927	-0.445
8.320	-0.918	-0.445
8.330	-0.909	-0.445
8.340	-0.900	-0.440
8.350	-0.891	-0.445
8.360	-0.882	-0.445
8.370	-0.873	-0.445
8.380	-0.864	-0.445
8.390	-0.855	-0.445
8.400	-0.846	-0.445
8.410	-0.837	-0.445
8.420	-0.828	-0.445
8.430	-0.819	-0.445
8.440	-0.810	-0.445
8.450	-0.801	-0.440
8.460	-0.791	-0.445
8.470	-0.782	-0.445
8.480	-0.773	-0.445
8.490	-0.764	-0.445
8.500	-0.755	-0.445
8.510	-0.745	-0.445
8.520	-0.736	-0.445
8.530	-0.727	-0.445
8.540	-0.717	-0.445
8.550	-0.708	-0.445
8.560	-0.699	-0.445
8.570	-0.689	-0.445
8.580	-0.680	-0.445
8.590	-0.670	-0.445
8.600	-0.661	-0.445
8.610	-0.652	-0.445
8.620	-0.642	-0.445
8.630	-0.633	-0.445
8.640	-0.623	-0.445
8.650	-0.614	-0.445
8.660	-0.604	-0.445
8.670	-0.595	-0.445
8.680	-0.585	-0.440
8.690	-0.575	-0.445
8.700	-0.566	-0.445
8.710	-0.556	-0.445
8.720	-0.547	-0.445
8.730	-0.537	-0.445
8.740	-0.527	-0.445
8.750	-0.518	-0.445
8.760	-0.508	-0.445
8.770	-0.498	-0.445
8.780	-0.489	-0.445
8.790	-0.479	-0.445
8.800	-0.469	-0.445
8.810	-0.460	-0.445
8.820	-0.450	-0.445
8.830	-0.440	-0.445
8.840	-0.430	-0.445
8.850	-0.421	-0.445
8.860	-0.411	-0.445
8.870	-0.401	-0.440
8.880	-0.391	-0.445
8.890	-0.381	-0.445
8.900	-0.372	-0.445
8.910	-0.362	-0.445
8.920	-0.352	-0.445
8.930	-0.342	-0.445
8.940	-0.332	-0.440
8.950	-0.322	-0.440
8.960	-0.312	-0.445
8.970	-0.303	-0.445
8.980	-0.293	-0.440
8.990	-0.283	-0.445
9.000	-0.273	-0.445
9.010	-0.263	-0.445
9.020	-0.253	-0.445
9.030	-0.243	-0.445
9.040	-0.233	-0.445
9.050	-0.223	-0.440
9.060	-0.213	-0.445
9.070	-0.203	-0.445
9.080	-0.193	-0.445
9.090	-0.183	-0.445
9.100	-0.173	-0.445
9.110	-0.164	-0.445
9.120	-0.154	-0.445
9.130	-0.144	-0.445
9.140	-0.134	-0.445
9.150	-0.124	-0.445
9.160	-0.114	-0.440
9.170	-0.104	-0.445
9.180	-0.094	-0.445
9.190	-0.084	-0.445
9.200	-0.074	-0.445
9.210	-0.064	-0.445
9.220	-0.054	-0.445
9.230	-0.044	-0.445
9.240	-0.034	-0.445
9.250	-0.024	-0.445
9.260	-0.014	-0.445
9.270	-0.004	-0.445
9.280	0.006	-0.445
9.290	0.016	-0.445
9.300	0.026	-0.445
9.310	0.036	-0.445
9.320	0.046	-0.445
9.330	0.056	-0.445
9.340	0.066	-0.445
9.350	0.076	-0.445
9.360	0.086	-0.445
9.370	0.096	-0.445
9.380	0.106	-0.445
9.390	0.116	-0.445
9.400	0.126	-0.445
9.410	0.136	-0.445
9.420	0.146	-0.445
9.430	0.156	-0.445
9.440	0.166	-0.445
9.450	0.176	-0.445
9.460	0.186	-0.445
9.470	0.196	-0.445
9.480	0.206	-0.445
9.490	0.216	-0.445
9.500	0.226	-0.445
9.510	0.236	-0.445
9.520	0.246	-0.445
9.530	0.256	-0.445
9.540	0.266	-0.445
9.550	0.275	-0.445
9.560	0.285	-0.445
9.570	0.295	-0.445
9.580	0.305	-0.445
9.590	0.315	-0.445
9.600	0.325	-0.445
9.610	0.335	-0.445
9.620	0.345	-0.445
9.630	0.354	-0.445
9.640	0.364	-0.440
9.650	0.374	-0.445
9.660	0.384	-0.445
9.670	0.394	-0.445
9.680	0.404	-0.445
9.690	0.413	-0.445
9.700	0.423	-0.445
9.710	0.433	-0.445
9.720	0.443	-0.445
9.730	0.452	-0.445
9.740	0.462	-0.445
9.750	0.472	-0.440
9.760	0.482	-0.445
9.770	0.491	-0.440
9.780	0.501	-0.440
9.790	0.511	-0.440
9.800	0.520	-0.445
9.810	0.530	-0.440
9.820	0.540	-0.440
9.830	0.549	-0.440
9.840	0.559	-0.440
9.850	0.568	-0.440
9.860	0.578	-0.435
9.870	0.587	-0.435
9.880	0.597	-0.435
9.890	0.607	-0.440
9.900	0.616	-0.440
9.910	0.626	-0.435
9.920	0.635	-0.435
9.930	0.645	-0.435
9.940	0.654	-0.435
9.950	0.663	-0.435
9.960	0.673	-0.435
9.970	0.682	-0.435
9.980	0.692	-0.430
9.990	0.701	-0.435
10.000	0.710	-0.430
10.010	0.720	-0.430
10.020	0.729	-0.430
10.030	0.738	-0.430
10.040	0.748	-0.430
10.050	0.757	-0.430
10.060	0.766	-0.430
10.070	0.775	-0.430
10.080	0.785	-0.430
10.090	0.794	-0.430
10.100	0.803	-0.430
10.110	0.812	-0.425
10.120	0.821	-0.425
10.130	0.830	-0.430
10.140	0.839	-0.425
10.150	0.849	-0.425
10.160	0.858	-0.425
10.170	0.867	-0.425
10.180	0.876	-0.420
10.190	0.885	-0.415
10.200	0.894	-0.410
10.210	0.902	-0.405
10.220	0.911	-0.405
10.230	0.920	-0.401
10.240	0.929	-0.391
10.250	0.938	-0.391
10.260	0.947	-0.386
10.270	0.956	-0.386
10.280	0.964	-0.386
10.290	0.973	-0.381
10.300	0.982	-0.381
10.310	0.991	-0.381
10.320	0.999	-0.376
10.330	1.008	-0.381
10.340	1.016	-0.376
10.350	1.025	-0.376
10.360	1.034	-0.381
10.370	1.042	-0.376
10.380	1.051	-0.376
10.390	1.059	-0.376
10.400	1.068	-0.376
10.410	1.076	-0.376
10.420	1.085	-0.376
10.430	1.093	-0.376
10.440	1.101	-0.371
10.450	1.110	-0.371
10.460	1.118	-0.371
10.470	1.126	-0.366
10.480	1.134	-0.366
10.490	1.143	-0.357
10.500	1.151	-0.357
10.510	1.159	-0.347
10.520	1.167	-0.342
10.530	1.175	-0.332
10.540	1.183	-0.322
10.550	1.191	-0.313
10.560	1.199	-0.308
10.570	1.207	-0.298
10.580	1.215	-0.288
10.590	1.223	-0.278
10.600	1.231	-0.269
10.610	1.239	-0.264
10.620	1.247	-0.254
10.630	1.255	-0.239
10.640	1.262	-0.230
10.650	1.270	-0.220
10.660	1.278	-0.210
10.670	1.286	-0.195
10.680	1.293	-0.186
10.690	1.301	-0.171
10.700	1.308	-0.156
10.710	1.316	-0.147
10.720	1.323	-0.137
10.730	1.331	-0.122
10.740	1.338	-0.117
10.750	1.346	-0.098
10.760	1.353	-0.093
10.770	1.361	-0.083
10.780	1.368	-0.073
10.790	1.375	-0.064
10.800	1.382	-0.054
10.810	1.390	-0.044
10.820	1.397	-0.034
10.830	1.404	-0.024
10.840	1.411	-0.015
10.850	1.418	0.000
10.860	1.425	0.010
10.870	1.432	0.020
10.880	1.439	0.029
10.890	1.446	0.034
10.900	1.453	0.039
10.910	1.460	0.054
10.920	1.467	0.064
10.930	1.473	0.073
10.940	1.480	0.083
10.950	1.487	0.103
10.960	1.493	0.112
10.970	1.500	0.122
10.980	1.507	0.132
10.990	1.513	0.137
11.000	1.520	0.151
11.010	1.526	0.161
11.020	1.533	0.181
11.030	1.539	0.195
11.040	1.545	0.210
11.050	1.552	0.220
11.060	1.558	0.239
11.070	1.564	0.259
11.080	1.571	0.274
11.090	1.577	0.293
11.100	1.583	0.308
11.110	1.589	0.327
11.120	1.595	0.342
11.130	1.601	0.366
11.140	1.607	0.386
11.150	1.613	0.405
11.160	1.619	0.425
11.170	1.625	0.440
11.180	1.630	0.459
11.190	1.636	0.484
11.200	1.642	0.503
11.210	1.648	0.513
11.220	1.653	0.537
11.230	1.659	0.567
11.240	1.664	0.586
11.250	1.670	0.601
11.260	1.675	0.625
11.270	1.681	0.640
11.280	1.686	0.660
11.290	1.692	0.684
11.300	1.697	0.699
11.310	1.702	0.728
11.320	1.708	0.743
11.330	1.713	0.767
11.340	1.718	0.787
11.350	1.723	0.796
11.360	1.728	0.821
11.370	1.733	0.835
11.380	1.738	0.855
11.390	1.743	0.874
11.400	1.748	0.889
11.410	1.753	0.909
11.420	1.757	0.928
11.430	1.762	0.953
11.440	1.767	0.972
11.450	1.772	0.987
11.460	1.776	1.016
11.470	1.781	1.036
11.480	1.785	1.055
11.490	1.790	1.075
11.500	1.794	1.099
11.510	1.799	1.124
11.520	1.803	1.143
11.530	1.807	1.168
11.540	1.812	1.192
11.550	1.816	1.216
11.560	1.820	1.241
11.570	1.824	1.260
11.580	1.828	1.290
11.590	1.832	1.309
11.600	1.836	1.329
11.610	1.840	1.363
11.620	1.844	1.392
11.630	1.848	1.417
11.640	1.852	1.446
11.650	1.855	1.470
11.660	1.859	1.495
11.670	1.863	1.519
11.680	1.866	1.549
11.690	1.870	1.578
11.700	1.873	1.597
11.710	1.877	1.617
11.720	1.880	1.637
11.730	1.884	1.671
11.740	1.887	1.685
11.750	1.890	1.710
11.760	1.894	1.734
11.770	1.897	1.749
11.780	1.900	1.764
11.790	1.903	1.798
11.800	1.906	1.822
11.810	1.909	1.847
11.820	1.912	1.866
11.830	1.915	1.891
11.840	1.918	1.920
11.850	1.921	1.939
11.860	1.923	1.974
11.870	1.926	1.998
11.880	1.929	2.027
11.890	1.931	2.052
11.900	1.934	2.076
11.910	1.937	2.106
11.920	1.939	2.135
11.930	1.941	2.169
11.940	1.944	2.203
11.950	1.946	2.223
11.960	1.948	2.257
11.970	1.951	2.286
11.980	1.953	2.320
11.990	1.955	2.350
12.000	1.957	2.364
12.010	1.959	2.389
12.020	1.961	2.418
12.030	1.963	2.443
12.040	1.965	2.462
12.050	1.967	2.491
12.060	1.969	2.526
12.070	1.970	2.545
12.080	1.972	2.570
12.090	1.974	2.599
12.100	1.975	2.633
12.110	1.977	2.658
12.120	1.978	2.677
12.130	1.980	2.706
12.140	1.981	2.731
12.150	1.982	2.765
12.160	1.984	2.789
12.170	1.985	2.819
12.180	1.986	2.853
12.190	1.987	2.872
12.200	1.988	2.907
12.210	1.989	2.931
12.220	1.990	2.970
12.230	1.991	3.000
12.240	1.992	3.029
12.250	1.993	3.058
12.260	1.994	3.087
12.270	1.995	3.117
12.280	1.995	3.146
12.290	1.996	3.175
12.300	1.997	3.200
12.310	1.997	3.224
12.320	1.998	3.254
12.330	1.998	3.293
12.340	1.999	3.307
12.350	1.999	3.346
12.360	1.999	3.371
12.370	1.999	3.405
12.380	2.000	3.425
12.390	2.000	3.459
12.400	2.000	3.483
12.410	2.000	3.508
12.420	2.000	3.537
12.430	2.000	3.571
12.440	2.000	3.600
12.450	2.000	3.635
12.460	2.000	3.659
12.470	1.999	3.698
12.480	1.999	3.723
12.490	1.999	3.757
12.500	1.998	3.791
12.510	1.998	3.815
12.520	1.997	3.854
12.530	1.997	3.874
12.540	1.996	3.903
12.550	1.995	3.933
12.560	1.995	3.967
12.570	1.994	3.991
12.580	1.993	4.021
12.590	1.992	4.040
12.600	1.991	4.074
12.610	1.991	4.094
12.620	1.990	4.128
12.630	1.988	4.152
12.640	1.987	4.182
12.650	1.986	4.206
12.660	1.985	4.240
12.670	1.984	4.265
12.680	1.983	4.294
12.690	1.981	4.319
12.700	1.980	4.358
12.710	1.978	4.387
12.720	1.977	4.416
12.730	1.975	4.455
12.740	1.974	4.480
12.750	1.972	4.514
12.760	1.970	4.538
12.770	1.969	4.577
12.780	1.967	4.607
12.790	1.965	4.631
12.800	1.963	4.660
12.810	1.961	4.695
12.820	1.959	4.719
12.830	1.957	4.739
12.840	1.955	4.763
12.850	1.953	4.787
12.860	1.951	4.812
12.870	1.949	4.846
12.880	1.946	4.866
12.890	1.944	4.900
12.900	1.942	4.919
12.910	1.939	4.949
12.920	1.937	4.983
12.930	1.934	5.007
12.940	1.932	5.037
12.950	1.929	5.061
12.960	1.926	5.090
12.970	1.924	5.125
12.980	1.921	5.164
12.990	1.918	5.183
13.000	1.915	5.203
13.010	1.912	5.222
13.020	1.909	5.261
13.030	1.906	5.291
13.040	1.903	5.320
13.050	1.900	5.344
13.060	1.897	5.379
13.070	1.894	5.398
13.080	1.891	5.418
13.090	1.887	5.447
13.100	1.884	5.471
13.110	1.881	5.491
13.120	1.877	5.520
13.130	1.874	5.550
13.140	1.870	5.574
13.150	1.867	5.589
13.160	1.863	5.608
13.170	1.859	5.642
13.180	1.856	5.662
13.190	1.852	5.691
13.200	1.848	5.711
13.210	1.844	5.740
13.220	1.840	5.765
13.230	1.836	5.789
13.240	1.832	5.809
13.250	1.828	5.838
13.260	1.824	5.862
13.270	1.820	5.887
13.280	1.816	5.911
13.290	1.812	5.936
13.300	1.807	5.950
13.310	1.803	5.989
13.320	1.799	6.014
13.330	1.794	6.038
13.340	1.790	6.067
13.350	1.786	6.102
13.360	1.781	6.111
13.370	1.776	6.150
13.380	1.772	6.170
13.390	1.767	6.194
13.400	1.762	6.219
13.410	1.758	6.238
13.420	1.753	6.268
13.430	1.748	6.282
13.440	1.743	6.292
13.450	1.738	6.317
13.460	1.733	6.331
13.470	1.728	6.351
13.480	1.723	6.370
13.490	1.718	6.390
13.500	1.713	6.414
13.510	1.708	6.434
13.520	1.703	6.463
13.530	1.697	6.483
13.540	1.692	6.512
13.550	1.687	6.532
13.560	1.681	6.551
13.570	1.676	6.571
13.580	1.670	6.575
13.590	1.665	6.610
13.600	1.659	6.639
13.610	1.654	6.663
13.620	1.648	6.678
13.630	1.642	6.702
13.640	1.637	6.722
13.650	1.631	6.742
13.660	1.625	6.766
13.670	1.619	6.786
13.680	1.613	6.820
13.690	1.607	6.834
13.700	1.601	6.854
13.710	1.595	6.873
13.720	1.589	6.888
13.730	1.583	6.913
13.740	1.577	6.937
13.750	1.571	6.952
13.760	1.565	6.966
13.770	1.558	6.981
13.780	1.552	7.010
13.790	1.546	7.025
13.800	1.539	7.035
13.810	1.533	7.049
13.820	1.527	7.059
13.830	1.520	7.069
13.840	1.514	7.074
13.850	1.507	7.088
13.860	1.501	7.108
13.870	1.494	7.128
13.880	1.487	7.132
13.890	1.481	7.142
13.900	1.474	7.157
13.910	1.467	7.191
13.920	1.460	7.206
13.930	1.453	7.211
13.940	1.446	7.225
13.950	1.440	7.245
13.960	1.433	7.284
13.970	1.426	7.289
13.980	1.419	7.303
13.990	1.411	7.308
14.000	1.404	7.318
14.010	1.397	7.333
14.020	1.390	7.352
14.030	1.383	7.362
14.040	1.376	7.377
14.050	1.368	7.406
14.060	1.361	7.421
14.070	1.354	7.435
14.080	1.346	7.440
14.090	1.339	7.455
14.100	1.331	7.460
14.110	1.324	7.479
14.120	1.316	7.489
14.130	1.309	7.509
14.140	1.301	7.523
14.150	1.294	7.543
14.160	1.286	7.553
14.170	1.278	7.567
14.180	1.271	7.572
14.190	1.263	7.596
14.200	1.255	7.621
14.210	1.247	7.631
14.220	1.240	7.640
14.230	1.232	7.655
14.240	1.224	7.670
14.250	1.216	7.680
14.260	1.208	7.694
14.270	1.200	7.699
14.280	1.192	7.699
14.290	1.184	7.699
14.300	1.176	7.704
14.310	1.168	7.709
14.320	1.160	7.714
14.330	1.151	7.719
14.340	1.143	7.723
14.350	1.135	7.723
14.360	1.127	7.733
14.370	1.118	7.733
14.380	1.110	7.743
14.390	1.102	7.748
14.400	1.093	7.753
14.410	1.085	7.758
14.420	1.077	7.753
14.430	1.068	7.763
14.440	1.060	7.763
14.450	1.051	7.772
14.460	1.043	7.772
14.470	1.034	7.777
14.480	1.026	7.782
14.490	1.017	7.787
14.500	1.008	7.787
14.510	1.000	7.787
14.520	0.991	7.787
14.530	0.982	7.797
14.540	0.974	7.797
14.550	0.965	7.797
14.560	0.956	7.802
14.570	0.947	7.802
14.580	0.939	7.802
14.590	0.930	7.802
14.600	0.921	7.802
14.610	0.912	7.802
14.620	0.903	7.802
14.630	0.894	7.802
14.640	0.885	7.802
14.650	0.876	7.802
14.660	0.867	7.802
14.670	0.858	7.802
14.680	0.849	7.802
14.690	0.840	7.802
14.700	0.831	7.802
14.710	0.822	7.802
14.720	0.813	7.802
14.730	0.804	7.802
14.740	0.794	7.802
14.750	0.785	7.802
14.760	0.776	7.802
14.770	0.767	7.802
14.780	0.758	7.802
14.790	0.748	7.802
14.800	0.739	7.802
14.810	0.730	7.802
14.820	0.720	7.797
14.830	0.711	7.802
14.840	0.702	7.802
14.850	0.692	7.802
14.860	0.683	7.802
14.870	0.673	7.802
14.880	0.664	7.802
14.890	0.655	7.802
14.900	0.645	7.802
14.910	0.636	7.802
14.920	0.626	7.802
14.930	0.617	7.802
14.940	0.607	7.802
14.950	0.598	7.802
14.960	0.588	7.802
14.970	0.579	7.802
14.980	0.569	7.802
14.990	0.559	7.802
15.000	0.550	7.802
15.010	0.540	7.802
15.020	0.530	7.802
15.030	0.521	7.802
15.040	0.511	7.802
15.050	0.501	7.802
15.060	0.492	7.797
15.070	0.482	7.807
15.080	0.472	7.802
15.090	0.463	7.802
15.100	0.453	7.802
15.110	0.443	7.802
15.120	0.433	7.802
15.130	0.424	7.802
15.140	0.414	7.802
15.150	0.404	7.802
15.160	0.394	7.802
15.170	0.384	7.802
15.180	0.375	7.802
15.190	0.365	7.802
15.200	0.355	7.802
15.210	0.345	7.802
15.220	0.335	7.802
15.230	0.325	7.802
15.240	0.316	7.802
15.250	0.306	7.802
15.260	0.296	7.802
15.270	0.286	7.802
15.280	0.276	7.802
15.290	0.266	7.802
15.300	0.256	7.802
15.310	0.246	7.802
15.320	0.236	7.802
15.330	0.226	7.802
15.340	0.216	7.802
15.350	0.207	7.802
15.360	0.197	7.802
15.370	0.187	7.802
15.380	0.177	7.802
15.390	0.167	7.802
15.400	0.157	7.807
15.410	0.147	7.802
15.420	0.137	7.802
15.430	0.127	7.802
15.440	0.117	7.802
15.450	0.107	7.802
15.460	0.097	7.802
15.470	0.087	7.802
15.480	0.077	7.802
15.490	0.067	7.802
15.500	0.057	7.802
15.510	0.047	7.802
15.520	0.037	7.807
15.530	0.027	7.802
15.540	0.017	7.802
15.550	0.007	7.802
15.560	-0.003	7.802
15.570	-0.013	7.802
15.580	-0.023	7.802
15.590	-0.033	7.802
15.600	-0.043	7.802
15.610	-0.053	7.802
15.620	-0.063	7.802
15.630	-0.073	7.802
15.640	-0.083	7.802
15.650	-0.093	7.802
15.660	-0.103	7.802
15.670	-0.113	7.802
15.680	-0.123	7.802
15.690	-0.133	7.802
15.700	-0.143	7.802
15.710	-0.153	7.802
15.720	-0.163	7.802
15.730	-0.173	7.802
15.740	-0.183	7.802
15.750	-0.193	7.802
15.760	-0.203	7.802
15.770	-0.213	7.802
15.780	-0.223	7.802
15.790	-0.233	7.802
15.800	-0.243	7.807
15.810	-0.252	7.802
15.820	-0.262	7.802
15.830	-0.272	7.802
15.840	-0.282	7.802
15.850	-0.292	7.802
15.860	-0.302	7.802
15.870	-0.312	7.802
15.880	-0.322	7.802
15.890	-0.332	7.802
15.900	-0.341	7.802
15.910	-0.351	7.802
15.920	-0.361	7.802
15.930	-0.371	7.802
15.940	-0.381	7.802
15.950	-0.391	7.802
15.960	-0.400	7.802
15.970	-0.410	7.802
15.980	-0.420	7.802
15.990	-0.430	7.802
16.000	-0.439	7.802
16.010	-0.449	7.807
16.020	-0.459	7.802
16.030	-0.469	7.802
16.040	-0.478	7.802
16.050	-0.488	7.802
16.060	-0.498	7.802
16.070	-0.507	7.802
16.080	-0.517	7.802
16.090	-0.527	7.802
16.100	-0.536	7.802
16.110	-0.546	7.802
16.120	-0.556	7.802
16.130	-0.565	7.802
16.140	-0.575	7.802
16.150	-0.584	7.802
16.160	-0.594	7.802
16.170	-0.604	7.802
16.180	-0.613	7.802
16.190	-0.623	7.802
16.200	-0.632	7.802
16.210	-0.642	7.802
16.220	-0.651	7.802
16.230	-0.660	7.802
16.240	-0.670	7.802
16.250	-0.679	7.802
16.260	-0.689	7.802
16.270	-0.698	7.802
16.280	-0.707	7.802
16.290	-0.717	7.802
16.300	-0.726	7.802
16.310	-0.735	7.802
16.320	-0.745	7.802
16.330	-0.754	7.802
16.340	-0.763	7.802
16.350	-0.772	7.802
16.360	-0.782	7.802
16.370	-0.791	7.802
16.380	-0.800	7.797
16.390	-0.809	7.802
16.400	-0.818	7.802
16.410	-0.827	7.797
16.420	-0.837	7.802
16.430	-0.846	7.797
16.440	-0.855	7.797
16.450	-0.864	7.797
16.460	-0.873	7.792
16.470	-0.882	7.792
16.480	-0.891	7.792
16.490	-0.900	7.792
16.500	-0.909	7.792
16.510	-0.917	7.787
16.520	-0.926	7.782
16.530	-0.935	7.782
16.540	-0.944	7.782
16.550	-0.953	7.777
16.560	-0.962	7.777
16.570	-0.970	7.767
16.580	-0.979	7.763
16.590	-0.988	7.763
16.600	-0.996	7.758
16.610	-1.005	7.758
16.620	-1.014	7.758
16.630	-1.022	7.758
16.640	-1.031	7.758
16.650	-1.039	7.758
16.660	-1.048	7.753
16.670	-1.057	7.748
16.680	-1.065	7.748
16.690	-1.073	7.743
16.700	-1.082	7.743
16.710	-1.090	7.743
16.720	-1.099	7.743
16.730	-1.107	7.728
16.740	-1.115	7.723
16.750	-1.124	7.714
16.760	-1.132	7.704
16.770	-1.140	7.699
16.780	-1.148	7.694
16.790	-1.156	7.699
16.800	-1.165	7.694
16.810	-1.173	7.694
16.820	-1.181	7.684
16.830	-1.189	7.680
16.840	-1.197	7.675
16.850	-1.205	7.675
16.860	-1.213	7.660
16.870	-1.221	7.655
16.880	-1.229	7.650
16.890	-1.237	7.636
16.900	-1.244	7.626
16.910	-1.252	7.626
16.920	-1.260	7.616
16.930	-1.268	7.606
16.940	-1.275	7.587
16.950	-1.283	7.572
16.960	-1.291	7.572
16.970	-1.298	7.567
16.980	-1.306	7.557
16.990	-1.314	7.553
17.000	-1.321	7.538
17.010	-1.329	7.523
17.020	-1.336	7.513
17.030	-1.343	7.504
17.040	-1.351	7.494
17.050	-1.358	7.484
17.060	-1.366	7.469
17.070	-1.373	7.460
17.080	-1.380	7.455
17.090	-1.387	7.435
17.100	-1.395	7.435
17.110	-1.402	7.421
17.120	-1.409	7.406
17.130	-1.416	7.386
17.140	-1.423	7.367
17.150	-1.430	7.352
17.160	-1.437	7.338
17.170	-1.444	7.318
17.180	-1.451	7.308
17.190	-1.458	7.303
17.200	-1.464	7.289
17.210	-1.471	7.289
17.220	-1.478	7.274
17.230	-1.485	7.235
17.240	-1.491	7.225
17.250	-1.498	7.211
17.260	-1.505	7.206
17.270	-1.511	7.196
17.280	-1.518	7.186
17.290	-1.524	7.162
17.300	-1.531	7.147
17.310	-1.537	7.137
17.320	-1.543	7.132
17.330	-1.550	7.123
17.340	-1.556	7.108
17.350	-1.562	7.093
17.360	-1.569	7.088
17.370	-1.575	7.074
17.380	-1.581	7.069
17.390	-1.587	7.054
17.400	-1.593	7.044
17.410	-1.599	7.035
17.420	-1.605	7.020
17.430	-1.611	7.000
17.440	-1.617	6.976
17.450	-1.623	6.957
17.460	-1.629	6.942
17.470	-1.634	6.922
17.480	-1.640	6.898
17.490	-1.646	6.883
17.500	-1.652	6.864
17.510	-1.657	6.844
17.520	-1.663	6.834
17.530	-1.668	6.815
17.540	-1.674	6.786
17.550	-1.679	6.776
17.560	-1.685	6.751
17.570	-1.690	6.732
17.580	-1.695	6.717
17.590	-1.701	6.698
17.600	-1.706	6.673
17.610	-1.711	6.659
17.620	-1.716	6.629
17.630	-1.721	6.605
17.640	-1.726	6.585
17.650	-1.731	6.566
17.660	-1.736	6.541
17.670	-1.741	6.522
17.680	-1.746	6.507
17.690	-1.751	6.473
17.700	-1.756	6.448
17.710	-1.761	6.429
17.720	-1.765	6.409
17.730	-1.770	6.380
17.740	-1.775	6.361
17.750	-1.779	6.341
17.760	-1.784	6.326
17.770	-1.788	6.307
17.780	-1.793	6.292
17.790	-1.797	6.277
17.800	-1.802	6.248
17.810	-1.806	6.234
17.820	-1.810	6.214
17.830	-1.814	6.185
17.840	-1.819	6.170
17.850	-1.823	6.146
17.860	-1.827	6.121
17.870	-1.831	6.102
17.880	-1.835	6.092
17.890	-1.839	6.053
17.900	-1.843	6.023
17.910	-1.847	6.004
17.920	-1.850	5.984
17.930	-1.854	5.950
17.940	-1.858	5.931
17.950	-1.862	5.911
17.960	-1.865	5.882
17.970	-1.869	5.852
17.980	-1.872	5.823
17.990	-1.876	5.804
18.000	-1.879	5.774
18.010	-1.883	5.750
18.020	-1.886	5.721
18.030	-1.889	5.701
18.040	-1.893	5.667
18.050	-1.896	5.647
18.060	-1.899	5.613
18.070	-1.902	5.594
18.080	-1.905	5.584
18.090	-1.908	5.569
18.100	-1.911	5.535
18.110	-1.914	5.506
18.120	-1.917	5.476
18.130	-1.920	5.462
18.140	-1.923	5.437
18.150	-1.925	5.418
18.160	-1.928	5.398
18.170	-1.931	5.364
18.180	-1.933	5.349
18.190	-1.936	5.320
18.200	-1.938	5.296
18.210	-1.941	5.271
18.220	-1.943	5.242
18.230	-1.945	5.208
18.240	-1.948	5.193
18.250	-1.950	5.178
18.260	-1.952	5.154
18.270	-1.954	5.100
18.280	-1.956	5.066
18.290	-1.958	5.042
18.300	-1.960	5.017
18.310	-1.962	4.988
18.320	-1.964	4.958
18.330	-1.966	4.924
18.340	-1.968	4.905
18.350	-1.970	4.866
18.360	-1.971	4.846
18.370	-1.973	4.817
18.380	-1.975	4.792
18.390	-1.976	4.763
18.400	-1.978	4.744
18.410	-1.979	4.719
18.420	-1.981	4.690
18.430	-1.982	4.656
18.440	-1.983	4.636
18.450	-1.985	4.607
18.460	-1.986	4.577
18.470	-1.987	4.548
18.480	-1.988	4.519
18.490	-1.989	4.485
18.500	-1.990	4.460
18.510	-1.991	4.431
18.520	-1.992	4.397
18.530	-1.993	4.367
18.540	-1.994	4.338
18.550	-1.994	4.299
18.560	-1.995	4.279
18.570	-1.996	4.240
18.580	-1.996	4.216
18.590	-1.997	4.187
18.600	-1.998	4.152
18.610	-1.998	4.133
18.620	-1.998	4.104
18.630	-1.999	4.074
18.640	-1.999	4.045
18.650	-1.999	4.021
18.660	-2.000	3.991
18.670	-2.000	3.962
18.680	-2.000	3.928
18.690	-2.000	3.903
18.700	-2.000	3.869
18.710	-2.000	3.850
18.720	-2.000	3.815
18.730	-2.000	3.786
18.740	-2.000	3.757
18.750	-1.999	3.723
18.760	-1.999	3.703
18.770	-1.999	3.674
18.780	-1.998	3.644
18.790	-1.998	3.615
18.800	-1.997	3.586
18.810	-1.997	3.556
18.820	-1.996	3.517
18.830	-1.996	3.493
18.840	-1.995	3.459
18.850	-1.994	3.429
18.860	-1.993	3.400
18.870	-1.993	3.366
18.880	-1.992	3.332
18.890	-1.991	3.302
18.900	-1.990	3.283
18.910	-1.989	3.239
18.920	-1.988	3.214
18.930	-1.987	3.190
18.940	-1.985	3.166
18.950	-1.984	3.131
18.960	-1.983	3.107
18.970	-1.982	3.073
18.980	-1.980	3.048
18.990	-1.979	3.024
19.000	-1.977	2.995
19.010	-1.976	2.970
19.020	-1.974	2.941
19.030	-1.973	2.912
19.040	-1.971	2.872
19.050	-1.969	2.853
19.060	-1.967	2.824
19.070	-1.966	2.799
19.080	-1.964	2.765
19.090	-1.962	2.731
19.100	-1.960	2.706
19.110	-1.958	2.677
19.120	-1.956	2.653
19.130	-1.954	2.623
19.140	-1.951	2.589
19.150	-1.949	2.565
19.160	-1.947	2.540
19.170	-1.945	2.516
19.180	-1.942	2.491
19.190	-1.940	2.462
19.200	-1.937	2.443
19.210	-1.935	2.418
19.220	-1.932	2.389
19.230	-1.930	2.364
19.240	-1.927	2.345
19.250	-1.924	2.325
19.260	-1.922	2.286
19.270	-1.919	2.262
19.280	-1.916	2.242
19.290	-1.913	2.208
19.300	-1.910	2.184
19.310	-1.907	2.154
19.320	-1.904	2.130
19.330	-1.901	2.101
19.340	-1.898	2.076
19.350	-1.895	2.057
19.360	-1.892	2.032
19.370	-1.888	2.003
19.380	-1.885	1.974
19.390	-1.882	1.944
19.400	-1.878	1.920
19.410	-1.875	1.886
19.420	-1.871	1.861
19.430	-1.868	1.837
19.440	-1.864	1.808
19.450	-1.860	1.788
19.460	-1.857	1.754
19.470	-1.853	1.739
19.480	-1.849	1.715
19.490	-1.845	1.695
19.500	-1.842	1.671
19.510	-1.838	1.646
19.520	-1.834	1.627
19.530	-1.830	1.607
19.540	-1.826	1.583
19.550	-1.821	1.563
19.560	-1.817	1.529
19.570	-1.813	1.510
19.580	-1.809	1.490
19.590	-1.805	1.470
19.600	-1.800	1.451
19.610	-1.796	1.417
19.620	-1.791	1.392
19.630	-1.787	1.373
19.640	-1.782	1.343
19.650	-1.778	1.324
19.660	-1.773	1.299
19.670	-1.769	1.280
19.680	-1.764	1.255
19.690	-1.759	1.226
19.700	-1.754	1.202
19.710	-1.750	1.177
19.720	-1.745	1.153
19.730	-1.740	1.128
19.740	-1.735	1.099
19.750	-1.730	1.080
19.760	-1.725	1.050
19.770	-1.720	1.036
19.780	-1.715	1.016
19.790	-1.709	0.982
19.800	-1.704	0.967
19.810	-1.699	0.943
19.820	-1.694	0.928
19.830	-1.688	0.909
19.840	-1.683	0.889
19.850	-1.678	0.874
19.860	-1.672	0.855
19.870	-1.667	0.835
19.880	-1.661	0.821
19.890	-1.655	0.796
19.900	-1.650	0.787
19.910	-1.644	0.767
19.920	-1.638	0.743
19.930	-1.633	0.728
19.940	-1.627	0.708
19.950	-1.621	0.684
19.960	-1.615	0.664
19.970	-1.609	0.645
19.980	-1.603	0.630
19.990	-1.597	0.616
20.000	-1.591	0.596
20.010	-1.585	0.576
20.020	-1.579	0.557
20.030	-1.573	0.528
20.040	-1.567	0.508
20.050	-1.560	0.493
20.060	-1.554	0.464
20.070	-1.548	0.445
20.080	-1.542	0.425
20.090	-1.535	0.405
20.100	-1.529	0.386
20.110	-1.522	0.366
20.120	-1.516	0.337
20.130	-1.509	0.318
20.140	-1.503	0.308
20.150	-1.496	0.288
20.160	-1.489	0.274
20.170	-1.483	0.254
20.180	-1.476	0.234
20.190	-1.469	0.220
20.200	-1.462	0.210
20.210	-1.456	0.195
20.220	-1.449	0.181
20.230	-1.442	0.171
20.240	-1.435	0.151
20.250	-1.428	0.142
20.260	-1.421	0.137
20.270	-1.414	0.132
20.280	-1.407	0.117
20.290	-1.399	0.107
20.300	-1.392	0.093
20.310	-1.385	0.078
20.320	-1.378	0.068
20.330	-1.371	0.049
20.340	-1.363	0.044
20.350	-1.356	0.034
20.360	-1.349	0.024
20.370	-1.341	0.020
20.380	-1.334	0.005
20.390	-1.326	-0.015
20.400	-1.319	-0.024
20.410	-1.311	-0.044
20.420	-1.304	-0.054
20.430	-1.296	-0.064
20.440	-1.288	-0.073
20.450	-1.281	-0.083
20.460	-1.273	-0.093
20.470	-1.265	-0.107
20.480	-1.258	-0.122
20.490	-1.250	-0.127
20.500	-1.242	-0.137
20.510	-1.234	-0.147
20.520	-1.226	-0.156
20.530	-1.218	-0.171
20.540	-1.210	-0.181
20.550	-1.202	-0.191
20.560	-1.194	-0.200
20.570	-1.186	-0.210
20.580	-1.178	-0.220
20.590	-1.170	-0.234
20.600	-1.162	-0.239
20.610	-1.154	-0.254
20.620	-1.146	-0.259
20.630	-1.138	-0.264
20.640	-1.129	-0.278
20.650	-1.121	-0.293
20.660	-1.113	-0.303
20.670	-1.104	-0.313
20.680	-1.096	-0.318
20.690	-1.088	-0.327
20.700	-1.079	-0.337
20.710	-1.071	-0.347
20.720	-1.062	-0.357
20.730	-1.054	-0.362
20.740	-1.045	-0.366
20.750	-1.037	-0.371
20.760	-1.028	-0.381
20.770	-1.020	-0.386
20.780	-1.011	-0.396
20.790	-1.002	-0.401
20.800	-0.994	-0.410
20.810	-0.985	-0.415
20.820	-0.976	-0.425
20.830	-0.968	-0.425
20.840	-0.959	-0.430
20.850	-0.950	-0.430
20.860	-0.941	-0.435
20.870	-0.932	-0.435
20.880	-0.924	-0.435
20.890	-0.915	-0.435
20.900	-0.906	-0.435
20.910	-0.897	-0.435
20.920	-0.888	-0.435
20.930	-0.879	-0.435
20.940	-0.870	-0.435
20.950	-0.861	-0.435
20.960	-0.852	-0.435
20.970	-0.843	-0.435
20.980	-0.834	-0.435
20.990	-0.825	-0.435
21.000	-0.816	-0.435
21.010	-0.806	-0.435
21.020	-0.797	-0.435
21.030	-0.788	-0.440
21.040	-0.779	-0.435
21.050	-0.770	-0.435
21.060	-0.760	-0.435
21.070	-0.751	-0.435
21.080	-0.742	-0.435
21.090	-0.733	-0.435
21.100	-0.723	-0.435
21.110	-0.714	-0.435
21.120	-0.705	-0.435
21.130	-0.695	-0.435
21.140	-0.686	-0.435
21.150	-0.676	-0.435
21.160	-0.667	-0.435
21.170	-0.658	-0.435
21.180	-0.648	-0.435
21.190	-0.639	-0.435
21.200	-0.629	-0.435
21.210	-0.620	-0.435
21.220	-0.610	-0.435
21.230	-0.601	-0.435
21.240	-0.591	-0.435
21.250	-0.582	-0.435
21.260	-0.572	-0.435
21.270	-0.562	-0.435
21.280	-0.553	-0.435
21.290	-0.543	-0.435
21.300	-0.534	-0.435
21.310	-0.524	-0.435
21.320	-0.514	-0.435
21.330	-0.505	-0.435
21.340	-0.495	-0.435
21.350	-0.485	-0.435
21.360	-0.475	-0.435
21.370	-0.466	-0.435
21.380	-0.456	-0.435
21.390	-0.446	-0.435
21.400	-0.437	-0.435
21.410	-0.427	-0.435
21.420	-0.417	-0.435
21.430	-0.407	-0.435
21.440	-0.397	-0.435
21.450	-0.388	-0.435
21.460	-0.378	-0.435
21.470	-0.368	-0.435
21.480	-0.358	-0.435
21.490	-0.348	-0.435
21.500	-0.338	-0.435
21.510	-0.329	-0.435
21.520	-0.319	-0.435
21.530	-0.309	-0.435
21.540	-0.299	-0.435
21.550	-0.289	-0.435
21.560	-0.279	-0.435
21.570	-0.269	-0.435
21.580	-0.259	-0.435
21.590	-0.249	-0.435
21.600	-0.240	-0.435
21.610	-0.230	-0.435
21.620	-0.220	-0.435
21.630	-0.210	-0.435
21.640	-0.200	-0.435
21.650	-0.190	-0.435
21.660	-0.180	-0.435
21.670	-0.170	-0.435
21.680	-0.160	-0.435
21.690	-0.150	-0.435
21.700	-0.140	-0.435
21.710	-0.130	-0.435
21.720	-0.120	-0.435
21.730	-0.110	-0.435
21.740	-0.100	-0.435
21.750	-0.090	-0.435
21.760	-0.080	-0.435
21.770	-0.070	-0.440
21.780	-0.060	-0.435
21.790	-0.050	-0.435
21.800	-0.040	-0.435
21.810	-0.030	-0.435
21.820	-0.020	-0.440
21.830	-0.010	-0.435
21.840	-0.000	-0.435
21.850	0.010	-0.435
21.860	0.020	-0.435
21.870	0.030	-0.435
21.880	0.040	-0.435
21.890	0.050	-0.435
21.900	0.060	-0.435
21.910	0.070	-0.435
21.920	0.080	-0.435
21.930	0.090	-0.435
21.940	0.100	-0.435
21.950	0.110	-0.435
21.960	0.120	-0.435
21.970	0.130	-0.435
21.980	0.140	-0.435
21.990	0.150	-0.435
22.000	0.160	-0.435
22.010	0.170	-0.435
22.020	0.180	-0.435
22.030	0.190	-0.440
22.040	0.200	-0.435
22.050	0.210	-0.435
22.060	0.219	-0.435
22.070	0.229	-0.435
22.080	0.239	-0.435
22.090	0.249	-0.435
22.100	0.259	-0.435
22.110	0.269	-0.435
22.120	0.279	-0.435
22.130	0.289	-0.435
22.140	0.299	-0.435
22.150	0.309	-0.435
22.160	0.319	-0.435
22.170	0.328	-0.435
22.180	0.338	-0.435
22.190	0.348	-0.440
22.200	0.358	-0.435
22.210	0.368	-0.435
22.220	0.378	-0.435
22.230	0.387	-0.435
22.240	0.397	-0.435
22.250	0.407	-0.435
22.260	0.417	-0.435
22.270	0.427	-0.435
22.280	0.436	-0.435
22.290	0.446	-0.435
22.300	0.456	-0.435
22.310	0.466	-0.435
22.320	0.475	-0.435
22.330	0.485	-0.435
22.340	0.495	-0.440
22.350	0.504	-0.435
22.360	0.514	-0.435
22.370	0.524	-0.435
22.380	0.533	-0.435
22.390	0.543	-0.435
22.400	0.553	-0.435
22.410	0.562	-0.435
22.420	0.572	-0.435
22.430	0.581	-0.435
22.440	0.591	-0.435
22.450	0.601	-0.435
22.460	0.610	-0.435
22.470	0.620	-0.435
22.480	0.629	-0.435
22.490	0.639	-0.435
22.500	0.648	-0.435
22.510	0.657	-0.435
22.520	0.667	-0.435
22.530	0.676	-0.435
22.540	0.686	-0.430
22.550	0.695	-0.435
22.560	0.704	-0.430
22.570	0.714	-0.430
22.580	0.723	-0.430
22.590	0.732	-0.430
22.600	0.742	-0.430
22.610	0.751	-0.430
22.620	0.760	-0.430
22.630	0.770	-0.430
22.640	0.779	-0.430
22.650	0.788	-0.425
22.660	0.797	-0.430
22.670	0.806	-0.425
22.680	0.815	-0.425
22.690	0.825	-0.425
22.700	0.834	-0.425
22.710	0.843	-0.420
22.720	0.852	-0.420
22.730	0.861	-0.415
22.740	0.870	-0.410
22.750	0.879	-0.405
22.760	0.888	-0.405
22.770	0.897	-0.396
22.780	0.906	-0.396
22.790	0.915	-0.391
22.800	0.923	-0.386
22.810	0.932	-0.386
22.820	0.941	-0.386
22.830	0.950	-0.381
22.840	0.959	-0.381
22.850	0.968	-0.381
22.860	0.976	-0.376
22.870	0.985	-0.376
22.880	0.994	-0.376
22.890	1.002	-0.376
22.900	1.011	-0.376
22.910	1.020	-0.376
22.920	1.028	-0.376
22.930	1.037	-0.376
22.940	1.045	-0.376
22.950	1.054	-0.376
22.960	1.062	-0.376
22.970	1.071	-0.371
22.980	1.079	-0.376
22.990	1.088	-0.376
23.000	1.096	-0.376
23.010	1.104	-0.371
23.020	1.113	-0.371
23.030	1.121	-0.371
23.040	1.129	-0.371
23.050	1.137	-0.362
23.060	1.146	-0.357
23.070	1.154	-0.352
23.080	1.162	-0.347
23.090	1.170	-0.337
23.100	1.178	-0.327
23.110	1.186	-0.318
23.120	1.194	-0.313
23.130	1.202	-0.308
23.140	1.210	-0.293
23.150	1.218	-0.288
23.160	1.226	-0.278
23.170	1.234	-0.269
23.180	1.242	-0.264
23.190	1.250	-0.254
23.200	1.258	-0.244
23.210	1.265	-0.230
23.220	1.273	-0.215
23.230	1.281	-0.210
23.240	1.288	-0.195
23.250	1.296	-0.186
23.260	1.304	-0.171
23.270	1.311	-0.156
23.280	1.319	-0.147
23.290	1.326	-0.132
23.300	1.334	-0.122
23.310	1.341	-0.112
23.320	1.349	-0.103
23.330	1.356	-0.088
23.340	1.363	-0.083
23.350	1.371	-0.073
23.360	1.378	-0.059
23.370	1.385	-0.049
23.380	1.392	-0.044
23.390	1.399	-0.029
23.400	1.407	-0.020
23.410	1.414	-0.010
23.420	1.421	0.005
23.430	1.428	0.020
23.440	1.435	0.020
23.450	1.442	0.034
23.460	1.449	0.039
23.470	1.455	0.044
23.480	1.462	0.054
23.490	1.469	0.068
23.500	1.476	0.078
23.510	1.483	0.088
23.520	1.489	0.107
23.530	1.496	0.117
23.540	1.503	0.127
23.550	1.509	0.137
23.560	1.516	0.142
23.570	1.522	0.151
23.580	1.529	0.166
23.590	1.535	0.181
23.600	1.541	0.195
23.610	1.548	0.210
23.620	1.554	0.225
23.630	1.560	0.239
23.640	1.567	0.259
23.650	1.573	0.278
23.660	1.579	0.293
23.670	1.585	0.313
23.680	1.591	0.327
23.690	1.597	0.337
23.700	1.603	0.366
23.710	1.609	0.386
23.720	1.615	0.405
23.730	1.621	0.425
23.740	1.627	0.435
23.750	1.633	0.464
23.760	1.638	0.484
23.770	1.644	0.503
23.780	1.650	0.513
23.790	1.655	0.537
23.800	1.661	0.567
23.810	1.667	0.591
23.820	1.672	0.601
23.830	1.677	0.620
23.840	1.683	0.640
23.850	1.688	0.660
23.860	1.694	0.679
23.870	1.699	0.703
23.880	1.704	0.728
23.890	1.709	0.743
23.900	1.715	0.767
23.910	1.720	0.787
23.920	1.725	0.801
23.930	1.730	0.821
23.940	1.735	0.840
23.950	1.740	0.855
23.960	1.745	0.874
23.970	1.750	0.899
23.980	1.754	0.914
23.990	1.759	0.933
24.000	1.764	0.957
24.010	1.769	0.972
24.020	1.773	0.987
24.030	1.778	1.021
24.040	1.782	1.041
24.050	1.787	1.060
24.060	1.791	1.085
24.070	1.796	1.104
24.080	1.800	1.133
24.090	1.805	1.153
24.100	1.809	1.172
24.110	1.813	1.197
24.120	1.817	1.221
24.130	1.821	1.251
24.140	1.825	1.270
24.150	1.830	1.295
24.160	1.834	1.319
24.170	1.838	1.339
24.180	1.841	1.373
24.190	1.845	1.392
24.200	1.849	1.422
24.210	1.853	1.456
24.220	1.857	1.485
24.230	1.860	1.500
24.240	1.864	1.524
24.250	1.868	1.558
24.260	1.871	1.583
24.270	1.875	1.607
24.280	1.878	1.627
24.290	1.882	1.656
24.300	1.885	1.681
24.310	1.888	1.705
24.320	1.892	1.729
24.330	1.895	1.749
24.340	1.898	1.759
24.350	1.901	1.788
24.360	1.904	1.817
24.370	1.907	1.842
24.380	1.910	1.861
24.390	1.913	1.881
24.400	1.916	1.915
24.410	1.919	1.939
24.420	1.922	1.959
24.430	1.924	1.993
24.440	1.927	2.018
24.450	1.930	2.047
24.460	1.932	2.071
24.470	1.935	2.096
24.480	1.937	2.125
24.490	1.940	2.159
24.500	1.942	2.193
24.510	1.945	2.208
24.520	1.947	2.252
24.530	1.949	2.272
24.540	1.951	2.306
24.550	1.954	2.340
24.560	1.956	2.360
24.570	1.958	2.379
24.580	1.960	2.408
24.590	1.962	2.438
24.600	1.964	2.457
24.610	1.966	2.491
24.620	1.967	2.516
24.630	1.969	2.540
24.640	1.971	2.560
24.650	1.973	2.589
24.660	1.974	2.623
24.670	1.976	2.653
24.680	1.977	2.672
24.690	1.979	2.697
24.700	1.980	2.726
24.710	1.982	2.755
24.720	1.983	2.785
24.730	1.984	2.814
24.740	1.985	2.843
24.750	1.987	2.868
24.760	1.988	2.892
24.770	1.989	2.926
24.780	1.990	2.960
24.790	1.991	2.990
24.800	1.992	3.019
24.810	1.993	3.048
24.820	1.993	3.078
24.830	1.994	3.112
24.840	1.995	3.136
24.850	1.996	3.166
24.860	1.996	3.200
24.870	1.997	3.224
24.880	1.997	3.249
24.890	1.998	3.288
24.900	1.998	3.312
24.910	1.999	3.346
24.920	1.999	3.376
24.930	1.999	3.405
24.940	2.000	3.425
24.950	2.000	3.459
24.960	2.000	3.488
24.970	2.000	3.508
24.980	2.000	3.547
24.990	2.000	3.576
25.000	2.000	3.605
25.010	2.000	3.639
25.020	2.000	3.664
25.030	1.999	3.703
25.040	1.999	3.727
25.050	1.999	3.757
25.060	1.998	3.796
25.070	1.998	3.820
25.080	1.998	3.854
25.090	1.997	3.879
25.100	1.997	3.908
25.110	1.996	3.942
25.120	1.995	3.972
25.130	1.995	4.001
25.140	1.994	4.030
25.150	1.993	4.055
25.160	1.992	4.084
25.170	1.991	4.123
25.180	1.990	4.143
25.190	1.989	4.162
25.200	1.988	4.191
25.210	1.987	4.226
25.220	1.986	4.255
25.230	1.985	4.284
25.240	1.983	4.314
25.250	1.982	4.343
25.260	1.981	4.377
25.270	1.979	4.402
25.280	1.978	4.441
25.290	1.976	4.465
25.300	1.975	4.504
25.310	1.973	4.533
25.320	1.971	4.573
25.330	1.970	4.597
25.340	1.968	4.631
25.350	1.966	4.656
25.360	1.964	4.690
25.370	1.962	4.719
25.380	1.960	4.739
25.390	1.958	4.763
25.400	1.956	4.787
25.410	1.954	4.817
25.420	1.952	4.851
25.430	1.950	4.871
25.440	1.948	4.910
25.450	1.945	4.929
25.460	1.943	4.963
25.470	1.941	4.988
25.480	1.938	5.022
25.490	1.936	5.046
25.500	1.933	5.071
25.510	1.931	5.105
25.520	1.928	5.154
25.530	1.925	5.173
25.540	1.923	5.193
25.550	1.920	5.208
25.560	1.917	5.242
25.570	1.914	5.276
25.580	1.911	5.300
25.590	1.908	5.335
25.600	1.905	5.359
25.610	1.902	5.398
25.620	1.899	5.408
25.630	1.896	5.437
25.640	1.893	5.457
25.650	1.889	5.481
25.660	1.886	5.511
25.670	1.883	5.540
25.680	1.879	5.574
25.690	1.876	5.589
25.700	1.872	5.608
25.710	1.869	5.642
25.720	1.865	5.662
25.730	1.862	5.691
25.740	1.858	5.711
25.750	1.854	5.745
25.760	1.850	5.765
25.770	1.847	5.789
25.780	1.843	5.818
25.790	1.839	5.843
25.800	1.835	5.867
25.810	1.831	5.896
25.820	1.827	5.916
25.830	1.823	5.936
25.840	1.819	5.960
25.850	1.814	5.994
25.860	1.810	6.014
25.870	1.806	6.043
25.880	1.802	6.082
25.890	1.797	6.102
25.900	1.793	6.126
25.910	1.788	6.155
25.920	1.784	6.180
25.930	1.779	6.209
25.940	1.775	6.229
25.950	1.770	6.253
25.960	1.765	6.287
25.970	1.761	6.292
25.980	1.756	6.312
25.990	1.751	6.331
26.000	1.746	6.351
26.010	1.741	6.375
26.020	1.736	6.395
26.030	1.731	6.419
26.040	1.726	6.444
26.050	1.721	6.468
26.060	1.716	6.492
26.070	1.711	6.522
26.080	1.706	6.536
26.090	1.701	6.561
26.100	1.695	6.571
26.110	1.690	6.590
26.120	1.685	6.624
26.130	1.679	6.654
26.140	1.674	6.668
26.150	1.668	6.688
26.160	1.663	6.717
26.170	1.657	6.737
26.180	1.652	6.761
26.190	1.646	6.781
26.200	1.640	6.810
26.210	1.635	6.834
26.220	1.629	6.849
26.230	1.623	6.869
26.240	1.617	6.888
26.250	1.611	6.917
26.260	1.605	6.932
26.270	1.599	6.957
26.280	1.593	6.966
26.290	1.587	6.996
26.300	1.581	7.015
26.310	1.575	7.035
26.320	1.569	7.044
26.330	1.562	7.059
26.340	1.556	7.064
26.350	1.550	7.079
26.360	1.544	7.093
26.370	1.537	7.118
26.380	1.531	7.132
26.390	1.524	7.142
26.400	1.518	7.157
26.410	1.511	7.191
26.420	1.505	7.201
26.430	1.498	7.211
26.440	1.491	7.230
26.450	1.485	7.255
26.460	1.478	7.284
26.470	1.471	7.294
26.480	1.465	7.308
26.490	1.458	7.313
26.500	1.451	7.333
26.510	1.444	7.352
26.520	1.437	7.367
26.530	1.430	7.391
26.540	1.423	7.411
26.550	1.416	7.430
26.560	1.409	7.440
26.570	1.402	7.450
26.580	1.395	7.465
26.590	1.387	7.489
26.600	1.380	7.504
26.610	1.373	7.513
26.620	1.366	7.538
26.630	1.358	7.548
26.640	1.351	7.567
26.650	1.344	7.582
26.660	1.336	7.601
26.670	1.329	7.626
26.680	1.321	7.645
26.690	1.314	7.655
26.700	1.306	7.670
26.710	1.299	7.684
26.720	1.291	7.694
26.730	1.283	7.699
26.740	1.276	7.699
26.750	1.268	7.709
26.760	1.260	7.723
26.770	1.252	7.733
26.780	1.245	7.743
26.790	1.237	7.743
26.800	1.229	7.758
26.810	1.221	7.758
26.820	1.213	7.772
26.830	1.205	7.787
26.840	1.197	7.792
26.850	1.189	7.802
26.860	1.181	7.811
26.870	1.173	7.816
26.880	1.165	7.831
26.890	1.157	7.831
26.900	1.148	7.836
26.910	1.140	7.836
26.920	1.132	7.836
26.930	1.124	7.836
26.940	1.115	7.831
26.950	1.107	7.836
26.960	1.099	7.831
26.970	1.090	7.836
26.980	1.082	7.836
26.990	1.074	7.836
27.000	1.065	7.836
27.010	1.057	7.836
27.020	1.048	7.836
27.030	1.040	7.836
27.040	1.031	7.836
27.050	1.022	7.836
27.060	1.014	7.836
27.070	1.005	7.836
27.080	0.997	7.836
27.090	0.988	7.836
27.100	0.979	7.836
27.110	0.970	7.836
27.120	0.962	7.836
27.130	0.953	7.836
27.140	0.944	7.836
