0.010	0.200	-3.405
0.020	0.240	-3.405
0.030	0.280	-3.410
0.040	0.319	-3.410
0.050	0.359	-3.410
0.060	0.398	-3.405
0.070	0.437	-3.405
0.080	0.476	-3.405
0.090	0.515	-3.410
0.100	0.553	-3.405
0.110	0.592	-3.410
0.120	0.630	-3.405
0.130	0.668	-3.410
0.140	0.705	-3.410
0.150	0.743	-3.410
0.160	0.780	-3.405
0.170	0.816	-3.405
0.180	0.853	-3.405
0.190	0.889	-3.405
0.200	0.924	-3.400
0.210	0.959	-3.400
0.220	0.994	-3.400
0.230	1.029	-3.400
0.240	1.063	-3.395
0.250	1.097	-3.395
0.260	1.130	-3.390
0.270	1.163	-3.390
0.280	1.195	-3.385
0.290	1.227	-3.381
0.300	1.258	-3.376
0.310	1.289	-3.366
0.320	1.319	-3.356
0.330	1.349	-3.346
0.340	1.378	-3.337
0.350	1.407	-3.322
0.360	1.435	-3.312
0.370	1.463	-3.298
0.380	1.490	-3.288
0.390	1.516	-3.278
0.400	1.542	-3.268
0.410	1.567	-3.249
0.420	1.592	-3.224
0.430	1.616	-3.214
0.440	1.639	-3.195
0.450	1.661	-3.161
0.460	1.683	-3.151
0.470	1.705	-3.136
0.480	1.725	-3.112
0.490	1.745	-3.087
0.500	1.764	-3.078
0.510	1.783	-3.058
0.520	1.801	-3.034
0.530	1.818	-3.019
0.540	1.834	-3.004
0.550	1.849	-2.985
0.560	1.864	-2.970
0.570	1.878	-2.941
0.580	1.892	-2.921
0.590	1.904	-2.907
0.600	1.916	-2.887
0.610	1.927	-2.868
0.620	1.938	-2.843
0.630	1.947	-2.829
0.640	1.956	-2.799
0.650	1.964	-2.775
0.660	1.971	-2.750
0.670	1.977	-2.731
0.680	1.983	-2.711
0.690	1.988	-2.677
0.700	1.992	-2.648
0.710	1.995	-2.633
0.720	1.997	-2.599
0.730	1.999	-2.574
0.740	2.000	-2.540
0.750	2.000	-2.506
0.760	1.999	-2.482
0.770	1.998	-2.457
0.780	1.995	-2.423
0.790	1.992	-2.399
0.800	1.988	-2.364
0.810	1.983	-2.340
0.820	1.978	-2.316
0.830	1.971	-2.286
0.840	1.964	-2.252
0.850	1.956	-2.223
0.860	1.948	-2.208
0.870	1.938	-2.169
0.880	1.928	-2.149
0.890	1.917	-2.115
0.900	1.905	-2.096
0.910	1.892	-2.057
0.920	1.879	-2.042
0.930	1.865	-2.027
0.940	1.850	-1.983
0.950	1.835	-1.954
0.960	1.818	-1.930
0.970	1.801	-1.905
0.980	1.784	-1.886
0.990	1.765	-1.856
1.000	1.746	-1.842
1.010	1.726	-1.808
1.020	1.705	-1.788
1.030	1.684	-1.773
1.040	1.662	-1.739
1.050	1.640	-1.720
1.060	1.617	-1.700
1.070	1.593	-1.681
1.080	1.568	-1.656
1.090	1.543	-1.632
1.100	1.517	-1.612
1.110	1.491	-1.593
1.120	1.464	-1.573
1.130	1.436	-1.558
1.140	1.408	-1.539
1.150	1.380	-1.519
1.160	1.350	-1.505
1.170	1.321	-1.500
1.180	1.290	-1.480
1.190	1.259	-1.466
1.200	1.228	-1.461
1.210	1.196	-1.451
1.220	1.164	-1.441
1.230	1.131	-1.426
1.240	1.098	-1.422
1.250	1.064	-1.412
1.260	1.030	-1.402
1.270	0.996	-1.397
1.280	0.961	-1.392
1.290	0.926	-1.383
1.300	0.890	-1.378
1.310	0.854	-1.368
1.320	0.818	-1.368
1.330	0.781	-1.368
1.340	0.744	-1.368
1.350	0.707	-1.368
1.360	0.669	-1.368
1.370	0.631	-1.368
1.380	0.593	-1.368
1.390	0.555	-1.368
1.400	0.517	-1.368
1.410	0.478	-1.368
1.420	0.439	-1.368
1.430	0.400	-1.368
1.440	0.360	-1.368
1.450	0.321	-1.368
1.460	0.282	-1.368
1.470	0.242	-1.368
1.480	0.202	-1.368
1.490	0.162	-1.368
1.500	0.122	-1.368
1.510	0.082	-1.368
1.520	0.042	-1.368
1.530	0.002	-1.368
1.540	-0.038	-1.368
1.550	-0.078	-1.368
1.560	-0.117	-1.368
1.570	-0.157	-1.368
1.580	-0.197	-1.368
1.590	-0.237	-1.368
1.600	-0.277	-1.368
1.610	-0.316	-1.368
1.620	-0.356	-1.368
1.630	-0.395	-1.368
1.640	-0.434	-1.368
1.650	-0.473	-1.368
1.660	-0.512	-1.368
1.670	-0.550	-1.368
1.680	-0.589	-1.368
1.690	-0.627	-1.368
1.700	-0.665	-1.368
1.710	-0.702	-1.368
1.720	-0.740	-1.373
1.730	-0.777	-1.373
1.740	-0.813	-1.378
1.750	-0.850	-1.383
1.760	-0.886	-1.387
1.770	-0.921	-1.383
1.780	-0.957	-1.387
1.790	-0.992	-1.392
1.800	-1.026	-1.397
1.810	-1.060	-1.402
1.820	-1.094	-1.402
1.830	-1.127	-1.407
1.840	-1.160	-1.412
1.850	-1.192	-1.422
1.860	-1.224	-1.422
1.870	-1.256	-1.422
1.880	-1.287	-1.431
1.890	-1.317	-1.441
1.900	-1.347	-1.441
1.910	-1.376	-1.451
1.920	-1.405	-1.466
1.930	-1.433	-1.475
1.940	-1.461	-1.495
1.950	-1.488	-1.500
1.960	-1.514	-1.519
1.970	-1.540	-1.529
1.980	-1.565	-1.544
1.990	-1.590	-1.558
2.000	-1.614	-1.578
2.010	-1.637	-1.597
2.020	-1.660	-1.617
2.030	-1.682	-1.632
2.040	-1.703	-1.656
2.050	-1.724	-1.671
2.060	-1.744	-1.695
2.070	-1.763	-1.710
2.080	-1.781	-1.724
2.090	-1.799	-1.749
2.100	-1.816	-1.773
2.110	-1.833	-1.788
2.120	-1.848	-1.803
2.130	-1.863	-1.837
2.140	-1.877	-1.856
2.150	-1.891	-1.891
2.160	-1.903	-1.910
2.170	-1.915	-1.935
2.180	-1.926	-1.969
2.190	-1.937	-1.993
2.200	-1.946	-2.032
2.210	-1.955	-2.047
2.220	-1.963	-2.076
2.230	-1.970	-2.106
2.240	-1.977	-2.125
2.250	-1.983	-2.159
2.260	-1.987	-2.179
2.270	-1.992	-2.218
2.280	-1.995	-2.228
2.290	-1.997	-2.262
2.300	-1.999	-2.296
2.310	-2.000	-2.320
2.320	-2.000	-2.345
2.330	-1.999	-2.374
2.340	-1.998	-2.404
2.350	-1.995	-2.423
2.360	-1.992	-2.462
2.370	-1.988	-2.482
2.380	-1.984	-2.511
2.390	-1.978	-2.545
2.400	-1.972	-2.574
2.410	-1.965	-2.604
2.420	-1.957	-2.638
2.430	-1.948	-2.653
2.440	-1.939	-2.692
2.450	-1.929	-2.721
2.460	-1.918	-2.745
2.470	-1.906	-2.770
2.480	-1.893	-2.799
2.490	-1.880	-2.829
2.500	-1.866	-2.848
2.510	-1.851	-2.882
2.520	-1.836	-2.907
2.530	-1.820	-2.916
2.540	-1.803	-2.946
2.550	-1.785	-2.970
2.560	-1.767	-2.995
2.570	-1.747	-3.019
2.580	-1.728	-3.034
2.590	-1.707	-3.063
2.600	-1.686	-3.087
2.610	-1.664	-3.102
2.620	-1.642	-3.131
2.630	-1.618	-3.151
2.640	-1.595	-3.161
2.650	-1.570	-3.200
2.660	-1.545	-3.214
2.670	-1.519	-3.234
2.680	-1.493	-3.258
2.690	-1.466	-3.273
2.700	-1.439	-3.288
2.710	-1.411	-3.302
2.720	-1.382	-3.322
2.730	-1.353	-3.341
2.740	-1.323	-3.361
2.750	-1.293	-3.371
2.760	-1.262	-3.385
2.770	-1.231	-3.400
2.780	-1.199	-3.405
2.790	-1.167	-3.420
2.800	-1.134	-3.439
2.810	-1.101	-3.449
2.820	-1.067	-3.468
2.830	-1.033	-3.473
2.840	-0.999	-3.478
2.850	-0.964	-3.483
2.860	-0.929	-3.488
2.870	-0.893	-3.493
2.880	-0.857	-3.493
2.890	-0.821	-3.498
2.900	-0.784	-3.498
2.910	-0.747	-3.503
2.920	-0.710	-3.503
2.930	-0.672	-3.503
2.940	-0.634	-3.503
2.950	-0.596	-3.498
2.960	-0.558	-3.503
2.970	-0.520	-3.503
2.980	-0.481	-3.503
2.990	-0.442	-3.503
3.000	-0.403	-3.503
3.010	-0.364	-3.503
3.020	-0.324	-3.503
3.030	-0.285	-3.503
3.040	-0.245	-3.498
3.050	-0.205	-3.498
3.060	-0.165	-3.498
3.070	-0.126	-3.503
3.080	-0.086	-3.503
3.090	-0.046	-3.503
3.100	-0.006	-3.503
3.110	0.034	-3.503
3.120	0.074	-3.503
3.130	0.114	-3.503
3.140	0.154	-3.503
3.150	0.194	-3.503
3.160	0.234	-3.503
3.170	0.274	-3.498
3.180	0.313	-3.503
3.190	0.353	-3.503
3.200	0.392	-3.503
3.210	0.431	-3.503
3.220	0.470	-3.503
3.230	0.509	-3.503
3.240	0.547	-3.503
3.250	0.586	-3.503
3.260	0.624	-3.503
3.270	0.662	-3.503
3.280	0.699	-3.503
3.290	0.737	-3.503
3.300	0.774	-3.503
3.310	0.810	-3.503
3.320	0.847	-3.498
3.330	0.883	-3.498
3.340	0.919	-3.498
3.350	0.954	-3.493
3.360	0.989	-3.493
3.370	1.023	-3.493
3.380	1.058	-3.493
3.390	1.091	-3.488
3.400	1.125	-3.488
3.410	1.157	-3.483
3.420	1.190	-3.483
3.430	1.222	-3.488
3.440	1.253	-3.483
3.450	1.284	-3.478
3.460	1.315	-3.473
3.470	1.344	-3.459
3.480	1.374	-3.449
3.490	1.403	-3.439
3.500	1.431	-3.415
3.510	1.458	-3.405
3.520	1.486	-3.400
3.530	1.512	-3.395
3.540	1.538	-3.381
3.550	1.563	-3.366
3.560	1.588	-3.356
3.570	1.612	-3.337
3.580	1.635	-3.322
3.590	1.658	-3.307
3.600	1.680	-3.288
3.610	1.701	-3.273
3.620	1.722	-3.258
3.630	1.742	-3.234
3.640	1.761	-3.210
3.650	1.780	-3.195
3.660	1.798	-3.156
3.670	1.815	-3.146
3.680	1.831	-3.127
3.690	1.847	-3.092
3.700	1.862	-3.078
3.710	1.876	-3.053
3.720	1.890	-3.029
3.730	1.902	-3.019
3.740	1.914	-2.995
3.750	1.926	-2.975
3.760	1.936	-2.956
3.770	1.946	-2.926
3.780	1.955	-2.907
3.790	1.963	-2.892
3.800	1.970	-2.872
3.810	1.976	-2.843
3.820	1.982	-2.824
3.830	1.987	-2.794
3.840	1.991	-2.765
3.850	1.995	-2.741
3.860	1.997	-2.721
3.870	1.999	-2.697
3.880	2.000	-2.662
3.890	2.000	-2.643
3.900	1.999	-2.614
3.910	1.998	-2.589
3.920	1.996	-2.570
3.930	1.993	-2.526
3.940	1.989	-2.496
3.950	1.984	-2.472
3.960	1.979	-2.433
3.970	1.972	-2.408
3.980	1.965	-2.384
3.990	1.958	-2.350
4.000	1.949	-2.335
4.010	1.940	-2.306
4.020	1.929	-2.277
4.030	1.919	-2.237
4.040	1.907	-2.223
4.050	1.894	-2.203
4.060	1.881	-2.164
4.070	1.867	-2.145
4.080	1.853	-2.110
4.090	1.837	-2.091
4.100	1.821	-2.052
4.110	1.804	-2.042
4.120	1.786	-2.027
4.130	1.768	-1.988
4.140	1.749	-1.959
4.150	1.729	-1.935
4.160	1.709	-1.915
4.170	1.688	-1.900
4.180	1.666	-1.871
4.190	1.643	-1.842
4.200	1.620	-1.837
4.210	1.597	-1.803
4.220	1.572	-1.788
4.230	1.547	-1.773
4.240	1.521	-1.749
4.250	1.495	-1.724
4.260	1.468	-1.710
4.270	1.441	-1.695
4.280	1.413	-1.676
4.290	1.384	-1.656
4.300	1.355	-1.637
4.310	1.325	-1.622
4.320	1.295	-1.607
4.330	1.264	-1.588
4.340	1.233	-1.578
4.350	1.201	-1.563
4.360	1.169	-1.558
4.370	1.137	-1.549
4.380	1.103	-1.544
4.390	1.070	-1.529
4.400	1.036	-1.524
4.410	1.001	-1.519
4.420	0.967	-1.514
4.430	0.931	-1.505
4.440	0.896	-1.505
4.450	0.860	-1.505
4.460	0.824	-1.500
4.470	0.787	-1.500
4.480	0.750	-1.500
4.490	0.713	-1.500
4.500	0.675	-1.500
4.510	0.638	-1.500
4.520	0.599	-1.500
4.530	0.561	-1.500
4.540	0.523	-1.500
4.550	0.484	-1.500
4.560	0.445	-1.500
4.570	0.406	-1.500
4.580	0.367	-1.500
4.590	0.327	-1.500
4.600	0.288	-1.500
4.610	0.248	-1.500
4.620	0.208	-1.500
4.630	0.169	-1.500
4.640	0.129	-1.500
4.650	0.089	-1.500
4.660	0.049	-1.500
4.670	0.009	-1.500
4.680	-0.031	-1.500
4.690	-0.071	-1.500
4.700	-0.111	-1.500
4.710	-0.151	-1.500
4.720	-0.191	-1.500
4.730	-0.231	-1.500
4.740	-0.270	-1.500
4.750	-0.310	-1.500
4.760	-0.349	-1.500
4.770	-0.389	-1.495
4.780	-0.428	-1.495
4.790	-0.467	-1.500
4.800	-0.506	-1.500
4.810	-0.544	-1.500
4.820	-0.583	-1.500
4.830	-0.621	-1.500
4.840	-0.659	-1.500
4.850	-0.696	-1.500
4.860	-0.734	-1.500
4.870	-0.771	-1.500
4.880	-0.807	-1.500
4.890	-0.844	-1.500
4.900	-0.880	-1.500
4.910	-0.916	-1.500
4.920	-0.951	-1.500
4.930	-0.986	-1.505
4.940	-1.021	-1.510
4.950	-1.055	-1.519
4.960	-1.089	-1.519
4.970	-1.122	-1.529
4.980	-1.155	-1.534
4.990	-1.187	-1.539
5.000	-1.219	-1.544
5.010	-1.251	-1.558
5.020	-1.282	-1.568
5.030	-1.312	-1.578
5.040	-1.342	-1.593
5.050	-1.371	-1.607
5.060	-1.400	-1.617
5.070	-1.429	-1.627
5.080	-1.456	-1.637
5.090	-1.483	-1.656
5.100	-1.510	-1.671
5.110	-1.536	-1.685
5.120	-1.561	-1.700
5.130	-1.586	-1.715
5.140	-1.610	-1.724
5.150	-1.633	-1.739
5.160	-1.656	-1.759
5.170	-1.678	-1.778
5.180	-1.700	-1.793
5.190	-1.720	-1.808
5.200	-1.740	-1.837
5.210	-1.760	-1.851
5.220	-1.778	-1.876
5.230	-1.796	-1.905
5.240	-1.814	-1.925
5.250	-1.830	-1.944
5.260	-1.846	-1.974
5.270	-1.861	-2.003
5.280	-1.875	-2.032
5.290	-1.889	-2.047
5.300	-1.901	-2.066
5.310	-1.913	-2.106
5.320	-1.925	-2.120
5.330	-1.935	-2.149
5.340	-1.945	-2.169
5.350	-1.954	-2.203
5.360	-1.962	-2.223
5.370	-1.969	-2.242
5.380	-1.976	-2.272
5.390	-1.982	-2.301
5.400	-1.987	-2.325
5.410	-1.991	-2.345
5.420	-1.994	-2.379
5.430	-1.997	-2.404
5.440	-1.999	-2.428
5.450	-2.000	-2.462
5.460	-2.000	-2.491
5.470	-1.999	-2.521
5.480	-1.998	-2.555
5.490	-1.996	-2.584
5.500	-1.993	-2.609
5.510	-1.989	-2.638
5.520	-1.984	-2.662
5.530	-1.979	-2.706
5.540	-1.973	-2.731
5.550	-1.966	-2.755
5.560	-1.958	-2.780
5.570	-1.950	-2.819
5.580	-1.940	-2.838
5.590	-1.930	-2.868
5.600	-1.919	-2.892
5.610	-1.908	-2.912
5.620	-1.895	-2.936
5.630	-1.882	-2.970
5.640	-1.868	-2.995
5.650	-1.854	-3.024
5.660	-1.838	-3.039
5.670	-1.822	-3.073
5.680	-1.805	-3.087
5.690	-1.788	-3.122
5.700	-1.770	-3.146
5.710	-1.751	-3.161
5.720	-1.731	-3.200
5.730	-1.710	-3.214
5.740	-1.689	-3.244
5.750	-1.668	-3.268
5.760	-1.645	-3.283
5.770	-1.622	-3.302
5.780	-1.598	-3.327
5.790	-1.574	-3.351
5.800	-1.549	-3.371
5.810	-1.523	-3.390
5.820	-1.497	-3.405
5.830	-1.470	-3.425
5.840	-1.443	-3.449
5.850	-1.415	-3.473
5.860	-1.387	-3.488
5.870	-1.357	-3.503
5.880	-1.328	-3.512
5.890	-1.298	-3.522
5.900	-1.267	-3.547
5.910	-1.236	-3.556
5.920	-1.204	-3.561
5.930	-1.172	-3.576
5.940	-1.139	-3.586
5.950	-1.106	-3.591
5.960	-1.073	-3.596
5.970	-1.039	-3.600
5.980	-1.004	-3.605
5.990	-0.969	-3.610
6.000	-0.934	-3.610
6.010	-0.899	-3.610
6.020	-0.863	-3.610
6.030	-0.826	-3.610
6.040	-0.790	-3.610
6.050	-0.753	-3.610
6.060	-0.716	-3.610
6.070	-0.678	-3.610
6.080	-0.641	-3.610
6.090	-0.603	-3.610
6.100	-0.564	-3.610
6.110	-0.526	-3.610
6.120	-0.487	-3.610
6.130	-0.448	-3.610
6.140	-0.409	-3.610
6.150	-0.370	-3.610
6.160	-0.330	-3.610
6.170	-0.291	-3.610
6.180	-0.251	-3.610
6.190	-0.212	-3.610
6.200	-0.172	-3.610
6.210	-0.132	-3.610
6.220	-0.092	-3.610
6.230	-0.052	-3.610
6.240	-0.012	-3.610
6.250	0.028	-3.610
6.260	0.068	-3.610
6.270	0.108	-3.610
6.280	0.148	-3.610
6.290	0.188	-3.610
6.300	0.227	-3.610
6.310	0.267	-3.610
6.320	0.307	-3.610
6.330	0.346	-3.610
6.340	0.386	-3.610
6.350	0.425	-3.610
6.360	0.464	-3.610
6.370	0.503	-3.610
6.380	0.541	-3.610
6.390	0.580	-3.610
6.400	0.618	-3.610
6.410	0.656	-3.610
6.420	0.693	-3.610
6.430	0.731	-3.610
6.440	0.768	-3.610
6.450	0.805	-3.610
6.460	0.841	-3.610
6.470	0.877	-3.610
6.480	0.913	-3.610
6.490	0.948	-3.610
6.500	0.983	-3.610
6.510	1.018	-3.610
6.520	1.052	-3.605
6.530	1.086	-3.600
6.540	1.119	-3.600
6.550	1.152	-3.596
6.560	1.185	-3.596
6.570	1.217	-3.586
6.580	1.248	-3.581
6.590	1.279	-3.576
6.600	1.310	-3.576
6.610	1.340	-3.571
6.620	1.369	-3.556
6.630	1.398	-3.552
6.640	1.426	-3.532
6.650	1.454	-3.517
6.660	1.481	-3.512
6.670	1.508	-3.498
6.680	1.534	-3.488
6.690	1.559	-3.478
6.700	1.584	-3.464
6.710	1.608	-3.439
6.720	1.631	-3.420
6.730	1.654	-3.405
6.740	1.676	-3.400
6.750	1.698	-3.390
6.760	1.719	-3.371
6.770	1.739	-3.351
6.780	1.758	-3.337
6.790	1.777	-3.317
6.800	1.795	-3.293
6.810	1.812	-3.273
6.820	1.829	-3.254
6.830	1.845	-3.224
6.840	1.860	-3.210
6.850	1.874	-3.170
6.860	1.888	-3.151
6.870	1.900	-3.136
6.880	1.913	-3.092
6.890	1.924	-3.078
6.900	1.934	-3.058
6.910	1.944	-3.029
6.920	1.953	-3.014
6.930	1.961	-2.990
6.940	1.969	-2.970
6.950	1.975	-2.936
6.960	1.981	-2.916
6.970	1.986	-2.897
6.980	1.991	-2.882
6.990	1.994	-2.853
7.000	1.997	-2.829
7.010	1.999	-2.809
7.020	2.000	-2.775
7.030	2.000	-2.750
7.040	1.999	-2.731
7.050	1.998	-2.711
7.060	1.996	-2.672
7.070	1.993	-2.648
7.080	1.989	-2.633
7.090	1.985	-2.594
7.100	1.980	-2.574
7.110	1.973	-2.531
7.120	1.967	-2.506
7.130	1.959	-2.477
7.140	1.950	-2.447
7.150	1.941	-2.413
7.160	1.931	-2.399
7.170	1.920	-2.364
7.180	1.909	-2.335
7.190	1.896	-2.311
7.200	1.883	-2.291
7.210	1.870	-2.252
7.220	1.855	-2.228
7.230	1.840	-2.218
7.240	1.824	-2.179
7.250	1.807	-2.159
7.260	1.789	-2.125
7.270	1.771	-2.110
7.280	1.752	-2.091
7.290	1.732	-2.052
7.300	1.712	-2.042
7.310	1.691	-2.027
7.320	1.669	-1.988
7.330	1.647	-1.969
7.340	1.624	-1.944
7.350	1.600	-1.925
7.360	1.576	-1.905
7.370	1.551	-1.891
7.380	1.526	-1.861
7.390	1.499	-1.842
7.400	1.473	-1.837
7.410	1.445	-1.808
7.420	1.417	-1.793
7.430	1.389	-1.778
7.440	1.360	-1.773
7.450	1.330	-1.744
7.460	1.300	-1.724
7.470	1.269	-1.715
7.480	1.238	-1.705
7.490	1.207	-1.695
7.500	1.174	-1.676
7.510	1.142	-1.666
7.520	1.109	-1.651
7.530	1.075	-1.637
7.540	1.041	-1.632
7.550	1.007	-1.622
7.560	0.972	-1.617
7.570	0.937	-1.612
7.580	0.901	-1.612
7.590	0.866	-1.602
7.600	0.829	-1.597
7.610	0.793	-1.597
7.620	0.756	-1.597
7.630	0.719	-1.597
7.640	0.681	-1.597
7.650	0.644	-1.597
7.660	0.606	-1.597
7.670	0.567	-1.597
7.680	0.529	-1.597
7.690	0.490	-1.597
7.700	0.451	-1.597
7.710	0.412	-1.597
7.720	0.373	-1.597
7.730	0.334	-1.597
7.740	0.294	-1.597
7.750	0.255	-1.597
7.760	0.215	-1.597
7.770	0.175	-1.597
7.780	0.135	-1.597
7.790	0.095	-1.597
7.800	0.055	-1.597
7.810	0.015	-1.597
7.820	-0.025	-1.597
7.830	-0.065	-1.597
7.840	-0.105	-1.597
7.850	-0.145	-1.597
7.860	-0.185	-1.597
7.870	-0.224	-1.597
7.880	-0.264	-1.597
7.890	-0.304	-1.597
7.900	-0.343	-1.597
7.910	-0.382	-1.597
7.920	-0.422	-1.597
7.930	-0.461	-1.597
7.940	-0.499	-1.597
7.950	-0.538	-1.597
7.960	-0.577	-1.597
7.970	-0.615	-1.597
7.980	-0.653	-1.597
7.990	-0.690	-1.597
8.000	-0.728	-1.597
8.010	-0.765	-1.597
8.020	-0.802	-1.597
8.030	-0.838	-1.597
8.040	-0.874	-1.607
8.050	-0.910	-1.607
8.060	-0.945	-1.612
8.070	-0.981	-1.617
8.080	-1.015	-1.622
8.090	-1.049	-1.622
8.100	-1.083	-1.622
8.110	-1.117	-1.627
8.120	-1.150	-1.632
8.130	-1.182	-1.637
8.140	-1.214	-1.641
8.150	-1.246	-1.656
8.160	-1.277	-1.661
8.170	-1.307	-1.676
8.180	-1.337	-1.685
8.190	-1.367	-1.700
8.200	-1.396	-1.705
8.210	-1.424	-1.715
8.220	-1.452	-1.724
8.230	-1.479	-1.734
8.240	-1.506	-1.754
8.250	-1.532	-1.773
8.260	-1.557	-1.788
8.270	-1.582	-1.798
8.280	-1.606	-1.808
8.290	-1.630	-1.837
8.300	-1.652	-1.842
8.310	-1.675	-1.866
8.320	-1.696	-1.895
8.330	-1.717	-1.910
8.340	-1.737	-1.930
8.350	-1.757	-1.949
8.360	-1.775	-1.979
8.370	-1.794	-2.008
8.380	-1.811	-2.032
8.390	-1.827	-2.047
8.400	-1.843	-2.057
8.410	-1.859	-2.101
8.420	-1.873	-2.115
8.430	-1.887	-2.135
8.440	-1.899	-2.164
8.450	-1.912	-2.184
8.460	-1.923	-2.213
8.470	-1.934	-2.228
8.480	-1.943	-2.247
8.490	-1.952	-2.281
8.500	-1.961	-2.306
8.510	-1.968	-2.330
8.520	-1.975	-2.350
8.530	-1.981	-2.379
8.540	-1.986	-2.408
8.550	-1.990	-2.428
8.560	-1.994	-2.462
8.570	-1.997	-2.491
8.580	-1.999	-2.516
8.590	-2.000	-2.555
8.600	-2.000	-2.584
8.610	-2.000	-2.609
8.620	-1.998	-2.638
8.630	-1.996	-2.662
8.640	-1.993	-2.706
8.650	-1.990	-2.731
8.660	-1.985	-2.755
8.670	-1.980	-2.780
8.680	-1.974	-2.819
8.690	-1.967	-2.838
8.700	-1.959	-2.868
8.710	-1.951	-2.897
8.720	-1.942	-2.912
8.730	-1.932	-2.936
8.740	-1.921	-2.970
8.750	-1.910	-2.995
8.760	-1.897	-3.024
8.770	-1.884	-3.043
8.780	-1.871	-3.078
8.790	-1.856	-3.092
8.800	-1.841	-3.131
8.810	-1.825	-3.146
8.820	-1.808	-3.166
8.830	-1.791	-3.205
8.840	-1.773	-3.219
8.850	-1.754	-3.258
8.860	-1.734	-3.278
8.870	-1.714	-3.298
8.880	-1.693	-3.327
8.890	-1.671	-3.351
8.900	-1.649	-3.371
8.910	-1.626	-3.395
8.920	-1.602	-3.410
8.930	-1.578	-3.434
8.940	-1.553	-3.459
8.950	-1.528	-3.483
8.960	-1.501	-3.498
8.970	-1.475	-3.512
8.980	-1.447	-3.527
8.990	-1.420	-3.552
9.000	-1.391	-3.571
9.010	-1.362	-3.581
9.020	-1.333	-3.591
9.030	-1.302	-3.605
9.040	-1.272	-3.610
9.050	-1.241	-3.625
9.060	-1.209	-3.635
9.070	-1.177	-3.644
9.080	-1.144	-3.654
9.090	-1.111	-3.659
9.100	-1.078	-3.669
9.110	-1.044	-3.679
9.120	-1.010	-3.693
9.130	-0.975	-3.703
9.140	-0.940	-3.708
9.150	-0.904	-3.713
9.160	-0.868	-3.713
9.170	-0.832	-3.718
9.180	-0.796	-3.718
9.190	-0.759	-3.723
9.200	-0.722	-3.723
9.210	-0.684	-3.723
9.220	-0.647	-3.727
9.230	-0.609	-3.723
9.240	-0.570	-3.723
9.250	-0.532	-3.727
9.260	-0.493	-3.723
9.270	-0.454	-3.723
9.280	-0.415	-3.727
9.290	-0.376	-3.723
9.300	-0.337	-3.727
9.310	-0.297	-3.727
9.320	-0.258	-3.727
9.330	-0.218	-3.727
9.340	-0.178	-3.727
9.350	-0.138	-3.723
9.360	-0.098	-3.723
9.370	-0.058	-3.727
9.380	-0.018	-3.727
9.390	0.022	-3.723
9.400	0.062	-3.727
9.410	0.102	-3.727
9.420	0.142	-3.727
9.430	0.181	-3.723
9.440	0.221	-3.727
9.450	0.261	-3.727
9.460	0.300	-3.723
9.470	0.340	-3.723
9.480	0.379	-3.727
9.490	0.419	-3.723
9.500	0.458	-3.727
9.510	0.496	-3.727
9.520	0.535	-3.727
9.530	0.573	-3.723
9.540	0.612	-3.727
9.550	0.650	-3.727
9.560	0.687	-3.727
9.570	0.725	-3.723
9.580	0.762	-3.727
9.590	0.799	-3.727
9.600	0.835	-3.727
9.610	0.871	-3.727
9.620	0.907	-3.727
9.630	0.943	-3.723
9.640	0.978	-3.723
9.650	1.012	-3.723
9.660	1.047	-3.718
9.670	1.081	-3.713
9.680	1.114	-3.713
9.690	1.147	-3.708
9.700	1.180	-3.703
9.710	1.212	-3.698
9.720	1.243	-3.688
9.730	1.274	-3.674
9.740	1.305	-3.669
9.750	1.335	-3.664
9.760	1.364	-3.654
9.770	1.393	-3.654
9.780	1.422	-3.649
9.790	1.450	-3.635
9.800	1.477	-3.630
9.810	1.504	-3.610
9.820	1.530	-3.605
9.830	1.555	-3.600
9.840	1.580	-3.591
9.850	1.604	-3.576
9.860	1.628	-3.571
9.870	1.651	-3.556
9.880	1.673	-3.537
9.890	1.695	-3.512
9.900	1.715	-3.503
9.910	1.736	-3.488
9.920	1.755	-3.478
9.930	1.774	-3.444
9.940	1.792	-3.425
9.950	1.810	-3.405
9.960	1.826	-3.395
9.970	1.842	-3.376
9.980	1.857	-3.361
9.990	1.872	-3.337
10.000	1.886	-3.312
10.010	1.898	-3.288
10.020	1.911	-3.268
10.030	1.922	-3.244
10.040	1.933	-3.214
10.050	1.943	-3.195
10.060	1.952	-3.156
10.070	1.960	-3.136
10.080	1.968	-3.097
10.090	1.974	-3.083
10.100	1.980	-3.053
10.110	1.986	-3.029
10.120	1.990	-3.014
10.130	1.994	-2.985
10.140	1.996	-2.960
10.150	1.998	-2.926
10.160	2.000	-2.907
10.170	2.000	-2.892
10.180	2.000	-2.863
10.190	1.998	-2.838
10.200	1.996	-2.819
10.210	1.994	-2.785
10.220	1.990	-2.755
10.230	1.986	-2.736
10.240	1.980	-2.716
10.250	1.974	-2.682
10.260	1.968	-2.648
10.270	1.960	-2.633
10.280	1.952	-2.599
10.290	1.943	-2.579
10.300	1.933	-2.540
10.310	1.922	-2.511
10.320	1.911	-2.487
10.330	1.898	-2.457
10.340	1.885	-2.423
10.350	1.872	-2.404
10.360	1.857	-2.379
10.370	1.842	-2.345
10.380	1.826	-2.325
10.390	1.809	-2.306
10.400	1.792	-2.277
10.410	1.774	-2.242
10.420	1.755	-2.223
10.430	1.736	-2.213
10.440	1.715	-2.179
10.450	1.694	-2.159
10.460	1.673	-2.135
10.470	1.651	-2.110
10.480	1.628	-2.101
10.490	1.604	-2.071
10.500	1.580	-2.047
10.510	1.555	-2.037
10.520	1.530	-2.027
10.530	1.504	-1.988
10.540	1.477	-1.974
10.550	1.450	-1.949
10.560	1.422	-1.935
10.570	1.393	-1.920
10.580	1.364	-1.905
10.590	1.335	-1.895
10.600	1.305	-1.876
10.610	1.274	-1.856
10.620	1.243	-1.842
10.630	1.212	-1.837
10.640	1.180	-1.832
10.650	1.147	-1.812
10.660	1.114	-1.798
10.670	1.081	-1.793
10.680	1.047	-1.783
10.690	1.012	-1.778
10.700	0.978	-1.768
10.710	0.943	-1.754
10.720	0.907	-1.744
10.730	0.871	-1.734
10.740	0.835	-1.729
10.750	0.799	-1.729
10.760	0.762	-1.724
10.770	0.725	-1.720
10.780	0.687	-1.720
10.790	0.650	-1.720
10.800	0.612	-1.715
10.810	0.573	-1.715
10.820	0.535	-1.715
10.830	0.496	-1.715
10.840	0.457	-1.715
10.850	0.418	-1.715
10.860	0.379	-1.715
10.870	0.340	-1.710
10.880	0.300	-1.715
10.890	0.261	-1.715
10.900	0.221	-1.710
10.910	0.181	-1.715
10.920	0.141	-1.715
10.930	0.102	-1.715
10.940	0.062	-1.715
10.950	0.022	-1.715
10.960	-0.018	-1.715
10.970	-0.058	-1.715
10.980	-0.098	-1.715
10.990	-0.138	-1.715
11.000	-0.178	-1.715
11.010	-0.218	-1.710
11.020	-0.258	-1.715
11.030	-0.297	-1.715
11.040	-0.337	-1.715
11.050	-0.376	-1.710
11.060	-0.415	-1.715
11.070	-0.454	-1.715
11.080	-0.493	-1.710
11.090	-0.532	-1.710
11.100	-0.570	-1.715
11.110	-0.609	-1.715
11.120	-0.647	-1.715
11.130	-0.684	-1.715
11.140	-0.722	-1.715
11.150	-0.759	-1.715
11.160	-0.796	-1.715
11.170	-0.832	-1.715
11.180	-0.869	-1.715
11.190	-0.904	-1.720
11.200	-0.940	-1.720
11.210	-0.975	-1.720
11.220	-1.010	-1.720
11.230	-1.044	-1.724
11.240	-1.078	-1.724
11.250	-1.111	-1.729
11.260	-1.144	-1.739
11.270	-1.177	-1.749
11.280	-1.209	-1.759
11.290	-1.241	-1.773
11.300	-1.272	-1.778
11.310	-1.302	-1.788
11.320	-1.333	-1.798
11.330	-1.362	-1.803
11.340	-1.391	-1.822
11.350	-1.420	-1.837
11.360	-1.447	-1.842
11.370	-1.475	-1.856
11.380	-1.502	-1.876
11.390	-1.528	-1.895
11.400	-1.553	-1.905
11.410	-1.578	-1.930
11.420	-1.602	-1.939
11.430	-1.626	-1.969
11.440	-1.649	-1.983
11.450	-1.671	-2.018
11.460	-1.693	-2.032
11.470	-1.714	-2.047
11.480	-1.734	-2.057
11.490	-1.754	-2.091
11.500	-1.773	-2.106
11.510	-1.791	-2.115
11.520	-1.808	-2.149
11.530	-1.825	-2.164
11.540	-1.841	-2.184
11.550	-1.856	-2.213
11.560	-1.871	-2.223
11.570	-1.884	-2.233
11.580	-1.897	-2.272
11.590	-1.910	-2.296
11.600	-1.921	-2.316
11.610	-1.932	-2.340
11.620	-1.942	-2.360
11.630	-1.951	-2.389
11.640	-1.960	-2.413
11.650	-1.967	-2.438
11.660	-1.974	-2.467
11.670	-1.980	-2.491
11.680	-1.985	-2.516
11.690	-1.990	-2.555
11.700	-1.993	-2.579
11.710	-1.996	-2.604
11.720	-1.998	-2.638
11.730	-2.000	-2.662
11.740	-2.000	-2.697
11.750	-2.000	-2.726
11.760	-1.999	-2.750
11.770	-1.997	-2.780
11.780	-1.994	-2.809
11.790	-1.990	-2.833
11.800	-1.986	-2.863
11.810	-1.981	-2.892
11.820	-1.975	-2.912
11.830	-1.968	-2.931
11.840	-1.961	-2.970
11.850	-1.952	-2.995
11.860	-1.943	-3.024
11.870	-1.934	-3.043
11.880	-1.923	-3.078
11.890	-1.912	-3.092
11.900	-1.899	-3.136
11.910	-1.887	-3.151
11.920	-1.873	-3.180
11.930	-1.858	-3.210
11.940	-1.843	-3.239
11.950	-1.827	-3.263
11.960	-1.811	-3.283
11.970	-1.794	-3.312
11.980	-1.775	-3.337
11.990	-1.757	-3.366
12.000	-1.737	-3.390
12.010	-1.717	-3.405
12.020	-1.696	-3.439
12.030	-1.675	-3.468
12.040	-1.652	-3.488
12.050	-1.630	-3.503
12.060	-1.606	-3.517
12.070	-1.582	-3.552
12.080	-1.557	-3.571
12.090	-1.532	-3.586
12.100	-1.506	-3.600
12.110	-1.479	-3.610
12.120	-1.452	-3.630
12.130	-1.424	-3.649
12.140	-1.396	-3.664
12.150	-1.367	-3.683
12.160	-1.337	-3.703
12.170	-1.307	-3.718
12.180	-1.277	-3.727
12.190	-1.246	-3.732
12.200	-1.214	-3.737
12.210	-1.182	-3.747
12.220	-1.150	-3.757
12.230	-1.117	-3.771
12.240	-1.083	-3.786
12.250	-1.049	-3.796
12.260	-1.015	-3.801
12.270	-0.980	-3.810
12.280	-0.945	-3.820
12.290	-0.910	-3.825
12.300	-0.874	-3.830
12.310	-0.838	-3.830
12.320	-0.802	-3.830
12.330	-0.765	-3.835
12.340	-0.728	-3.830
12.350	-0.690	-3.830
12.360	-0.653	-3.835
12.370	-0.615	-3.830
12.380	-0.576	-3.835
12.390	-0.538	-3.830
12.400	-0.499	-3.830
12.410	-0.461	-3.830
12.420	-0.422	-3.835
12.430	-0.382	-3.830
12.440	-0.343	-3.830
12.450	-0.304	-3.835
12.460	-0.264	-3.830
12.470	-0.224	-3.830
12.480	-0.184	-3.835
12.490	-0.145	-3.835
12.500	-0.105	-3.835
12.510	-0.065	-3.830
12.520	-0.025	-3.830
12.530	0.015	-3.835
12.540	0.055	-3.830
12.550	0.095	-3.835
12.560	0.135	-3.830
12.570	0.175	-3.830
12.580	0.215	-3.835
12.590	0.255	-3.830
12.600	0.294	-3.830
12.610	0.334	-3.835
12.620	0.373	-3.830
12.630	0.412	-3.830
12.640	0.451	-3.830
12.650	0.490	-3.830
12.660	0.529	-3.830
12.670	0.567	-3.830
12.680	0.606	-3.830
12.690	0.644	-3.830
12.700	0.681	-3.830
12.710	0.719	-3.830
12.720	0.756	-3.825
12.730	0.793	-3.825
12.740	0.829	-3.825
12.750	0.866	-3.820
12.760	0.902	-3.820
12.770	0.937	-3.815
12.780	0.972	-3.810
12.790	1.007	-3.806
12.800	1.041	-3.801
12.810	1.075	-3.801
12.820	1.109	-3.801
12.830	1.142	-3.796
12.840	1.174	-3.791
12.850	1.207	-3.786
12.860	1.238	-3.786
12.870	1.269	-3.781
12.880	1.300	-3.771
12.890	1.330	-3.762
12.900	1.360	-3.752
12.910	1.389	-3.742
12.920	1.417	-3.737
12.930	1.445	-3.732
12.940	1.473	-3.732
12.950	1.499	-3.727
12.960	1.526	-3.718
12.970	1.551	-3.708
12.980	1.576	-3.693
12.990	1.600	-3.674
13.000	1.624	-3.659
13.010	1.647	-3.649
13.020	1.669	-3.630
13.030	1.691	-3.610
13.040	1.712	-3.600
13.050	1.732	-3.596
13.060	1.752	-3.581
13.070	1.771	-3.566
13.080	1.789	-3.552
13.090	1.807	-3.517
13.100	1.824	-3.508
13.110	1.840	-3.488
13.120	1.855	-3.473
13.130	1.870	-3.444
13.140	1.883	-3.410
13.150	1.896	-3.400
13.160	1.909	-3.381
13.170	1.920	-3.361
13.180	1.931	-3.337
13.190	1.941	-3.317
13.200	1.950	-3.288
13.210	1.959	-3.268
13.220	1.967	-3.244
13.230	1.973	-3.210
13.240	1.980	-3.180
13.250	1.985	-3.151
13.260	1.989	-3.131
13.270	1.993	-3.087
13.280	1.996	-3.073
13.290	1.998	-3.043
13.300	1.999	-3.024
13.310	2.000	-2.995
13.320	2.000	-2.975
13.330	1.999	-2.941
13.340	1.997	-2.912
13.350	1.994	-2.897
13.360	1.991	-2.872
13.370	1.986	-2.843
13.380	1.981	-2.824
13.390	1.975	-2.794
13.400	1.969	-2.765
13.410	1.961	-2.741
13.420	1.953	-2.721
13.430	1.944	-2.692
13.440	1.934	-2.658
13.450	1.924	-2.638
13.460	1.913	-2.609
13.470	1.900	-2.589
13.480	1.888	-2.565
13.490	1.874	-2.521
13.500	1.860	-2.496
13.510	1.845	-2.477
13.520	1.829	-2.443
13.530	1.812	-2.408
13.540	1.795	-2.394
13.550	1.777	-2.369
13.560	1.758	-2.340
13.570	1.739	-2.325
13.580	1.719	-2.301
13.590	1.698	-2.272
13.600	1.676	-2.247
13.610	1.654	-2.228
13.620	1.631	-2.218
13.630	1.608	-2.193
13.640	1.584	-2.169
13.650	1.559	-2.149
13.660	1.534	-2.130
13.670	1.508	-2.110
13.680	1.481	-2.101
13.690	1.454	-2.076
13.700	1.426	-2.052
13.710	1.398	-2.047
13.720	1.369	-2.032
13.730	1.340	-2.022
13.740	1.310	-1.993
13.750	1.279	-1.974
13.760	1.248	-1.969
13.770	1.217	-1.944
13.780	1.185	-1.935
13.790	1.152	-1.925
13.800	1.119	-1.920
13.810	1.086	-1.910
13.820	1.052	-1.900
13.830	1.018	-1.900
13.840	0.983	-1.891
13.850	0.948	-1.876
13.860	0.913	-1.871
13.870	0.877	-1.861
13.880	0.841	-1.856
13.890	0.804	-1.851
13.900	0.768	-1.847
13.910	0.731	-1.842
13.920	0.693	-1.842
13.930	0.656	-1.842
13.940	0.618	-1.842
13.950	0.580	-1.842
13.960	0.541	-1.842
13.970	0.502	-1.842
13.980	0.464	-1.842
13.990	0.425	-1.842
14.000	0.386	-1.842
14.010	0.346	-1.842
14.020	0.307	-1.842
14.030	0.267	-1.842
14.040	0.227	-1.842
14.050	0.188	-1.842
14.060	0.148	-1.842
14.070	0.108	-1.842
14.080	0.068	-1.842
14.090	0.028	-1.842
14.100	-0.012	-1.842
14.110	-0.052	-1.842
14.120	-0.092	-1.842
14.130	-0.132	-1.842
14.140	-0.172	-1.842
14.150	-0.212	-1.842
14.160	-0.251	-1.842
14.170	-0.291	-1.842
14.180	-0.331	-1.842
14.190	-0.370	-1.842
14.200	-0.409	-1.842
14.210	-0.448	-1.842
14.220	-0.487	-1.842
14.230	-0.526	-1.842
14.240	-0.564	-1.847
14.250	-0.603	-1.842
14.260	-0.641	-1.842
14.270	-0.678	-1.842
14.280	-0.716	-1.847
14.290	-0.753	-1.847
14.300	-0.790	-1.851
14.310	-0.827	-1.851
14.320	-0.863	-1.856
14.330	-0.899	-1.861
14.340	-0.934	-1.866
14.350	-0.969	-1.871
14.360	-1.004	-1.876
14.370	-1.039	-1.891
14.380	-1.073	-1.895
14.390	-1.106	-1.900
14.400	-1.139	-1.905
14.410	-1.172	-1.910
14.420	-1.204	-1.925
14.430	-1.236	-1.935
14.440	-1.267	-1.944
14.450	-1.298	-1.959
14.460	-1.328	-1.969
14.470	-1.357	-1.983
14.480	-1.387	-1.998
14.490	-1.415	-2.018
14.500	-1.443	-2.032
14.510	-1.470	-2.042
14.520	-1.497	-2.047
14.530	-1.524	-2.052
14.540	-1.549	-2.071
14.550	-1.574	-2.091
14.560	-1.598	-2.110
14.570	-1.622	-2.115
14.580	-1.645	-2.130
14.590	-1.668	-2.154
14.600	-1.689	-2.164
14.610	-1.711	-2.179
14.620	-1.731	-2.203
14.630	-1.751	-2.218
14.640	-1.770	-2.223
14.650	-1.788	-2.242
14.660	-1.805	-2.267
14.670	-1.822	-2.296
14.680	-1.838	-2.306
14.690	-1.854	-2.325
14.700	-1.868	-2.345
14.710	-1.882	-2.374
14.720	-1.895	-2.399
14.730	-1.908	-2.413
14.740	-1.919	-2.438
14.750	-1.930	-2.467
14.760	-1.940	-2.491
14.770	-1.950	-2.516
14.780	-1.958	-2.540
14.790	-1.966	-2.574
14.800	-1.973	-2.594
14.810	-1.979	-2.633
14.820	-1.984	-2.648
14.830	-1.989	-2.682
14.840	-1.993	-2.716
14.850	-1.996	-2.741
14.860	-1.998	-2.765
14.870	-1.999	-2.794
14.880	-2.000	-2.824
14.890	-2.000	-2.843
14.900	-1.999	-2.872
14.910	-1.997	-2.902
14.920	-1.994	-2.921
14.930	-1.991	-2.956
14.940	-1.987	-2.985
14.950	-1.982	-3.009
14.960	-1.976	-3.029
14.970	-1.969	-3.053
14.980	-1.962	-3.087
14.990	-1.954	-3.107
15.000	-1.945	-3.141
15.010	-1.935	-3.161
15.020	-1.925	-3.200
15.030	-1.913	-3.219
15.040	-1.901	-3.249
15.050	-1.889	-3.278
15.060	-1.875	-3.298
15.070	-1.861	-3.332
15.080	-1.846	-3.356
15.090	-1.830	-3.381
15.100	-1.814	-3.405
15.110	-1.796	-3.434
15.120	-1.778	-3.464
15.130	-1.760	-3.488
15.140	-1.740	-3.508
15.150	-1.720	-3.527
15.160	-1.700	-3.556
15.170	-1.678	-3.581
15.180	-1.656	-3.596
15.190	-1.633	-3.610
15.200	-1.610	-3.635
15.210	-1.586	-3.654
15.220	-1.561	-3.674
15.230	-1.536	-3.698
15.240	-1.510	-3.718
15.250	-1.483	-3.732
15.260	-1.456	-3.737
15.270	-1.429	-3.747
15.280	-1.400	-3.771
15.290	-1.371	-3.786
15.300	-1.342	-3.801
15.310	-1.312	-3.820
15.320	-1.282	-3.840
15.330	-1.251	-3.850
15.340	-1.219	-3.854
15.350	-1.187	-3.874
15.360	-1.155	-3.884
15.370	-1.122	-3.898
15.380	-1.089	-3.908
15.390	-1.055	-3.913
15.400	-1.021	-3.918
15.410	-0.986	-3.923
15.420	-0.951	-3.923
15.430	-0.916	-3.928
15.440	-0.880	-3.928
15.450	-0.844	-3.928
15.460	-0.807	-3.933
15.470	-0.771	-3.937
15.480	-0.734	-3.942
15.490	-0.696	-3.947
15.500	-0.659	-3.947
15.510	-0.621	-3.952
15.520	-0.583	-3.952
15.530	-0.544	-3.947
15.540	-0.506	-3.952
15.550	-0.467	-3.947
15.560	-0.428	-3.947
15.570	-0.389	-3.947
15.580	-0.349	-3.947
15.590	-0.310	-3.952
15.600	-0.270	-3.952
15.610	-0.231	-3.947
15.620	-0.191	-3.952
15.630	-0.151	-3.947
15.640	-0.111	-3.947
15.650	-0.071	-3.947
15.660	-0.031	-3.947
15.670	0.009	-3.947
15.680	0.049	-3.947
15.690	0.089	-3.947
15.700	0.129	-3.947
15.710	0.169	-3.947
15.720	0.209	-3.952
15.730	0.248	-3.947
15.740	0.288	-3.952
15.750	0.327	-3.947
15.760	0.367	-3.952
15.770	0.406	-3.947
15.780	0.445	-3.947
15.790	0.484	-3.947
15.800	0.523	-3.947
15.810	0.561	-3.952
15.820	0.600	-3.947
15.830	0.638	-3.947
15.840	0.675	-3.952
15.850	0.713	-3.947
15.860	0.750	-3.947
15.870	0.787	-3.947
15.880	0.824	-3.947
15.890	0.860	-3.947
15.900	0.896	-3.947
15.910	0.931	-3.942
15.920	0.967	-3.942
15.930	1.001	-3.933
15.940	1.036	-3.928
15.950	1.070	-3.928
15.960	1.103	-3.923
15.970	1.137	-3.923
15.980	1.169	-3.918
15.990	1.202	-3.908
16.000	1.233	-3.898
16.010	1.264	-3.889
16.020	1.295	-3.874
16.030	1.325	-3.859
16.040	1.355	-3.854
16.050	1.384	-3.850
16.060	1.413	-3.845
16.070	1.441	-3.830
16.080	1.468	-3.810
16.090	1.495	-3.801
16.100	1.521	-3.791
16.110	1.547	-3.781
16.120	1.572	-3.766
16.130	1.597	-3.747
16.140	1.620	-3.737
16.150	1.643	-3.732
16.160	1.666	-3.727
16.170	1.688	-3.713
16.180	1.709	-3.703
16.190	1.729	-3.674
16.200	1.749	-3.659
16.210	1.768	-3.639
16.220	1.786	-3.625
16.230	1.804	-3.600
16.240	1.821	-3.591
16.250	1.837	-3.576
16.260	1.853	-3.561
16.270	1.867	-3.537
16.280	1.881	-3.512
16.290	1.894	-3.493
16.300	1.907	-3.478
16.310	1.919	-3.444
16.320	1.929	-3.410
16.330	1.940	-3.400
16.340	1.949	-3.381
16.350	1.958	-3.361
16.360	1.965	-3.337
16.370	1.972	-3.312
16.380	1.979	-3.283
16.390	1.984	-3.263
16.400	1.989	-3.224
16.410	1.993	-3.205
16.420	1.996	-3.161
16.430	1.998	-3.141
16.440	1.999	-3.112
16.450	2.000	-3.083
16.460	2.000	-3.053
16.470	1.999	-3.029
16.480	1.997	-3.009
16.490	1.995	-2.975
16.500	1.991	-2.951
16.510	1.987	-2.921
16.520	1.982	-2.897
16.530	1.976	-2.877
16.540	1.970	-2.848
16.550	1.963	-2.829
16.560	1.955	-2.794
16.570	1.946	-2.770
16.580	1.936	-2.745
16.590	1.926	-2.721
16.600	1.914	-2.697
16.610	1.902	-2.662
16.620	1.890	-2.643
16.630	1.876	-2.618
16.640	1.862	-2.594
16.650	1.847	-2.574
16.660	1.831	-2.535
16.670	1.815	-2.506
16.680	1.798	-2.482
16.690	1.780	-2.462
16.700	1.761	-2.428
16.710	1.742	-2.408
16.720	1.722	-2.389
16.730	1.701	-2.355
16.740	1.680	-2.340
16.750	1.658	-2.320
16.760	1.635	-2.301
16.770	1.612	-2.272
16.780	1.588	-2.242
16.790	1.563	-2.228
16.800	1.538	-2.223
16.810	1.512	-2.203
16.820	1.485	-2.174
16.830	1.458	-2.159
16.840	1.431	-2.145
16.850	1.403	-2.125
16.860	1.374	-2.110
16.870	1.344	-2.101
16.880	1.314	-2.091
16.890	1.284	-2.057
16.900	1.253	-2.052
16.910	1.222	-2.047
16.920	1.190	-2.037
16.930	1.157	-2.027
16.940	1.125	-2.018
16.950	1.091	-1.998
16.960	1.058	-1.983
16.970	1.023	-1.974
16.980	0.989	-1.969
16.990	0.954	-1.964
17.000	0.919	-1.949
17.010	0.883	-1.944
17.020	0.847	-1.939
17.030	0.810	-1.935
17.040	0.774	-1.935
17.050	0.737	-1.935
17.060	0.699	-1.935
17.070	0.662	-1.935
17.080	0.624	-1.930
17.090	0.586	-1.930
17.100	0.547	-1.935
17.110	0.509	-1.930
17.120	0.470	-1.930
17.130	0.431	-1.935
17.140	0.392	-1.935
17.150	0.352	-1.935
17.160	0.313	-1.935
17.170	0.273	-1.930
17.180	0.234	-1.935
17.190	0.194	-1.930
17.200	0.154	-1.930
17.210	0.114	-1.930
17.220	0.074	-1.935
17.230	0.034	-1.930
17.240	-0.006	-1.935
17.250	-0.046	-1.930
17.260	-0.086	-1.935
17.270	-0.126	-1.935
17.280	-0.166	-1.935
17.290	-0.205	-1.935
17.300	-0.245	-1.935
17.310	-0.285	-1.930
17.320	-0.324	-1.930
17.330	-0.364	-1.930
17.340	-0.403	-1.935
17.350	-0.442	-1.930
17.360	-0.481	-1.935
17.370	-0.520	-1.935
17.380	-0.558	-1.935
17.390	-0.596	-1.935
17.400	-0.635	-1.935
17.410	-0.672	-1.939
17.420	-0.710	-1.939
17.430	-0.747	-1.944
17.440	-0.784	-1.944
17.450	-0.821	-1.949
17.460	-0.857	-1.949
17.470	-0.893	-1.954
17.480	-0.929	-1.964
17.490	-0.964	-1.969
17.500	-0.999	-1.969
17.510	-1.033	-1.974
17.520	-1.067	-1.983
17.530	-1.101	-1.988
17.540	-1.134	-1.993
17.550	-1.167	-1.998
17.560	-1.199	-2.018
17.570	-1.231	-2.027
17.580	-1.262	-2.027
17.590	-1.293	-2.037
17.600	-1.323	-2.047
17.610	-1.353	-2.047
17.620	-1.382	-2.052
17.630	-1.411	-2.062
17.640	-1.439	-2.086
17.650	-1.466	-2.091
17.660	-1.493	-2.106
17.670	-1.519	-2.115
17.680	-1.545	-2.125
17.690	-1.570	-2.140
17.700	-1.595	-2.154
17.710	-1.618	-2.169
17.720	-1.642	-2.179
17.730	-1.664	-2.203
17.740	-1.686	-2.218
17.750	-1.707	-2.223
17.760	-1.728	-2.233
17.770	-1.747	-2.257
17.780	-1.767	-2.281
17.790	-1.785	-2.301
17.800	-1.803	-2.316
17.810	-1.820	-2.340
17.820	-1.836	-2.355
17.830	-1.851	-2.379
17.840	-1.866	-2.404
17.850	-1.880	-2.418
17.860	-1.893	-2.443
17.870	-1.906	-2.467
17.880	-1.918	-2.496
17.890	-1.929	-2.521
17.900	-1.939	-2.550
17.910	-1.948	-2.579
17.920	-1.957	-2.599
17.930	-1.965	-2.633
17.940	-1.972	-2.648
17.950	-1.978	-2.682
17.960	-1.984	-2.716
17.970	-1.988	-2.736
17.980	-1.992	-2.760
17.990	-1.995	-2.789
18.000	-1.998	-2.824
18.010	-1.999	-2.843
18.020	-2.000	-2.872
18.030	-2.000	-2.897
18.040	-1.999	-2.921
18.050	-1.997	-2.946
18.060	-1.995	-2.975
18.070	-1.992	-3.004
18.080	-1.987	-3.024
18.090	-1.983	-3.048
18.100	-1.977	-3.083
18.110	-1.970	-3.102
18.120	-1.963	-3.141
18.130	-1.955	-3.156
18.140	-1.946	-3.200
18.150	-1.937	-3.214
18.160	-1.926	-3.249
18.170	-1.915	-3.278
18.180	-1.903	-3.298
18.190	-1.891	-3.332
18.200	-1.877	-3.361
18.210	-1.863	-3.381
18.220	-1.848	-3.405
18.230	-1.833	-3.434
18.240	-1.816	-3.473
18.250	-1.799	-3.493
18.260	-1.781	-3.512
18.270	-1.763	-3.537
18.280	-1.743	-3.561
18.290	-1.724	-3.586
18.300	-1.703	-3.605
18.310	-1.682	-3.620
18.320	-1.660	-3.644
18.330	-1.637	-3.669
18.340	-1.614	-3.693
18.350	-1.590	-3.713
18.360	-1.565	-3.732
18.370	-1.540	-3.737
18.380	-1.514	-3.752
18.390	-1.488	-3.776
18.400	-1.461	-3.796
18.410	-1.433	-3.810
18.420	-1.405	-3.840
18.430	-1.376	-3.850
18.440	-1.347	-3.864
18.450	-1.317	-3.884
18.460	-1.287	-3.898
18.470	-1.256	-3.913
18.480	-1.224	-3.923
18.490	-1.192	-3.928
18.500	-1.160	-3.937
18.510	-1.127	-3.952
18.520	-1.094	-3.962
18.530	-1.060	-3.967
18.540	-1.026	-3.977
18.550	-0.992	-3.977
18.560	-0.957	-3.981
18.570	-0.921	-3.986
18.580	-0.886	-3.986
18.590	-0.850	-3.991
18.600	-0.813	-3.996
18.610	-0.777	-3.991
18.620	-0.740	-3.996
18.630	-0.702	-3.996
18.640	-0.665	-3.991
18.650	-0.627	-3.991
18.660	-0.589	-3.996
18.670	-0.550	-3.991
18.680	-0.512	-3.991
18.690	-0.473	-3.996
18.700	-0.434	-3.996
18.710	-0.395	-3.991
18.720	-0.356	-3.991
18.730	-0.316	-3.996
18.740	-0.277	-3.996
18.750	-0.237	-3.996
18.760	-0.197	-3.996
18.770	-0.157	-3.991
18.780	-0.117	-3.996
18.790	-0.077	-3.996
18.800	-0.037	-3.996
18.810	0.003	-3.996
18.820	0.043	-3.996
18.830	0.082	-3.991
18.840	0.122	-3.991
18.850	0.162	-3.991
18.860	0.202	-3.996
18.870	0.242	-3.991
18.880	0.282	-3.996
18.890	0.321	-3.991
18.900	0.361	-3.996
18.910	0.400	-3.996
18.920	0.439	-3.996
18.930	0.478	-3.996
18.940	0.517	-3.991
18.950	0.555	-3.991
18.960	0.593	-3.991
18.970	0.632	-3.991
18.980	0.669	-3.986
18.990	0.707	-3.986
19.000	0.744	-3.986
19.010	0.781	-3.986
19.020	0.818	-3.986
19.030	0.854	-3.981
19.040	0.890	-3.981
19.050	0.926	-3.981
19.060	0.961	-3.977
19.070	0.996	-3.972
19.080	1.030	-3.972
19.090	1.064	-3.962
19.100	1.098	-3.957
19.110	1.131	-3.952
19.120	1.164	-3.947
19.130	1.196	-3.933
19.140	1.228	-3.928
19.150	1.260	-3.928
19.160	1.290	-3.918
19.170	1.321	-3.913
19.180	1.350	-3.898
19.190	1.380	-3.884
19.200	1.408	-3.864
19.210	1.436	-3.854
19.220	1.464	-3.845
19.230	1.491	-3.830
19.240	1.517	-3.810
19.250	1.543	-3.796
19.260	1.568	-3.786
19.270	1.593	-3.771
19.280	1.617	-3.752
19.290	1.640	-3.737
19.300	1.662	-3.737
19.310	1.684	-3.727
19.320	1.706	-3.713
19.330	1.726	-3.698
19.340	1.746	-3.674
19.350	1.765	-3.654
19.360	1.784	-3.635
19.370	1.801	-3.610
19.380	1.818	-3.600
19.390	1.835	-3.586
19.400	1.850	-3.576
19.410	1.865	-3.556
19.420	1.879	-3.522
19.430	1.892	-3.508
19.440	1.905	-3.488
19.450	1.917	-3.468
19.460	1.928	-3.439
19.470	1.938	-3.405
19.480	1.948	-3.395
19.490	1.956	-3.376
19.500	1.964	-3.356
19.510	1.971	-3.327
19.520	1.978	-3.298
19.530	1.983	-3.273
19.540	1.988	-3.249
19.550	1.992	-3.219
19.560	1.995	-3.190
19.570	1.998	-3.151
19.580	1.999	-3.131
19.590	2.000	-3.092
19.600	2.000	-3.073
19.610	1.999	-3.039
19.620	1.997	-3.019
19.630	1.995	-2.990
19.640	1.992	-2.965
19.650	1.988	-2.931
19.660	1.983	-2.907
19.670	1.977	-2.892
19.680	1.971	-2.863
19.690	1.964	-2.838
19.700	1.956	-2.819
19.710	1.947	-2.780
19.720	1.938	-2.755
19.730	1.927	-2.736
19.740	1.916	-2.716
19.750	1.904	-2.682
19.760	1.892	-2.653
19.770	1.878	-2.633
19.780	1.864	-2.604
19.790	1.849	-2.579
19.800	1.834	-2.555
19.810	1.818	-2.516
19.820	1.800	-2.496
19.830	1.783	-2.472
19.840	1.764	-2.438
19.850	1.745	-2.413
19.860	1.725	-2.394
19.870	1.705	-2.374
19.880	1.683	-2.345
19.890	1.661	-2.325
19.900	1.639	-2.306
19.910	1.616	-2.281
19.920	1.592	-2.257
19.930	1.567	-2.233
19.940	1.542	-2.223
19.950	1.516	-2.213
19.960	1.490	-2.184
19.970	1.463	-2.169
19.980	1.435	-2.154
19.990	1.407	-2.130
20.000	1.378	-2.115
20.010	1.349	-2.110
20.020	1.319	-2.096
20.030	1.289	-2.076
20.040	1.258	-2.052
20.050	1.227	-2.047
20.060	1.195	-2.042
20.070	1.163	-2.032
20.080	1.130	-2.027
20.090	1.097	-2.013
20.100	1.063	-1.993
20.110	1.029	-1.983
20.120	0.994	-1.974
20.130	0.959	-1.969
20.140	0.924	-1.964
20.150	0.889	-1.954
20.160	0.852	-1.949
20.170	0.816	-1.944
20.180	0.779	-1.939
20.190	0.742	-1.939
20.200	0.705	-1.935
20.210	0.668	-1.935
20.220	0.630	-1.939
20.230	0.592	-1.935
20.240	0.553	-1.935
20.250	0.515	-1.939
20.260	0.476	-1.935
20.270	0.437	-1.935
20.280	0.398	-1.935
20.290	0.359	-1.935
20.300	0.319	-1.935
20.310	0.280	-1.935
20.320	0.240	-1.935
20.330	0.200	-1.935
20.340	0.161	-1.935
20.350	0.121	-1.935
20.360	0.081	-1.935
20.370	0.041	-1.935
20.380	0.001	-1.935
20.390	-0.039	-1.935
20.400	-0.079	-1.935
20.410	-0.119	-1.935
20.420	-0.159	-1.939
20.430	-0.199	-1.935
20.440	-0.239	-1.935
20.450	-0.278	-1.939
20.460	-0.318	-1.939
20.470	-0.357	-1.939
20.480	-0.397	-1.935
20.490	-0.436	-1.935
20.500	-0.475	-1.935
20.510	-0.514	-1.935
20.520	-0.552	-1.939
20.530	-0.590	-1.935
20.540	-0.628	-1.939
20.550	-0.666	-1.939
20.560	-0.704	-1.944
20.570	-0.741	-1.944
20.580	-0.778	-1.944
20.590	-0.815	-1.949
20.600	-0.851	-1.954
20.610	-0.887	-1.959
20.620	-0.923	-1.969
20.630	-0.958	-1.969
20.640	-0.993	-1.974
20.650	-1.028	-1.979
20.660	-1.062	-1.983
20.670	-1.095	-1.988
20.680	-1.129	-1.993
20.690	-1.162	-2.008
20.700	-1.194	-2.018
20.710	-1.226	-2.027
20.720	-1.257	-2.032
20.730	-1.288	-2.037
20.740	-1.318	-2.047
20.750	-1.348	-2.052
20.760	-1.377	-2.057
20.770	-1.406	-2.071
20.780	-1.434	-2.091
20.790	-1.462	-2.101
20.800	-1.489	-2.110
20.810	-1.515	-2.115
20.820	-1.541	-2.130
20.830	-1.566	-2.154
20.840	-1.591	-2.164
20.850	-1.615	-2.179
20.860	-1.638	-2.193
20.870	-1.661	-2.213
20.880	-1.683	-2.223
20.890	-1.704	-2.233
20.900	-1.724	-2.252
20.910	-1.744	-2.281
20.920	-1.764	-2.301
20.930	-1.782	-2.316
20.940	-1.800	-2.335
20.950	-1.817	-2.350
20.960	-1.833	-2.379
20.970	-1.849	-2.399
20.980	-1.864	-2.413
20.990	-1.878	-2.438
21.000	-1.891	-2.467
21.010	-1.904	-2.491
21.020	-1.916	-2.516
21.030	-1.927	-2.540
21.040	-1.937	-2.574
21.050	-1.947	-2.594
21.060	-1.956	-2.618
21.070	-1.964	-2.643
21.080	-1.971	-2.667
21.090	-1.977	-2.706
21.100	-1.983	-2.731
21.110	-1.988	-2.755
21.120	-1.992	-2.780
21.130	-1.995	-2.814
21.140	-1.997	-2.833
21.150	-1.999	-2.863
21.160	-2.000	-2.892
21.170	-2.000	-2.912
21.180	-1.999	-2.931
21.190	-1.998	-2.970
21.200	-1.995	-2.995
21.210	-1.992	-3.024
21.220	-1.988	-3.043
21.230	-1.983	-3.078
21.240	-1.978	-3.092
21.250	-1.972	-3.131
21.260	-1.964	-3.151
21.270	-1.957	-3.180
21.280	-1.948	-3.210
21.290	-1.938	-3.244
21.300	-1.928	-3.268
21.310	-1.917	-3.288
21.320	-1.905	-3.317
21.330	-1.893	-3.346
21.340	-1.880	-3.376
21.350	-1.865	-3.400
21.360	-1.851	-3.415
21.370	-1.835	-3.454
21.380	-1.819	-3.488
21.390	-1.802	-3.508
21.400	-1.784	-3.522
21.410	-1.766	-3.556
21.420	-1.747	-3.581
21.430	-1.727	-3.596
21.440	-1.706	-3.610
21.450	-1.685	-3.639
21.460	-1.663	-3.659
21.470	-1.641	-3.688
21.480	-1.617	-3.713
21.490	-1.594	-3.732
21.500	-1.569	-3.737
21.510	-1.544	-3.752
21.520	-1.518	-3.771
21.530	-1.492	-3.791
21.540	-1.465	-3.810
21.550	-1.437	-3.840
21.560	-1.409	-3.850
21.570	-1.381	-3.864
21.580	-1.351	-3.884
21.590	-1.322	-3.903
21.600	-1.291	-3.918
21.610	-1.261	-3.923
21.620	-1.229	-3.928
21.630	-1.197	-3.947
21.640	-1.165	-3.962
21.650	-1.132	-3.967
21.660	-1.099	-3.972
21.670	-1.066	-3.981
21.680	-1.032	-3.986
21.690	-0.997	-3.996
21.700	-0.962	-4.001
21.710	-0.927	-4.006
21.720	-0.891	-4.016
21.730	-0.855	-4.025
21.740	-0.819	-4.040
21.750	-0.782	-4.045
21.760	-0.745	-4.050
21.770	-0.708	-4.050
21.780	-0.671	-4.055
21.790	-0.633	-4.055
21.800	-0.595	-4.055
21.810	-0.556	-4.055
21.820	-0.518	-4.055
21.830	-0.479	-4.055
21.840	-0.440	-4.055
21.850	-0.401	-4.055
21.860	-0.362	-4.055
21.870	-0.322	-4.055
21.880	-0.283	-4.055
21.890	-0.243	-4.055
21.900	-0.204	-4.055
21.910	-0.164	-4.055
21.920	-0.124	-4.055
21.930	-0.084	-4.055
21.940	-0.044	-4.055
21.950	-0.004	-4.055
21.960	0.036	-4.055
21.970	0.076	-4.055
21.980	0.116	-4.055
21.990	0.156	-4.055
22.000	0.196	-4.055
22.010	0.236	-4.055
22.020	0.275	-4.055
22.030	0.315	-4.055
22.040	0.354	-4.055
22.050	0.394	-4.060
22.060	0.433	-4.055
22.070	0.472	-4.055
22.080	0.510	-4.055
22.090	0.549	-4.055
22.100	0.587	-4.055
22.110	0.625	-4.055
22.120	0.663	-4.055
22.130	0.701	-4.055
22.140	0.738	-4.055
22.150	0.775	-4.050
22.160	0.812	-4.050
22.170	0.848	-4.045
22.180	0.884	-4.045
22.190	0.920	-4.045
22.200	0.955	-4.045
22.210	0.990	-4.040
22.220	1.025	-4.035
22.230	1.059	-4.025
22.240	1.093	-4.025
22.250	1.126	-4.021
22.260	1.159	-4.016
22.270	1.191	-4.011
22.280	1.223	-4.006
22.290	1.255	-4.001
22.300	1.285	-3.991
22.310	1.316	-3.981
22.320	1.346	-3.972
22.330	1.375	-3.962
22.340	1.404	-3.952
22.350	1.432	-3.942
22.360	1.460	-3.928
22.370	1.487	-3.923
22.380	1.513	-3.908
22.390	1.539	-3.889
22.400	1.564	-3.864
22.410	1.589	-3.850
22.420	1.613	-3.845
22.430	1.636	-3.815
22.440	1.659	-3.796
22.450	1.681	-3.786
22.460	1.702	-3.766
22.470	1.723	-3.742
22.480	1.743	-3.732
22.490	1.762	-3.727
22.500	1.781	-3.713
22.510	1.799	-3.693
22.520	1.816	-3.669
22.530	1.832	-3.649
22.540	1.848	-3.625
22.550	1.863	-3.600
22.560	1.877	-3.591
22.570	1.890	-3.576
22.580	1.903	-3.556
22.590	1.915	-3.522
22.600	1.926	-3.512
22.610	1.936	-3.488
22.620	1.946	-3.464
22.630	1.955	-3.434
22.640	1.963	-3.405
22.650	1.970	-3.390
22.660	1.977	-3.371
22.670	1.982	-3.341
22.680	1.987	-3.317
22.690	1.991	-3.288
22.700	1.995	-3.263
22.710	1.997	-3.239
22.720	1.999	-3.210
22.730	2.000	-3.166
22.740	2.000	-3.146
22.750	1.999	-3.117
22.760	1.998	-3.083
22.770	1.995	-3.058
22.780	1.992	-3.029
22.790	1.989	-3.009
22.800	1.984	-2.980
22.810	1.978	-2.956
22.820	1.972	-2.921
22.830	1.965	-2.902
22.840	1.957	-2.882
22.850	1.949	-2.853
22.860	1.939	-2.833
22.870	1.929	-2.804
22.880	1.918	-2.775
22.890	1.906	-2.750
22.900	1.894	-2.731
22.910	1.881	-2.711
22.920	1.867	-2.672
22.930	1.852	-2.648
22.940	1.836	-2.633
22.950	1.820	-2.599
22.960	1.803	-2.579
22.970	1.786	-2.560
22.980	1.767	-2.516
22.990	1.748	-2.496
23.000	1.728	-2.477
23.010	1.708	-2.447
23.020	1.687	-2.418
23.030	1.665	-2.404
23.040	1.642	-2.384
23.050	1.619	-2.350
23.060	1.595	-2.335
23.070	1.571	-2.320
23.080	1.546	-2.301
23.090	1.520	-2.281
23.100	1.494	-2.252
23.110	1.467	-2.233
23.120	1.440	-2.223
23.130	1.412	-2.218
23.140	1.383	-2.203
23.150	1.354	-2.179
23.160	1.324	-2.169
23.170	1.294	-2.154
23.180	1.263	-2.145
23.190	1.232	-2.125
23.200	1.200	-2.115
23.210	1.168	-2.110
23.220	1.135	-2.106
23.230	1.102	-2.091
23.240	1.068	-2.081
23.250	1.034	-2.057
23.260	1.000	-2.047
23.270	0.965	-2.047
23.280	0.930	-2.047
23.290	0.894	-2.042
23.300	0.858	-2.037
23.310	0.822	-2.037
23.320	0.785	-2.037
23.330	0.748	-2.032
23.340	0.711	-2.037
23.350	0.674	-2.032
23.360	0.636	-2.037
23.370	0.598	-2.032
23.380	0.559	-2.032
23.390	0.521	-2.037
23.400	0.482	-2.037
23.410	0.443	-2.037
23.420	0.404	-2.037
23.430	0.365	-2.037
23.440	0.326	-2.037
23.450	0.286	-2.037
23.460	0.246	-2.037
23.470	0.207	-2.037
23.480	0.167	-2.037
23.490	0.127	-2.032
23.500	0.087	-2.032
23.510	0.047	-2.037
23.520	0.007	-2.037
23.530	-0.033	-2.037
23.540	-0.073	-2.037
23.550	-0.113	-2.037
23.560	-0.153	-2.032
23.570	-0.193	-2.037
23.580	-0.232	-2.037
23.590	-0.272	-2.032
23.600	-0.312	-2.037
23.610	-0.351	-2.032
23.620	-0.390	-2.037
23.630	-0.430	-2.037
23.640	-0.469	-2.037
23.650	-0.507	-2.037
23.660	-0.546	-2.037
23.670	-0.584	-2.037
23.680	-0.622	-2.037
23.690	-0.660	-2.037
23.700	-0.698	-2.037
23.710	-0.735	-2.037
23.720	-0.772	-2.037
23.730	-0.809	-2.042
23.740	-0.845	-2.042
23.750	-0.882	-2.042
23.760	-0.917	-2.047
23.770	-0.953	-2.047
23.780	-0.988	-2.047
23.790	-1.022	-2.047
23.800	-1.056	-2.052
23.810	-1.090	-2.052
23.820	-1.123	-2.052
23.830	-1.156	-2.057
23.840	-1.189	-2.062
23.850	-1.221	-2.081
23.860	-1.252	-2.091
23.870	-1.283	-2.096
23.880	-1.313	-2.101
23.890	-1.343	-2.106
23.900	-1.373	-2.110
23.910	-1.402	-2.115
23.920	-1.430	-2.130
23.930	-1.457	-2.140
23.940	-1.485	-2.154
23.950	-1.511	-2.164
23.960	-1.537	-2.169
23.970	-1.562	-2.184
23.980	-1.587	-2.203
23.990	-1.611	-2.218
24.000	-1.634	-2.223
24.010	-1.657	-2.233
24.020	-1.679	-2.257
24.030	-1.701	-2.277
24.040	-1.721	-2.296
24.050	-1.741	-2.311
24.060	-1.761	-2.325
24.070	-1.779	-2.345
24.080	-1.797	-2.364
24.090	-1.814	-2.389
24.100	-1.831	-2.408
24.110	-1.847	-2.428
24.120	-1.862	-2.457
24.130	-1.876	-2.477
24.140	-1.889	-2.496
24.150	-1.902	-2.521
24.160	-1.914	-2.560
24.170	-1.925	-2.579
24.180	-1.936	-2.599
24.190	-1.945	-2.638
24.200	-1.954	-2.653
24.210	-1.962	-2.687
24.220	-1.970	-2.716
24.230	-1.976	-2.736
24.240	-1.982	-2.760
24.250	-1.987	-2.789
24.260	-1.991	-2.819
24.270	-1.994	-2.843
24.280	-1.997	-2.872
24.290	-1.999	-2.897
24.300	-2.000	-2.921
24.310	-2.000	-2.946
24.320	-1.999	-2.975
24.330	-1.998	-3.004
24.340	-1.996	-3.024
24.350	-1.993	-3.048
24.360	-1.989	-3.083
24.370	-1.984	-3.102
24.380	-1.979	-3.141
24.390	-1.973	-3.161
24.400	-1.966	-3.195
24.410	-1.958	-3.219
24.420	-1.949	-3.249
24.430	-1.940	-3.278
24.440	-1.930	-3.302
24.450	-1.919	-3.327
24.460	-1.907	-3.361
24.470	-1.895	-3.385
24.480	-1.882	-3.405
24.490	-1.868	-3.439
24.500	-1.853	-3.473
24.510	-1.838	-3.493
24.520	-1.822	-3.517
24.530	-1.805	-3.547
24.540	-1.787	-3.571
24.550	-1.769	-3.591
24.560	-1.750	-3.610
24.570	-1.730	-3.630
24.580	-1.710	-3.654
24.590	-1.688	-3.679
24.600	-1.667	-3.708
24.610	-1.644	-3.727
24.620	-1.621	-3.737
24.630	-1.597	-3.752
24.640	-1.573	-3.776
24.650	-1.548	-3.796
24.660	-1.522	-3.820
24.670	-1.496	-3.845
24.680	-1.469	-3.854
24.690	-1.442	-3.879
24.700	-1.414	-3.898
24.710	-1.385	-3.913
24.720	-1.356	-3.923
24.730	-1.326	-3.933
24.740	-1.296	-3.952
24.750	-1.266	-3.962
24.760	-1.234	-3.972
24.770	-1.203	-3.981
24.780	-1.170	-3.986
24.790	-1.138	-3.996
24.800	-1.105	-4.006
24.810	-1.071	-4.025
24.820	-1.037	-4.045
24.830	-1.003	-4.050
24.840	-0.968	-4.060
24.850	-0.933	-4.060
24.860	-0.897	-4.064
24.870	-0.861	-4.069
24.880	-0.825	-4.079
24.890	-0.788	-4.084
24.900	-0.751	-4.084
24.910	-0.714	-4.084
24.920	-0.677	-4.089
24.930	-0.639	-4.084
24.940	-0.601	-4.084
24.950	-0.563	-4.084
24.960	-0.524	-4.089
24.970	-0.485	-4.089
24.980	-0.446	-4.089
24.990	-0.407	-4.084
25.000	-0.368	-4.084
25.010	-0.329	-4.084
25.020	-0.289	-4.084
25.030	-0.250	-4.089
25.040	-0.210	-4.089
25.050	-0.170	-4.084
25.060	-0.130	-4.084
25.070	-0.090	-4.084
25.080	-0.050	-4.084
25.090	-0.010	-4.084
25.100	0.030	-4.084
25.110	0.070	-4.084
25.120	0.110	-4.089
25.130	0.150	-4.089
25.140	0.189	-4.084
25.150	0.229	-4.084
25.160	0.269	-4.084
25.170	0.309	-4.084
25.180	0.348	-4.084
25.190	0.387	-4.089
25.200	0.426	-4.089
25.210	0.465	-4.089
25.220	0.504	-4.084
25.230	0.543	-4.084
25.240	0.581	-4.084
25.250	0.619	-4.084
25.260	0.657	-4.084
25.270	0.695	-4.084
25.280	0.732	-4.084
25.290	0.769	-4.084
25.300	0.806	-4.079
25.310	0.843	-4.079
25.320	0.879	-4.079
25.330	0.914	-4.074
25.340	0.950	-4.074
25.350	0.985	-4.069
25.360	1.019	-4.064
25.370	1.054	-4.064
25.380	1.087	-4.060
25.390	1.121	-4.055
25.400	1.154	-4.050
25.410	1.186	-4.045
25.420	1.218	-4.040
25.430	1.250	-4.025
25.440	1.281	-4.011
25.450	1.311	-4.001
25.460	1.341	-3.996
25.470	1.370	-3.986
25.480	1.399	-3.981
25.490	1.428	-3.972
25.500	1.455	-3.962
25.510	1.482	-3.952
25.520	1.509	-3.928
25.530	1.535	-3.923
25.540	1.560	-3.913
25.550	1.585	-3.898
25.560	1.609	-3.879
25.570	1.632	-3.854
25.580	1.655	-3.845
25.590	1.677	-3.820
25.600	1.699	-3.796
25.610	1.720	-3.786
25.620	1.740	-3.762
25.630	1.759	-3.742
25.640	1.778	-3.732
25.650	1.796	-3.727
25.660	1.813	-3.708
25.670	1.829	-3.683
25.680	1.845	-3.659
25.690	1.860	-3.635
25.700	1.875	-3.610
25.710	1.888	-3.600
25.720	1.901	-3.586
25.730	1.913	-3.566
25.740	1.924	-3.542
25.750	1.935	-3.512
25.760	1.945	-3.493
25.770	1.954	-3.473
25.780	1.962	-3.444
25.790	1.969	-3.410
25.800	1.976	-3.395
25.810	1.982	-3.376
25.820	1.987	-3.351
25.830	1.991	-3.327
25.840	1.994	-3.298
25.850	1.997	-3.273
25.860	1.999	-3.249
25.870	2.000	-3.214
25.880	2.000	-3.180
25.890	1.999	-3.151
25.900	1.998	-3.127
25.910	1.996	-3.087
25.920	1.993	-3.063
25.930	1.989	-3.034
25.940	1.985	-3.014
25.950	1.979	-2.985
25.960	1.973	-2.960
25.970	1.966	-2.926
25.980	1.958	-2.907
25.990	1.950	-2.887
26.000	1.941	-2.858
26.010	1.931	-2.833
26.020	1.920	-2.814
26.030	1.908	-2.780
26.040	1.896	-2.750
26.050	1.883	-2.736
26.060	1.869	-2.716
26.070	1.854	-2.687
26.080	1.839	-2.653
26.090	1.823	-2.638
26.100	1.806	-2.604
26.110	1.788	-2.584
26.120	1.770	-2.570
26.130	1.751	-2.531
26.140	1.732	-2.506
26.150	1.711	-2.482
26.160	1.690	-2.462
26.170	1.668	-2.428
26.180	1.646	-2.413
26.190	1.623	-2.394
26.200	1.599	-2.364
26.210	1.575	-2.345
26.220	1.550	-2.330
26.230	1.524	-2.311
26.240	1.498	-2.301
26.250	1.471	-2.272
26.260	1.444	-2.247
26.270	1.416	-2.233
26.280	1.388	-2.223
26.290	1.358	-2.218
26.300	1.329	-2.203
26.310	1.299	-2.184
26.320	1.268	-2.169
26.330	1.237	-2.159
26.340	1.205	-2.149
26.350	1.173	-2.135
26.360	1.140	-2.125
26.370	1.107	-2.115
26.380	1.074	-2.110
26.390	1.040	-2.106
26.400	1.005	-2.101
26.410	0.971	-2.091
26.420	0.935	-2.076
26.430	0.900	-2.057
26.440	0.864	-2.052
26.450	0.828	-2.052
26.460	0.791	-2.047
26.470	0.754	-2.047
26.480	0.717	-2.047
26.490	0.680	-2.047
26.500	0.642	-2.047
26.510	0.604	-2.047
26.520	0.566	-2.047
26.530	0.527	-2.047
26.540	0.488	-2.047
26.550	0.450	-2.047
26.560	0.410	-2.047
26.570	0.371	-2.047
26.580	0.332	-2.047
26.590	0.292	-2.047
26.600	0.253	-2.047
26.610	0.213	-2.047
26.620	0.173	-2.047
26.630	0.133	-2.047
26.640	0.093	-2.047
26.650	0.053	-2.047
26.660	0.013	-2.047
26.670	-0.027	-2.047
26.680	-0.067	-2.047
26.690	-0.107	-2.047
26.700	-0.146	-2.047
26.710	-0.186	-2.047
26.720	-0.226	-2.047
26.730	-0.266	-2.047
26.740	-0.305	-2.047
26.750	-0.345	-2.047
26.760	-0.384	-2.047
26.770	-0.423	-2.047
26.780	-0.462	-2.047
26.790	-0.501	-2.047
26.800	-0.540	-2.047
26.810	-0.578	-2.047
26.820	-0.616	-2.047
26.830	-0.654	-2.047
26.840	-0.692	-2.047
26.850	-0.729	-2.047
26.860	-0.766	-2.047
26.870	-0.803	-2.047
26.880	-0.840	-2.047
26.890	-0.876	-2.047
26.900	-0.912	-2.047
26.910	-0.947	-2.047
26.920	-0.982	-2.052
26.930	-1.017	-2.052
26.940	-1.051	-2.057
26.950	-1.085	-2.057
26.960	-1.118	-2.066
26.970	-1.151	-2.086
26.980	-1.184	-2.091
26.990	-1.216	-2.096
27.000	-1.247	-2.101
27.010	-1.278	-2.106
27.020	-1.309	-2.110
27.030	-1.339	-2.115
27.040	-1.368	-2.125
27.050	-1.397	-2.140
27.060	-1.425	-2.154
27.070	-1.453	-2.164
27.080	-1.480	-2.169
27.090	-1.507	-2.179
27.100	-1.533	-2.198
27.110	-1.558	-2.213
27.120	-1.583	-2.223
27.130	-1.607	-2.228
27.140	-1.631	-2.237
27.150	-1.653	-2.262
27.160	-1.676	-2.286
27.170	-1.697	-2.301
27.180	-1.718	-2.316
27.190	-1.738	-2.335
27.200	-1.758	-2.350
27.210	-1.776	-2.374
27.220	-1.794	-2.399
27.230	-1.812	-2.408
27.240	-1.828	-2.433
27.250	-1.844	-2.462
27.260	-1.859	-2.477
27.270	-1.874	-2.501
27.280	-1.887	-2.531
27.290	-1.900	-2.560
27.300	-1.912	-2.579
27.310	-1.923	-2.604
27.320	-1.934	-2.638
27.330	-1.944	-2.653
27.340	-1.953	-2.682
27.350	-1.961	-2.716
27.360	-1.969	-2.736
27.370	-1.975	-2.760
27.380	-1.981	-2.785
27.390	-1.986	-2.819
27.400	-1.991	-2.838
27.410	-1.994	-2.868
27.420	-1.997	-2.892
27.430	-1.999	-2.912
27.440	-2.000	-2.931
27.450	-2.000	-2.970
27.460	-1.999	-2.995
27.470	-1.998	-3.019
27.480	-1.996	-3.043
27.490	-1.993	-3.078
27.500	-1.990	-3.097
27.510	-1.985	-3.136
27.520	-1.980	-3.156
27.530	-1.974	-3.195
27.540	-1.967	-3.219
27.550	-1.959	-3.249
27.560	-1.951	-3.278
27.570	-1.941	-3.298
27.580	-1.931	-3.332
27.590	-1.921	-3.361
27.600	-1.909	-3.390
27.610	-1.897	-3.405
27.620	-1.884	-3.444
27.630	-1.870	-3.473
27.640	-1.855	-3.498
27.650	-1.840	-3.517
27.660	-1.824	-3.552
27.670	-1.807	-3.581
27.680	-1.790	-3.596
27.690	-1.772	-3.610
27.700	-1.753	-3.635
27.710	-1.733	-3.664
27.720	-1.713	-3.693
27.730	-1.692	-3.718
27.740	-1.670	-3.737
27.750	-1.648	-3.742
27.760	-1.625	-3.771
27.770	-1.601	-3.791
27.780	-1.577	-3.810
27.790	-1.552	-3.845
27.800	-1.526	-3.854
27.810	-1.500	-3.879
27.820	-1.474	-3.898
27.830	-1.446	-3.913
27.840	-1.418	-3.923
27.850	-1.390	-3.942
27.860	-1.361	-3.962
27.870	-1.331	-3.972
27.880	-1.301	-3.981
27.890	-1.270	-3.996
27.900	-1.239	-4.011
27.910	-1.208	-4.035
27.920	-1.176	-4.050
27.930	-1.143	-4.060
27.940	-1.110	-4.069
27.950	-1.076	-4.079
27.960	-1.042	-4.089
27.970	-1.008	-4.099
27.980	-0.973	-4.099
27.990	-0.938	-4.104
28.000	-0.903	-4.108
28.010	-0.867	-4.123
28.020	-0.831	-4.133
28.030	-0.794	-4.138
28.040	-0.757	-4.138
28.050	-0.720	-4.143
28.060	-0.683	-4.143
28.070	-0.645	-4.143
28.080	-0.607	-4.148
28.090	-0.569	-4.143
28.100	-0.530	-4.148
28.110	-0.492	-4.143
28.120	-0.453	-4.143
28.130	-0.414	-4.143
28.140	-0.374	-4.143
28.150	-0.335	-4.148
28.160	-0.296	-4.143
28.170	-0.256	-4.143
28.180	-0.216	-4.143
28.190	-0.176	-4.143
28.200	-0.136	-4.143
28.210	-0.097	-4.143
28.220	-0.057	-4.143
28.230	-0.017	-4.143
28.240	0.023	-4.143
28.250	0.063	-4.143
28.260	0.103	-4.143
28.270	0.143	-4.143
28.280	0.183	-4.143
28.290	0.223	-4.143
28.300	0.263	-4.148
28.310	0.302	-4.143
28.320	0.342	-4.143
28.330	0.381	-4.148
28.340	0.420	-4.143
28.350	0.459	-4.143
28.360	0.498	-4.143
28.370	0.537	-4.143
28.380	0.575	-4.148
28.390	0.613	-4.143
28.400	0.651	-4.148
28.410	0.689	-4.148
28.420	0.726	-4.143
28.430	0.764	-4.143
28.440	0.800	-4.138
28.450	0.837	-4.138
28.460	0.873	-4.138
28.470	0.909	-4.138
28.480	0.944	-4.133
28.490	0.979	-4.128
28.500	1.014	-4.123
28.510	1.048	-4.118
28.520	1.082	-4.108
28.530	1.116	-4.104
28.540	1.149	-4.104
28.550	1.181	-4.104
28.560	1.213	-4.099
28.570	1.245	-4.099
28.580	1.276	-4.094
28.590	1.306	-4.084
28.600	1.336	-4.074
28.610	1.366	-4.064
28.620	1.395	-4.060
28.630	1.423	-4.045
28.640	1.451	-4.035
28.650	1.478	-4.011
28.660	1.505	-3.996
28.670	1.531	-3.986
28.680	1.556	-3.977
28.690	1.581	-3.962
28.700	1.605	-3.952
28.710	1.629	-3.928
28.720	1.652	-3.923
28.730	1.674	-3.903
28.740	1.695	-3.884
28.750	1.716	-3.854
28.760	1.737	-3.845
28.770	1.756	-3.815
28.780	1.775	-3.791
28.790	1.793	-3.776
28.800	1.810	-3.752
28.810	1.827	-3.737
28.820	1.843	-3.727
28.830	1.858	-3.708
28.840	1.872	-3.683
28.850	1.886	-3.654
28.860	1.899	-3.635
28.870	1.911	-3.610
28.880	1.923	-3.596
28.890	1.933	-3.576
28.900	1.943	-3.556
28.910	1.952	-3.532
28.920	1.960	-3.512
28.930	1.968	-3.488
28.940	1.975	-3.464
28.950	1.981	-3.434
28.960	1.986	-3.405
28.970	1.990	-3.390
28.980	1.994	-3.366
28.990	1.997	-3.337
29.000	1.998	-3.317
29.010	2.000	-3.283
29.020	2.000	-3.263
29.030	2.000	-3.224
29.040	1.998	-3.205
29.050	1.996	-3.161
29.060	1.993	-3.141
29.070	1.990	-3.102
29.080	1.985	-3.078
29.090	1.980	-3.048
29.100	1.974	-3.024
29.110	1.967	-3.004
29.120	1.960	-2.975
29.130	1.951	-2.951
29.140	1.942	-2.921
29.150	1.932	-2.897
29.160	1.922	-2.877
29.170	1.910	-2.848
29.180	1.898	-2.829
29.190	1.885	-2.804
29.200	1.871	-2.775
29.210	1.857	-2.750
29.220	1.841	-2.731
29.230	1.825	-2.716
29.240	1.809	-2.682
29.250	1.791	-2.653
29.260	1.773	-2.638
29.270	1.754	-2.609
29.280	1.735	-2.589
29.290	1.714	-2.570
29.300	1.694	-2.535
29.310	1.672	-2.511
29.320	1.650	-2.491
29.330	1.627	-2.472
29.340	1.603	-2.438
29.350	1.579	-2.418
29.360	1.554	-2.404
29.370	1.529	-2.384
29.380	1.502	-2.360
29.390	1.476	-2.345
29.400	1.448	-2.325
29.410	1.421	-2.311
29.420	1.392	-2.301
29.430	1.363	-2.277
29.440	1.334	-2.257
29.450	1.304	-2.237
29.460	1.273	-2.228
29.470	1.242	-2.223
29.480	1.210	-2.218
29.490	1.178	-2.213
29.500	1.146	-2.203
29.510	1.113	-2.184
29.520	1.079	-2.169
29.530	1.045	-2.169
29.540	1.011	-2.164
29.550	0.976	-2.159
29.560	0.941	-2.154
29.570	0.906	-2.149
29.580	0.870	-2.145
29.590	0.834	-2.135
29.600	0.797	-2.130
29.610	0.760	-2.130
29.620	0.723	-2.130
29.630	0.686	-2.125
29.640	0.648	-2.130
29.650	0.610	-2.130
29.660	0.572	-2.130
29.670	0.533	-2.125
29.680	0.495	-2.130
29.690	0.456	-2.130
29.700	0.417	-2.125
29.710	0.378	-2.130
29.720	0.338	-2.130
29.730	0.299	-2.130
29.740	0.259	-2.125
29.750	0.219	-2.130
29.760	0.180	-2.130
29.770	0.140	-2.130
29.780	0.100	-2.130
29.790	0.060	-2.130
29.800	0.020	-2.130
29.810	-0.020	-2.130
29.820	-0.060	-2.125
29.830	-0.100	-2.125
29.840	-0.140	-2.130
29.850	-0.180	-2.130
29.860	-0.220	-2.130
29.870	-0.259	-2.125
29.880	-0.299	-2.130
29.890	-0.339	-2.130
29.900	-0.378	-2.125
29.910	-0.417	-2.130
29.920	-0.456	-2.130
29.930	-0.495	-2.130
29.940	-0.534	-2.130
29.950	-0.572	-2.130
29.960	-0.610	-2.130
29.970	-0.648	-2.130
29.980	-0.686	-2.130
29.990	-0.723	-2.125
30.000	-0.761	-2.125
30.010	-0.797	-2.130
30.020	-0.834	-2.130
30.030	-0.870	-2.130
30.040	-0.906	-2.135
30.050	-0.941	-2.135
30.060	-0.977	-2.140
30.070	-1.011	-2.145
30.080	-1.046	-2.149
30.090	-1.079	-2.154
30.100	-1.113	-2.154
30.110	-1.146	-2.164
30.120	-1.178	-2.164
30.130	-1.211	-2.169
30.140	-1.242	-2.174
30.150	-1.273	-2.184
30.160	-1.304	-2.193
30.170	-1.334	-2.203
30.180	-1.363	-2.218
30.190	-1.392	-2.223
30.200	-1.421	-2.228
30.210	-1.449	-2.233
30.220	-1.476	-2.247
30.230	-1.503	-2.262
30.240	-1.529	-2.281
30.250	-1.554	-2.296
30.260	-1.579	-2.306
30.270	-1.603	-2.320
30.280	-1.627	-2.335
30.290	-1.650	-2.350
30.300	-1.672	-2.369
30.310	-1.694	-2.389
30.320	-1.715	-2.408
30.330	-1.735	-2.418
30.340	-1.755	-2.438
30.350	-1.773	-2.467
30.360	-1.791	-2.482
30.370	-1.809	-2.501
30.380	-1.826	-2.526
30.390	-1.842	-2.560
30.400	-1.857	-2.579
30.410	-1.871	-2.599
30.420	-1.885	-2.628
30.430	-1.898	-2.643
30.440	-1.910	-2.667
30.450	-1.922	-2.702
30.460	-1.932	-2.726
30.470	-1.942	-2.750
30.480	-1.951	-2.770
30.490	-1.960	-2.794
30.500	-1.967	-2.829
30.510	-1.974	-2.843
30.520	-1.980	-2.872
30.530	-1.985	-2.897
30.540	-1.990	-2.921
30.550	-1.993	-2.951
30.560	-1.996	-2.975
30.570	-1.998	-3.004
30.580	-2.000	-3.024
30.590	-2.000	-3.053
30.600	-2.000	-3.083
30.610	-1.998	-3.107
30.620	-1.996	-3.141
30.630	-1.994	-3.161
30.640	-1.990	-3.200
30.650	-1.986	-3.219
30.660	-1.981	-3.258
30.670	-1.975	-3.278
30.680	-1.968	-3.307
30.690	-1.960	-3.337
30.700	-1.952	-3.366
30.710	-1.943	-3.395
30.720	-1.933	-3.415
30.730	-1.922	-3.454
30.740	-1.911	-3.483
30.750	-1.899	-3.508
30.760	-1.886	-3.527
30.770	-1.872	-3.561
30.780	-1.858	-3.581
30.790	-1.843	-3.605
30.800	-1.827	-3.630
30.810	-1.810	-3.659
30.820	-1.793	-3.688
30.830	-1.775	-3.713
30.840	-1.756	-3.732
30.850	-1.736	-3.742
30.860	-1.716	-3.771
30.870	-1.695	-3.796
30.880	-1.674	-3.820
30.890	-1.651	-3.845
30.900	-1.629	-3.864
30.910	-1.605	-3.889
30.920	-1.581	-3.913
30.930	-1.556	-3.928
30.940	-1.531	-3.947
30.950	-1.505	-3.962
30.960	-1.478	-3.977
30.970	-1.451	-3.986
30.980	-1.423	-4.006
30.990	-1.394	-4.040
31.000	-1.365	-4.055
31.010	-1.336	-4.064
31.020	-1.306	-4.079
31.030	-1.275	-4.094
31.040	-1.244	-4.104
31.050	-1.213	-4.118
31.060	-1.181	-4.138
31.070	-1.148	-4.152
31.080	-1.115	-4.162
31.090	-1.082	-4.172
31.100	-1.048	-4.182
31.110	-1.014	-4.187
31.120	-0.979	-4.201
31.130	-0.944	-4.201
31.140	-0.908	-4.206
31.150	-0.873	-4.206
31.160	-0.836	-4.211
31.170	-0.800	-4.216
31.180	-0.763	-4.216
31.190	-0.726	-4.216
31.200	-0.689	-4.216
31.210	-0.651	-4.216
31.220	-0.613	-4.216
31.230	-0.575	-4.221
31.240	-0.536	-4.216
31.250	-0.498	-4.216
31.260	-0.459	-4.216
31.270	-0.420	-4.216
31.280	-0.381	-4.216
31.290	-0.341	-4.216
31.300	-0.302	-4.216
31.310	-0.262	-4.216
31.320	-0.223	-4.216
31.330	-0.183	-4.216
31.340	-0.143	-4.216
31.350	-0.103	-4.216
31.360	-0.063	-4.216
31.370	-0.023	-4.216
31.380	0.017	-4.216
31.390	0.057	-4.216
31.400	0.097	-4.216
31.410	0.137	-4.216
31.420	0.177	-4.216
31.430	0.217	-4.216
31.440	0.256	-4.221
31.450	0.296	-4.216
31.460	0.335	-4.216
31.470	0.375	-4.216
31.480	0.414	-4.216
31.490	0.453	-4.221
31.500	0.492	-4.216
31.510	0.531	-4.216
31.520	0.569	-4.216
31.530	0.607	-4.216
31.540	0.645	-4.216
31.550	0.683	-4.216
31.560	0.720	-4.221
31.570	0.758	-4.216
31.580	0.794	-4.216
31.590	0.831	-4.216
31.600	0.867	-4.216
31.610	0.903	-4.216
31.620	0.939	-4.216
31.630	0.974	-4.216
31.640	1.009	-4.216
31.650	1.043	-4.216
31.660	1.077	-4.211
31.670	1.110	-4.211
31.680	1.143	-4.211
31.690	1.176	-4.211
31.700	1.208	-4.211
31.710	1.240	-4.206
31.720	1.271	-4.206
31.730	1.301	-4.196
31.740	1.332	-4.182
31.750	1.361	-4.167
31.760	1.390	-4.162
31.770	1.419	-4.148
31.780	1.447	-4.138
31.790	1.474	-4.118
31.800	1.501	-4.104
31.810	1.527	-4.099
31.820	1.552	-4.089
31.830	1.577	-4.069
31.840	1.601	-4.060
31.850	1.625	-4.045
31.860	1.648	-4.025
31.870	1.670	-4.006
31.880	1.692	-3.986
31.890	1.713	-3.977
31.900	1.733	-3.962
31.910	1.753	-3.942
31.920	1.772	-3.923
31.930	1.790	-3.908
31.940	1.808	-3.884
31.950	1.824	-3.854
31.960	1.840	-3.840
31.970	1.856	-3.801
31.980	1.870	-3.786
31.990	1.884	-3.762
32.000	1.897	-3.737
32.010	1.909	-3.732
32.020	1.921	-3.708
32.030	1.932	-3.683
32.040	1.942	-3.654
32.050	1.951	-3.630
32.060	1.959	-3.600
32.070	1.967	-3.586
32.080	1.974	-3.571
32.090	1.980	-3.547
32.100	1.985	-3.517
32.110	1.990	-3.493
32.120	1.993	-3.473
32.130	1.996	-3.439
32.140	1.998	-3.405
32.150	2.000	-3.390
32.160	2.000	-3.371
32.170	2.000	-3.341
32.180	1.999	-3.317
32.190	1.997	-3.288
32.200	1.994	-3.263
32.210	1.990	-3.234
32.220	1.986	-3.205
32.230	1.981	-3.161
32.240	1.975	-3.141
32.250	1.968	-3.107
32.260	1.961	-3.083
32.270	1.953	-3.053
32.280	1.944	-3.029
32.290	1.934	-3.004
32.300	1.923	-2.980
32.310	1.912	-2.956
32.320	1.900	-2.921
32.330	1.887	-2.907
32.340	1.873	-2.887
32.350	1.859	-2.858
32.360	1.844	-2.833
32.370	1.828	-2.819
32.380	1.811	-2.785
32.390	1.794	-2.760
32.400	1.776	-2.741
32.410	1.757	-2.721
32.420	1.738	-2.702
32.430	1.718	-2.672
32.440	1.697	-2.648
32.450	1.675	-2.633
32.460	1.653	-2.604
32.470	1.630	-2.589
32.480	1.607	-2.574
32.490	1.583	-2.540
32.500	1.558	-2.516
32.510	1.533	-2.496
32.520	1.507	-2.482
32.530	1.480	-2.462
32.540	1.453	-2.433
32.550	1.425	-2.418
32.560	1.397	-2.404
32.570	1.368	-2.389
32.580	1.338	-2.374
32.590	1.308	-2.355
32.600	1.278	-2.345
32.610	1.247	-2.330
32.620	1.215	-2.320
32.630	1.183	-2.311
32.640	1.151	-2.306
32.650	1.118	-2.296
32.660	1.084	-2.286
32.670	1.051	-2.272
32.680	1.016	-2.262
32.690	0.982	-2.257
32.700	0.947	-2.247
32.710	0.911	-2.242
32.720	0.875	-2.237
32.730	0.839	-2.233
32.740	0.803	-2.233
32.750	0.766	-2.233
32.760	0.729	-2.228
32.770	0.692	-2.228
32.780	0.654	-2.233
32.790	0.616	-2.228
32.800	0.578	-2.233
32.810	0.539	-2.228
32.820	0.501	-2.228
32.830	0.462	-2.233
32.840	0.423	-2.233
32.850	0.384	-2.228
32.860	0.344	-2.228
32.870	0.305	-2.233
32.880	0.265	-2.233
32.890	0.226	-2.233
32.900	0.186	-2.228
32.910	0.146	-2.228
32.920	0.106	-2.233
32.930	0.066	-2.233
32.940	0.026	-2.233
32.950	-0.014	-2.233
32.960	-0.054	-2.233
32.970	-0.094	-2.233
32.980	-0.134	-2.233
32.990	-0.174	-2.233
33.000	-0.213	-2.228
33.010	-0.253	-2.233
33.020	-0.293	-2.228
33.030	-0.332	-2.233
33.040	-0.372	-2.233
33.050	-0.411	-2.233
33.060	-0.450	-2.233
33.070	-0.489	-2.233
33.080	-0.528	-2.233
33.090	-0.566	-2.233
33.100	-0.604	-2.228
33.110	-0.642	-2.228
33.120	-0.680	-2.233
33.130	-0.717	-2.233
33.140	-0.755	-2.233
33.150	-0.792	-2.233
33.160	-0.828	-2.233
33.170	-0.864	-2.233
33.180	-0.900	-2.233
33.190	-0.936	-2.233
33.200	-0.971	-2.237
33.210	-1.006	-2.242
33.220	-1.040	-2.247
33.230	-1.074	-2.252
33.240	-1.108	-2.262
33.250	-1.141	-2.267
33.260	-1.173	-2.277
33.270	-1.205	-2.281
33.280	-1.237	-2.296
33.290	-1.268	-2.296
33.300	-1.299	-2.306
33.310	-1.329	-2.311
33.320	-1.359	-2.325
33.330	-1.388	-2.335
33.340	-1.416	-2.345
33.350	-1.444	-2.355
33.360	-1.472	-2.369
33.370	-1.498	-2.384
33.380	-1.525	-2.399
33.390	-1.550	-2.408
33.400	-1.575	-2.418
33.410	-1.600	-2.438
33.420	-1.623	-2.462
33.430	-1.646	-2.477
33.440	-1.669	-2.496
33.450	-1.690	-2.516
33.460	-1.711	-2.535
33.470	-1.732	-2.570
33.480	-1.751	-2.579
33.490	-1.770	-2.599
33.500	-1.789	-2.623
33.510	-1.806	-2.638
33.520	-1.823	-2.658
33.530	-1.839	-2.692
33.540	-1.854	-2.716
33.550	-1.869	-2.736
33.560	-1.883	-2.755
33.570	-1.896	-2.775
33.580	-1.908	-2.799
33.590	-1.920	-2.829
33.600	-1.931	-2.843
33.610	-1.941	-2.872
33.620	-1.950	-2.897
33.630	-1.959	-2.916
33.640	-1.966	-2.931
33.650	-1.973	-2.970
33.660	-1.979	-2.995
33.670	-1.985	-3.019
33.680	-1.989	-3.039
33.690	-1.993	-3.078
33.700	-1.996	-3.092
33.710	-1.998	-3.131
33.720	-1.999	-3.151
33.730	-2.000	-3.200
33.740	-2.000	-3.210
33.750	-1.999	-3.244
33.760	-1.997	-3.268
33.770	-1.994	-3.298
33.780	-1.991	-3.327
33.790	-1.987	-3.356
33.800	-1.981	-3.385
33.810	-1.976	-3.410
33.820	-1.969	-3.439
33.830	-1.962	-3.478
33.840	-1.953	-3.498
33.850	-1.945	-3.522
33.860	-1.935	-3.556
33.870	-1.924	-3.581
33.880	-1.913	-3.600
33.890	-1.901	-3.630
33.900	-1.888	-3.654
33.910	-1.875	-3.688
33.920	-1.860	-3.713
33.930	-1.845	-3.732
33.940	-1.829	-3.747
33.950	-1.813	-3.776
33.960	-1.796	-3.801
33.970	-1.778	-3.835
33.980	-1.759	-3.854
33.990	-1.739	-3.884
34.000	-1.719	-3.913
34.010	-1.699	-3.928
34.020	-1.677	-3.952
34.030	-1.655	-3.972
34.040	-1.632	-3.981
34.050	-1.609	-4.006
34.060	-1.585	-4.045
34.070	-1.560	-4.060
34.080	-1.535	-4.074
34.090	-1.509	-4.094
34.100	-1.482	-4.108
34.110	-1.455	-4.133
34.120	-1.427	-4.152
34.130	-1.399	-4.172
34.140	-1.370	-4.187
34.150	-1.341	-4.206
34.160	-1.311	-4.216
34.170	-1.280	-4.235
34.180	-1.249	-4.240
34.190	-1.218	-4.245
34.200	-1.186	-4.250
34.210	-1.153	-4.255
34.220	-1.120	-4.260
34.230	-1.087	-4.265
34.240	-1.053	-4.279
34.250	-1.019	-4.289
34.260	-0.984	-4.294
34.270	-0.949	-4.304
34.280	-0.914	-4.309
34.290	-0.878	-4.314
34.300	-0.842	-4.319
34.310	-0.806	-4.319
34.320	-0.769	-4.323
34.330	-0.732	-4.319
34.340	-0.695	-4.323
34.350	-0.657	-4.323
34.360	-0.619	-4.319
34.370	-0.581	-4.323
34.380	-0.542	-4.323
34.390	-0.504	-4.323
34.400	-0.465	-4.323
34.410	-0.426	-4.319
34.420	-0.387	-4.319
34.430	-0.348	-4.323
34.440	-0.308	-4.319
34.450	-0.269	-4.323
34.460	-0.229	-4.319
34.470	-0.189	-4.319
34.480	-0.149	-4.319
34.490	-0.109	-4.319
34.500	-0.069	-4.323
34.510	-0.029	-4.319
34.520	0.011	-4.323
34.530	0.051	-4.319
34.540	0.091	-4.323
34.550	0.131	-4.323
34.560	0.170	-4.323
34.570	0.210	-4.323
34.580	0.250	-4.319
34.590	0.290	-4.323
34.600	0.329	-4.319
34.610	0.369	-4.319
34.620	0.408	-4.319
34.630	0.447	-4.319
34.640	0.486	-4.323
34.650	0.524	-4.319
34.660	0.563	-4.323
34.670	0.601	-4.323
34.680	0.639	-4.319
34.690	0.677	-4.319
34.700	0.715	-4.319
34.710	0.752	-4.319
34.720	0.789	-4.323
34.730	0.825	-4.319
34.740	0.862	-4.319
34.750	0.897	-4.319
34.760	0.933	-4.319
34.770	0.968	-4.314
34.780	1.003	-4.314
34.790	1.037	-4.309
34.800	1.071	-4.309
34.810	1.105	-4.304
34.820	1.138	-4.304
34.830	1.171	-4.304
34.840	1.203	-4.299
34.850	1.235	-4.299
34.860	1.266	-4.294
34.870	1.297	-4.289
34.880	1.327	-4.275
34.890	1.356	-4.260
34.900	1.386	-4.255
34.910	1.414	-4.250
34.920	1.442	-4.245
34.930	1.470	-4.235
34.940	1.496	-4.221
34.950	1.523	-4.216
34.960	1.548	-4.201
34.970	1.573	-4.187
34.980	1.598	-4.167
34.990	1.621	-4.157
35.000	1.644	-4.138
35.010	1.667	-4.118
35.020	1.689	-4.099
35.030	1.710	-4.094
35.040	1.730	-4.074
35.050	1.750	-4.060
35.060	1.769	-4.045
35.070	1.787	-4.011
35.080	1.805	-3.991
35.090	1.822	-3.977
35.100	1.838	-3.962
35.110	1.853	-3.937
35.120	1.868	-3.923
35.130	1.882	-3.898
35.140	1.895	-3.869
35.150	1.907	-3.850
35.160	1.919	-3.810
35.170	1.930	-3.786
35.180	1.940	-3.766
35.190	1.949	-3.737
35.200	1.958	-3.727
35.210	1.966	-3.703
35.220	1.973	-3.674
35.230	1.979	-3.644
35.240	1.984	-3.615
35.250	1.989	-3.596
35.260	1.993	-3.576
35.270	1.996	-3.556
35.280	1.998	-3.522
35.290	1.999	-3.508
35.300	2.000	-3.483
35.310	2.000	-3.449
35.320	1.999	-3.415
35.330	1.997	-3.395
35.340	1.994	-3.376
35.350	1.991	-3.356
35.360	1.987	-3.322
35.370	1.982	-3.298
35.380	1.976	-3.273
35.390	1.970	-3.244
35.400	1.962	-3.210
35.410	1.954	-3.175
35.420	1.945	-3.146
35.430	1.936	-3.127
35.440	1.925	-3.087
35.450	1.914	-3.068
35.460	1.902	-3.039
35.470	1.889	-3.019
35.480	1.876	-2.990
35.490	1.861	-2.970
35.500	1.846	-2.936
35.510	1.831	-2.912
35.520	1.814	-2.897
35.530	1.797	-2.882
35.540	1.779	-2.853
35.550	1.760	-2.833
35.560	1.741	-2.819
35.570	1.721	-2.785
35.580	1.700	-2.765
35.590	1.679	-2.741
35.600	1.657	-2.726
35.610	1.634	-2.711
35.620	1.611	-2.682
35.630	1.587	-2.658
35.640	1.562	-2.643
35.650	1.537	-2.628
35.660	1.511	-2.604
35.670	1.484	-2.589
35.680	1.457	-2.574
35.690	1.429	-2.560
35.700	1.401	-2.535
35.710	1.372	-2.516
35.720	1.343	-2.501
35.730	1.313	-2.482
35.740	1.283	-2.467
35.750	1.252	-2.457
35.760	1.220	-2.428
35.770	1.188	-2.418
35.780	1.156	-2.408
35.790	1.123	-2.399
35.800	1.090	-2.389
35.810	1.056	-2.384
35.820	1.022	-2.369
35.830	0.987	-2.360
35.840	0.952	-2.355
35.850	0.917	-2.345
35.860	0.881	-2.345
35.870	0.845	-2.345
35.880	0.809	-2.340
35.890	0.772	-2.340
35.900	0.735	-2.340
35.910	0.698	-2.340
35.920	0.660	-2.340
35.930	0.622	-2.340
35.940	0.584	-2.340
35.950	0.546	-2.340
35.960	0.507	-2.335
35.970	0.468	-2.335
35.980	0.429	-2.335
35.990	0.390	-2.335
36.000	0.351	-2.335
36.010	0.311	-2.340
36.020	0.272	-2.340
36.030	0.232	-2.335
36.040	0.192	-2.335
36.050	0.152	-2.335
36.060	0.112	-2.335
36.070	0.073	-2.335
36.080	0.033	-2.335
36.090	-0.007	-2.335
36.100	-0.047	-2.340
36.110	-0.087	-2.335
36.120	-0.127	-2.335
36.130	-0.167	-2.335
36.140	-0.207	-2.335
36.150	-0.247	-2.335
36.160	-0.286	-2.335
36.170	-0.326	-2.335
36.180	-0.365	-2.340
36.190	-0.405	-2.335
36.200	-0.444	-2.335
36.210	-0.483	-2.335
36.220	-0.521	-2.340
36.230	-0.560	-2.340
36.240	-0.598	-2.335
36.250	-0.636	-2.335
36.260	-0.674	-2.335
36.270	-0.712	-2.335
36.280	-0.749	-2.335
36.290	-0.786	-2.335
36.300	-0.822	-2.335
36.310	-0.859	-2.340
36.320	-0.895	-2.340
36.330	-0.930	-2.345
36.340	-0.965	-2.345
36.350	-1.000	-2.350
36.360	-1.035	-2.355
36.370	-1.069	-2.360
36.380	-1.102	-2.364
36.390	-1.135	-2.369
36.400	-1.168	-2.379
36.410	-1.200	-2.384
36.420	-1.232	-2.389
36.430	-1.263	-2.399
36.440	-1.294	-2.404
36.450	-1.324	-2.413
36.460	-1.354	-2.418
36.470	-1.383	-2.433
36.480	-1.412	-2.452
36.490	-1.440	-2.462
36.500	-1.467	-2.477
36.510	-1.494	-2.487
36.520	-1.521	-2.496
36.530	-1.546	-2.516
36.540	-1.571	-2.535
36.550	-1.596	-2.560
36.560	-1.620	-2.574
36.570	-1.643	-2.589
36.580	-1.665	-2.609
36.590	-1.687	-2.633
36.600	-1.708	-2.638
36.610	-1.729	-2.658
36.620	-1.748	-2.692
36.630	-1.767	-2.716
36.640	-1.786	-2.731
36.650	-1.803	-2.750
36.660	-1.820	-2.765
36.670	-1.837	-2.789
36.680	-1.852	-2.819
36.690	-1.867	-2.833
36.700	-1.881	-2.853
36.710	-1.894	-2.877
36.720	-1.906	-2.902
36.730	-1.918	-2.916
36.740	-1.929	-2.931
36.750	-1.939	-2.970
36.760	-1.949	-2.990
36.770	-1.957	-3.014
36.780	-1.965	-3.029
36.790	-1.972	-3.063
36.800	-1.978	-3.087
36.810	-1.984	-3.117
36.820	-1.989	-3.141
36.830	-1.992	-3.161
36.840	-1.996	-3.205
36.850	-1.998	-3.224
36.860	-1.999	-3.258
36.870	-2.000	-3.288
36.880	-2.000	-3.312
36.890	-1.999	-3.341
36.900	-1.997	-3.376
36.910	-1.995	-3.400
36.920	-1.991	-3.420
36.930	-1.987	-3.468
36.940	-1.982	-3.493
36.950	-1.977	-3.517
36.960	-1.970	-3.552
36.970	-1.963	-3.576
36.980	-1.955	-3.596
36.990	-1.946	-3.610
37.000	-1.936	-3.649
37.010	-1.926	-3.679
37.020	-1.915	-3.713
37.030	-1.903	-3.732
37.040	-1.890	-3.747
37.050	-1.877	-3.776
37.060	-1.863	-3.801
37.070	-1.848	-3.840
37.080	-1.832	-3.859
37.090	-1.815	-3.889
37.100	-1.798	-3.913
37.110	-1.780	-3.928
37.120	-1.762	-3.962
37.130	-1.743	-3.977
37.140	-1.723	-3.996
37.150	-1.702	-4.021
37.160	-1.681	-4.055
37.170	-1.659	-4.069
37.180	-1.636	-4.094
37.190	-1.613	-4.108
37.200	-1.589	-4.138
37.210	-1.564	-4.157
37.220	-1.539	-4.182
37.230	-1.513	-4.206
37.240	-1.486	-4.221
37.250	-1.459	-4.240
37.260	-1.432	-4.245
37.270	-1.404	-4.255
37.280	-1.375	-4.265
37.290	-1.345	-4.289
37.300	-1.316	-4.309
37.310	-1.285	-4.319
37.320	-1.254	-4.333
37.330	-1.223	-4.338
37.340	-1.191	-4.343
37.350	-1.159	-4.353
37.360	-1.126	-4.358
37.370	-1.092	-4.362
37.380	-1.059	-4.362
37.390	-1.025	-4.367
37.400	-0.990	-4.372
37.410	-0.955	-4.372
37.420	-0.920	-4.382
37.430	-0.884	-4.392
37.440	-0.848	-4.397
37.450	-0.812	-4.397
37.460	-0.775	-4.397
37.470	-0.738	-4.402
37.480	-0.701	-4.402
37.490	-0.663	-4.406
37.500	-0.625	-4.402
37.510	-0.587	-4.402
37.520	-0.549	-4.402
37.530	-0.510	-4.406
37.540	-0.471	-4.406
37.550	-0.432	-4.406
37.560	-0.393	-4.402
37.570	-0.354	-4.402
37.580	-0.314	-4.406
37.590	-0.275	-4.406
37.600	-0.235	-4.406
37.610	-0.195	-4.402
37.620	-0.156	-4.406
37.630	-0.116	-4.402
37.640	-0.076	-4.406
37.650	-0.036	-4.402
37.660	0.004	-4.406
37.670	0.044	-4.402
37.680	0.084	-4.406
37.690	0.124	-4.402
37.700	0.164	-4.402
37.710	0.204	-4.406
37.720	0.244	-4.406
37.730	0.283	-4.402
37.740	0.323	-4.406
37.750	0.362	-4.406
37.760	0.402	-4.402
37.770	0.441	-4.402
37.780	0.480	-4.406
37.790	0.518	-4.406
37.800	0.557	-4.402
37.810	0.595	-4.406
37.820	0.633	-4.406
37.830	0.671	-4.406
37.840	0.709	-4.402
37.850	0.746	-4.402
37.860	0.783	-4.402
37.870	0.819	-4.406
37.880	0.856	-4.406
37.890	0.892	-4.406
37.900	0.927	-4.406
37.910	0.963	-4.402
37.920	0.997	-4.402
37.930	1.032	-4.397
37.940	1.066	-4.397
37.950	1.100	-4.397
37.960	1.133	-4.392
37.970	1.166	-4.392
37.980	1.198	-4.392
37.990	1.230	-4.392
38.000	1.261	-4.392
38.010	1.292	-4.392
38.020	1.322	-4.392
38.030	1.352	-4.392
38.040	1.381	-4.392
38.050	1.410	-4.392
38.060	1.438	-4.382
38.070	1.465	-4.377
38.080	1.492	-4.372
38.090	1.518	-4.367
38.100	1.544	-4.358
38.110	1.569	-4.353
38.120	1.594	-4.338
38.130	1.618	-4.333
38.140	1.641	-4.323
38.150	1.663	-4.309
38.160	1.685	-4.284
38.170	1.706	-4.255
38.180	1.727	-4.250
38.190	1.747	-4.240
38.200	1.766	-4.221
38.210	1.784	-4.211
38.220	1.802	-4.187
38.230	1.819	-4.162
38.240	1.835	-4.143
38.250	1.851	-4.118
38.260	1.866	-4.099
38.270	1.880	-4.084
38.280	1.893	-4.060
38.290	1.905	-4.045
38.300	1.917	-4.006
38.310	1.928	-3.986
38.320	1.938	-3.967
38.330	1.948	-3.952
38.340	1.957	-3.923
38.350	1.965	-3.903
38.360	1.972	-3.869
38.370	1.978	-3.845
38.380	1.983	-3.806
38.390	1.988	-3.786
38.400	1.992	-3.752
38.410	1.995	-3.732
38.420	1.998	-3.718
38.430	1.999	-3.688
38.440	2.000	-3.654
38.450	2.000	-3.625
38.460	1.999	-3.600
38.470	1.997	-3.581
38.480	1.995	-3.556
38.490	1.992	-3.527
38.500	1.988	-3.508
38.510	1.983	-3.483
38.520	1.977	-3.444
38.530	1.971	-3.415
38.540	1.963	-3.395
38.550	1.955	-3.376
38.560	1.947	-3.356
38.570	1.937	-3.322
38.580	1.927	-3.298
38.590	1.916	-3.273
38.600	1.904	-3.244
38.610	1.891	-3.219
38.620	1.878	-3.185
38.630	1.864	-3.156
38.640	1.849	-3.136
38.650	1.833	-3.097
38.660	1.817	-3.078
38.670	1.800	-3.053
38.680	1.782	-3.029
38.690	1.763	-3.014
38.700	1.744	-2.990
38.710	1.724	-2.970
38.720	1.704	-2.946
38.730	1.682	-2.916
38.740	1.660	-2.907
38.750	1.638	-2.892
38.760	1.614	-2.872
38.770	1.591	-2.848
38.780	1.566	-2.833
38.790	1.541	-2.819
38.800	1.515	-2.794
38.810	1.489	-2.775
38.820	1.462	-2.755
38.830	1.434	-2.745
38.840	1.406	-2.736
38.850	1.377	-2.721
38.860	1.348	-2.711
38.870	1.318	-2.687
38.880	1.288	-2.672
38.890	1.257	-2.658
38.900	1.225	-2.648
38.910	1.194	-2.638
38.920	1.161	-2.633
38.930	1.128	-2.623
38.940	1.095	-2.604
38.950	1.061	-2.599
38.960	1.027	-2.594
38.970	0.993	-2.584
38.980	0.958	-2.579
38.990	0.923	-2.579
39.000	0.887	-2.574
39.010	0.851	-2.574
39.020	0.815	-2.570
39.030	0.778	-2.570
39.040	0.741	-2.565
39.050	0.704	-2.560
39.060	0.666	-2.555
39.070	0.628	-2.555
39.080	0.590	-2.550
39.090	0.552	-2.550
39.100	0.513	-2.550
39.110	0.474	-2.550
39.120	0.435	-2.545
39.130	0.396	-2.550
39.140	0.357	-2.550
39.150	0.318	-2.550
39.160	0.278	-2.545
39.170	0.238	-2.550
39.180	0.199	-2.550
39.190	0.159	-2.545
39.200	0.119	-2.550
39.210	0.079	-2.545
39.220	0.039	-2.550
39.230	-0.001	-2.550
39.240	-0.041	-2.545
39.250	-0.081	-2.545
39.260	-0.121	-2.550
39.270	-0.161	-2.550
39.280	-0.201	-2.550
39.290	-0.241	-2.550
39.300	-0.280	-2.545
39.310	-0.320	-2.550
39.320	-0.359	-2.545
39.330	-0.398	-2.545
39.340	-0.438	-2.550
39.350	-0.476	-2.545
39.360	-0.515	-2.545
39.370	-0.554	-2.545
39.380	-0.592	-2.545
39.390	-0.630	-2.545
39.400	-0.668	-2.545
39.410	-0.706	-2.545
39.420	-0.743	-2.550
39.430	-0.780	-2.545
39.440	-0.817	-2.550
39.450	-0.853	-2.545
39.460	-0.889	-2.555
39.470	-0.925	-2.555
39.480	-0.960	-2.560
39.490	-0.995	-2.560
39.500	-1.029	-2.565
39.510	-1.063	-2.570
39.520	-1.097	-2.570
39.530	-1.130	-2.574
39.540	-1.163	-2.579
39.550	-1.195	-2.594
39.560	-1.227	-2.599
39.570	-1.258	-2.609
39.580	-1.289	-2.618
39.590	-1.320	-2.633
39.600	-1.349	-2.638
39.610	-1.379	-2.648
39.620	-1.407	-2.658
39.630	-1.435	-2.677
39.640	-1.463	-2.692
39.650	-1.490	-2.711
39.660	-1.516	-2.721
39.670	-1.542	-2.736
39.680	-1.567	-2.745
39.690	-1.592	-2.755
39.700	-1.616	-2.770
39.710	-1.639	-2.789
39.720	-1.662	-2.804
39.730	-1.684	-2.824
39.740	-1.705	-2.833
39.750	-1.725	-2.848
39.760	-1.745	-2.872
39.770	-1.764	-2.892
39.780	-1.783	-2.907
39.790	-1.801	-2.916
39.800	-1.818	-2.936
39.810	-1.834	-2.965
39.820	-1.850	-2.985
39.830	-1.864	-3.009
39.840	-1.879	-3.024
39.850	-1.892	-3.043
39.860	-1.905	-3.078
39.870	-1.916	-3.092
39.880	-1.927	-3.127
39.890	-1.938	-3.146
39.900	-1.947	-3.166
39.910	-1.956	-3.205
39.920	-1.964	-3.219
39.930	-1.971	-3.258
39.940	-1.977	-3.283
39.950	-1.983	-3.307
39.960	-1.988	-3.337
39.970	-1.992	-3.366
39.980	-1.995	-3.395
39.990	-1.997	-3.410
40.000	-1.999	-3.449
40.010	-2.000	-3.483
40.020	-2.000	-3.508
40.030	-1.999	-3.537
40.040	-1.998	-3.571
40.050	-1.995	-3.591
40.060	-1.992	-3.610
40.070	-1.988	-3.639
40.080	-1.983	-3.674
40.090	-1.978	-3.708
40.100	-1.971	-3.732
40.110	-1.964	-3.742
40.120	-1.956	-3.776
40.130	-1.947	-3.806
40.140	-1.938	-3.845
40.150	-1.928	-3.864
40.160	-1.917	-3.898
40.170	-1.905	-3.923
40.180	-1.892	-3.947
40.190	-1.879	-3.967
40.200	-1.865	-3.986
40.210	-1.850	-4.016
40.220	-1.834	-4.055
40.230	-1.818	-4.069
40.240	-1.801	-4.099
40.250	-1.783	-4.118
40.260	-1.765	-4.152
40.270	-1.746	-4.177
40.280	-1.726	-4.206
40.290	-1.705	-4.226
40.300	-1.684	-4.245
40.310	-1.662	-4.255
40.320	-1.640	-4.279
40.330	-1.616	-4.309
40.340	-1.592	-4.333
40.350	-1.568	-4.343
40.360	-1.543	-4.358
40.370	-1.517	-4.367
40.380	-1.491	-4.397
40.390	-1.464	-4.406
40.400	-1.436	-4.431
40.410	-1.408	-4.441
40.420	-1.379	-4.450
40.430	-1.350	-4.465
40.440	-1.320	-4.480
40.450	-1.290	-4.494
40.460	-1.259	-4.509
40.470	-1.228	-4.533
40.480	-1.196	-4.548
40.490	-1.164	-4.553
40.500	-1.131	-4.563
40.510	-1.098	-4.563
40.520	-1.064	-4.568
40.530	-1.030	-4.577
40.540	-0.996	-4.592
40.550	-0.961	-4.602
40.560	-0.925	-4.612
40.570	-0.890	-4.617
40.580	-0.854	-4.626
40.590	-0.817	-4.626
40.600	-0.781	-4.631
40.610	-0.744	-4.631
40.620	-0.706	-4.631
40.630	-0.669	-4.631
40.640	-0.631	-4.631
40.650	-0.593	-4.631
40.660	-0.555	-4.631
40.670	-0.516	-4.631
40.680	-0.477	-4.631
40.690	-0.438	-4.631
40.700	-0.399	-4.631
40.710	-0.360	-4.631
40.720	-0.321	-4.631
40.730	-0.281	-4.631
40.740	-0.241	-4.631
40.750	-0.202	-4.631
40.760	-0.162	-4.631
40.770	-0.122	-4.631
40.780	-0.082	-4.631
40.790	-0.042	-4.631
40.800	-0.002	-4.631
40.810	0.038	-4.631
40.820	0.078	-4.631
40.830	0.118	-4.631
40.840	0.158	-4.631
40.850	0.198	-4.631
40.860	0.237	-4.631
40.870	0.277	-4.631
40.880	0.317	-4.631
40.890	0.356	-4.631
40.900	0.395	-4.631
40.910	0.434	-4.631
40.920	0.473	-4.631
40.930	0.512	-4.631
40.940	0.551	-4.631
40.950	0.589	-4.631
40.960	0.627	-4.626
40.970	0.665	-4.626
40.980	0.703	-4.626
40.990	0.740	-4.621
41.000	0.777	-4.621
41.010	0.814	-4.617
41.020	0.850	-4.617
41.030	0.886	-4.612
41.040	0.922	-4.612
41.050	0.957	-4.602
41.060	0.992	-4.592
41.070	1.026	-4.587
41.080	1.061	-4.577
41.090	1.094	-4.573
41.100	1.128	-4.568
41.110	1.160	-4.563
41.120	1.193	-4.563
41.130	1.225	-4.558
41.140	1.256	-4.558
41.150	1.287	-4.558
41.160	1.317	-4.553
41.170	1.347	-4.553
41.180	1.376	-4.548
41.190	1.405	-4.538
41.200	1.433	-4.529
41.210	1.461	-4.514
41.220	1.488	-4.499
41.230	1.514	-4.489
41.240	1.540	-4.480
41.250	1.565	-4.465
41.260	1.590	-4.455
41.270	1.614	-4.446
41.280	1.637	-4.436
41.290	1.660	-4.426
41.300	1.682	-4.406
41.310	1.703	-4.392
41.320	1.724	-4.372
41.330	1.744	-4.358
41.340	1.763	-4.343
41.350	1.781	-4.338
41.360	1.799	-4.323
41.370	1.816	-4.304
41.380	1.833	-4.270
41.390	1.848	-4.250
41.400	1.863	-4.245
41.410	1.877	-4.226
41.420	1.891	-4.211
41.430	1.904	-4.182
41.440	1.915	-4.157
41.450	1.927	-4.138
41.460	1.937	-4.099
41.470	1.946	-4.089
41.480	1.955	-4.064
41.490	1.963	-4.045
41.500	1.971	-4.011
41.510	1.977	-3.986
41.520	1.983	-3.967
41.530	1.988	-3.947
41.540	1.992	-3.923
41.550	1.995	-3.898
41.560	1.997	-3.864
41.570	1.999	-3.845
41.580	2.000	-3.796
41.590	2.000	-3.776
41.600	1.999	-3.742
41.610	1.998	-3.732
41.620	1.995	-3.708
41.630	1.992	-3.669
41.640	1.988	-3.639
41.650	1.984	-3.610
41.660	1.978	-3.591
41.670	1.972	-3.571
41.680	1.965	-3.547
41.690	1.957	-3.512
41.700	1.948	-3.493
41.710	1.939	-3.468
41.720	1.929	-3.434
41.730	1.918	-3.405
41.740	1.906	-3.390
41.750	1.893	-3.366
41.760	1.880	-3.337
41.770	1.866	-3.317
41.780	1.851	-3.288
41.790	1.836	-3.263
41.800	1.819	-3.244
41.810	1.802	-3.214
41.820	1.785	-3.185
41.830	1.766	-3.156
41.840	1.747	-3.136
41.850	1.727	-3.107
41.860	1.707	-3.087
41.870	1.686	-3.063
41.880	1.664	-3.043
41.890	1.641	-3.024
41.900	1.618	-3.009
41.910	1.594	-2.990
41.920	1.570	-2.970
41.930	1.545	-2.951
41.940	1.519	-2.926
41.950	1.493	-2.916
41.960	1.466	-2.902
41.970	1.438	-2.892
41.980	1.410	-2.882
41.990	1.382	-2.868
42.000	1.352	-2.848
42.010	1.323	-2.838
42.020	1.292	-2.829
42.030	1.262	-2.819
42.040	1.230	-2.794
42.050	1.199	-2.789
42.060	1.166	-2.775
42.070	1.134	-2.765
42.080	1.100	-2.755
42.090	1.067	-2.750
42.100	1.033	-2.745
42.110	0.998	-2.736
42.120	0.963	-2.736
42.130	0.928	-2.726
42.140	0.893	-2.726
42.150	0.857	-2.721
42.160	0.820	-2.716
42.170	0.784	-2.716
42.180	0.747	-2.716
42.190	0.709	-2.716
42.200	0.672	-2.711
42.210	0.634	-2.711
42.220	0.596	-2.711
42.230	0.558	-2.711
42.240	0.519	-2.711
42.250	0.481	-2.711
42.260	0.442	-2.711
42.270	0.403	-2.711
42.280	0.363	-2.711
42.290	0.324	-2.711
42.300	0.284	-2.711
42.310	0.245	-2.711
42.320	0.205	-2.711
42.330	0.165	-2.711
42.340	0.125	-2.711
