0.010	1.954	-2.872
0.020	1.973	-2.843
0.030	1.987	-2.829
0.040	1.996	-2.804
0.050	2.000	-2.780
0.060	1.999	-2.750
0.070	1.993	-2.731
0.080	1.982	-2.711
0.090	1.966	-2.677
0.100	1.945	-2.648
0.110	1.920	-2.628
0.120	1.889	-2.594
0.130	1.854	-2.574
0.140	1.814	-2.535
0.150	1.770	-2.506
0.160	1.721	-2.487
0.170	1.668	-2.462
0.180	1.611	-2.428
0.190	1.549	-2.408
0.200	1.484	-2.389
0.210	1.415	-2.364
0.220	1.343	-2.345
0.230	1.267	-2.330
0.240	1.188	-2.311
0.250	1.107	-2.301
0.260	1.022	-2.286
0.270	0.935	-2.272
0.280	0.845	-2.257
0.290	0.753	-2.247
0.300	0.660	-2.242
0.310	0.565	-2.237
0.320	0.468	-2.237
0.330	0.370	-2.237
0.340	0.272	-2.233
0.350	0.172	-2.237
0.360	0.073	-2.233
0.370	-0.027	-2.237
0.380	-0.127	-2.233
0.390	-0.227	-2.233
0.400	-0.326	-2.237
0.410	-0.424	-2.237
0.420	-0.521	-2.237
0.430	-0.617	-2.237
0.440	-0.712	-2.233
0.450	-0.804	-2.233
0.460	-0.895	-2.237
0.470	-0.983	-2.237
0.480	-1.069	-2.237
0.490	-1.152	-2.247
0.500	-1.232	-2.252
0.510	-1.309	-2.262
0.520	-1.383	-2.277
0.530	-1.454	-2.291
0.540	-1.521	-2.296
0.550	-1.584	-2.306
0.560	-1.643	-2.320
0.570	-1.698	-2.335
0.580	-1.748	-2.345
0.590	-1.795	-2.360
0.600	-1.837	-2.384
0.610	-1.874	-2.404
0.620	-1.906	-2.423
0.630	-1.934	-2.443
0.640	-1.957	-2.467
0.650	-1.975	-2.496
0.660	-1.989	-2.516
0.670	-1.997	-2.540
0.680	-2.000	-2.574
0.690	-1.998	-2.599
0.700	-1.991	-2.633
0.710	-1.980	-2.648
0.720	-1.963	-2.677
0.730	-1.941	-2.716
0.740	-1.915	-2.736
0.750	-1.884	-2.755
0.760	-1.848	-2.780
0.770	-1.807	-2.814
0.780	-1.762	-2.833
0.790	-1.712	-2.853
0.800	-1.659	-2.882
0.810	-1.601	-2.902
0.820	-1.539	-2.916
0.830	-1.473	-2.931
0.840	-1.404	-2.956
0.850	-1.331	-2.975
0.860	-1.254	-2.985
0.870	-1.175	-3.004
0.880	-1.092	-3.014
0.890	-1.007	-3.024
0.900	-0.920	-3.029
0.910	-0.830	-3.034
0.920	-0.738	-3.043
0.930	-0.644	-3.048
0.940	-0.549	-3.053
0.950	-0.452	-3.053
0.960	-0.354	-3.053
0.970	-0.255	-3.053
0.980	-0.156	-3.053
0.990	-0.056	-3.053
1.000	0.044	-3.053
1.010	0.144	-3.053
1.020	0.244	-3.053
1.030	0.343	-3.053
1.040	0.441	-3.058
1.050	0.538	-3.053
1.060	0.633	-3.053
1.070	0.727	-3.058
1.080	0.819	-3.053
1.090	0.910	-3.053
1.100	0.997	-3.053
1.110	1.083	-3.048
1.120	1.166	-3.043
1.130	1.245	-3.039
1.140	1.322	-3.034
1.150	1.395	-3.029
1.160	1.465	-3.024
1.170	1.531	-3.019
1.180	1.594	-3.009
1.190	1.652	-2.995
1.200	1.706	-2.985
1.210	1.756	-2.970
1.220	1.802	-2.951
1.230	1.843	-2.931
1.240	1.880	-2.912
1.250	1.911	-2.902
1.260	1.938	-2.887
1.270	1.961	-2.863
1.280	1.978	-2.843
1.290	1.990	-2.824
1.300	1.998	-2.794
1.310	2.000	-2.770
1.320	1.997	-2.745
1.330	1.990	-2.721
1.340	1.977	-2.697
1.350	1.960	-2.662
1.360	1.937	-2.643
1.370	1.910	-2.614
1.380	1.878	-2.589
1.390	1.841	-2.570
1.400	1.800	-2.526
1.410	1.754	-2.501
1.420	1.704	-2.477
1.430	1.649	-2.452
1.440	1.591	-2.418
1.450	1.528	-2.404
1.460	1.462	-2.379
1.470	1.391	-2.355
1.480	1.318	-2.335
1.490	1.241	-2.325
1.500	1.161	-2.306
1.510	1.078	-2.296
1.520	0.993	-2.277
1.530	0.905	-2.262
1.540	0.815	-2.252
1.550	0.722	-2.242
1.560	0.628	-2.237
1.570	0.532	-2.233
1.580	0.435	-2.233
1.590	0.337	-2.233
1.600	0.238	-2.233
1.610	0.139	-2.233
1.620	0.039	-2.233
1.630	-0.061	-2.233
1.640	-0.161	-2.233
1.650	-0.260	-2.233
1.660	-0.359	-2.233
1.670	-0.457	-2.237
1.680	-0.554	-2.233
1.690	-0.649	-2.237
1.700	-0.743	-2.233
1.710	-0.835	-2.233
1.720	-0.925	-2.237
1.730	-1.012	-2.233
1.740	-1.097	-2.237
1.750	-1.179	-2.242
1.760	-1.258	-2.247
1.770	-1.335	-2.257
1.780	-1.407	-2.272
1.790	-1.477	-2.281
1.800	-1.542	-2.296
1.810	-1.604	-2.306
1.820	-1.662	-2.316
1.830	-1.715	-2.330
1.840	-1.764	-2.345
1.850	-1.809	-2.360
1.860	-1.850	-2.384
1.870	-1.885	-2.404
1.880	-1.916	-2.418
1.890	-1.943	-2.443
1.900	-1.964	-2.467
1.910	-1.980	-2.491
1.920	-1.992	-2.516
1.930	-1.998	-2.545
1.940	-2.000	-2.574
1.950	-1.996	-2.594
1.960	-1.988	-2.628
1.970	-1.975	-2.648
1.980	-1.956	-2.677
1.990	-1.933	-2.711
2.000	-1.905	-2.736
2.010	-1.872	-2.755
2.020	-1.834	-2.780
2.030	-1.792	-2.814
2.040	-1.746	-2.833
2.050	-1.695	-2.853
2.060	-1.640	-2.882
2.070	-1.580	-2.897
2.080	-1.517	-2.912
2.090	-1.450	-2.926
2.100	-1.379	-2.951
2.110	-1.305	-2.970
2.120	-1.228	-2.985
2.130	-1.147	-3.000
2.140	-1.064	-3.014
2.150	-0.978	-3.019
2.160	-0.890	-3.024
2.170	-0.799	-3.029
2.180	-0.706	-3.034
2.190	-0.612	-3.043
2.200	-0.516	-3.043
2.210	-0.419	-3.043
2.220	-0.321	-3.043
2.230	-0.222	-3.043
2.240	-0.122	-3.043
2.250	-0.022	-3.048
2.260	0.078	-3.043
2.270	0.178	-3.048
2.280	0.277	-3.048
2.290	0.376	-3.048
2.300	0.473	-3.043
2.310	0.570	-3.043
2.320	0.665	-3.043
2.330	0.758	-3.043
2.340	0.850	-3.043
2.350	0.939	-3.043
2.360	1.026	-3.043
2.370	1.111	-3.043
2.380	1.193	-3.039
2.390	1.271	-3.034
2.400	1.347	-3.029
2.410	1.419	-3.024
2.420	1.488	-3.024
2.430	1.553	-3.014
2.440	1.614	-3.000
2.450	1.671	-2.985
2.460	1.724	-2.975
2.470	1.772	-2.960
2.480	1.816	-2.931
2.490	1.856	-2.916
2.500	1.891	-2.907
2.510	1.921	-2.892
2.520	1.946	-2.872
2.530	1.967	-2.848
2.540	1.983	-2.833
2.550	1.993	-2.809
2.560	1.999	-2.780
2.570	2.000	-2.755
2.580	1.995	-2.736
2.590	1.986	-2.711
2.600	1.972	-2.677
2.610	1.953	-2.648
2.620	1.929	-2.628
2.630	1.900	-2.599
2.640	1.866	-2.574
2.650	1.828	-2.540
2.660	1.785	-2.506
2.670	1.737	-2.487
2.680	1.686	-2.462
2.690	1.630	-2.428
2.700	1.570	-2.408
2.710	1.506	-2.389
2.720	1.438	-2.360
2.730	1.367	-2.340
2.740	1.292	-2.325
2.750	1.215	-2.311
2.760	1.134	-2.301
2.770	1.050	-2.281
2.780	0.963	-2.262
2.790	0.875	-2.247
2.800	0.784	-2.237
2.810	0.691	-2.233
2.820	0.596	-2.233
2.830	0.500	-2.233
2.840	0.403	-2.233
2.850	0.304	-2.233
2.860	0.205	-2.233
2.870	0.105	-2.233
2.880	0.005	-2.228
2.890	-0.095	-2.233
2.900	-0.194	-2.233
2.910	-0.294	-2.233
2.920	-0.392	-2.233
2.930	-0.490	-2.233
2.940	-0.586	-2.233
2.950	-0.681	-2.233
2.960	-0.774	-2.233
2.970	-0.865	-2.233
2.980	-0.954	-2.233
2.990	-1.041	-2.228
3.000	-1.125	-2.233
3.010	-1.206	-2.237
3.020	-1.284	-2.242
3.030	-1.359	-2.257
3.040	-1.431	-2.267
3.050	-1.499	-2.281
3.060	-1.563	-2.296
3.070	-1.624	-2.306
3.080	-1.680	-2.316
3.090	-1.732	-2.330
3.100	-1.780	-2.345
3.110	-1.823	-2.360
3.120	-1.862	-2.384
3.130	-1.896	-2.404
3.140	-1.926	-2.418
3.150	-1.950	-2.443
3.160	-1.970	-2.467
3.170	-1.985	-2.491
3.180	-1.995	-2.516
3.190	-1.999	-2.545
3.200	-1.999	-2.574
3.210	-1.994	-2.599
3.220	-1.984	-2.633
3.230	-1.969	-2.653
3.240	-1.949	-2.687
3.250	-1.924	-2.716
3.260	-1.894	-2.736
3.270	-1.860	-2.760
3.280	-1.821	-2.785
3.290	-1.777	-2.819
3.300	-1.729	-2.833
3.310	-1.677	-2.858
3.320	-1.620	-2.882
3.330	-1.559	-2.902
3.340	-1.495	-2.916
3.350	-1.427	-2.926
3.360	-1.355	-2.956
3.370	-1.280	-2.970
3.380	-1.201	-2.985
3.390	-1.120	-3.000
3.400	-1.036	-3.014
3.410	-0.949	-3.014
3.420	-0.860	-3.024
3.430	-0.768	-3.029
3.440	-0.675	-3.029
3.450	-0.580	-3.034
3.460	-0.484	-3.043
3.470	-0.386	-3.039
3.480	-0.287	-3.043
3.490	-0.188	-3.043
3.500	-0.088	-3.043
3.510	0.012	-3.039
3.520	0.111	-3.039
3.530	0.211	-3.043
3.540	0.310	-3.043
3.550	0.409	-3.039
3.560	0.506	-3.043
3.570	0.602	-3.039
3.580	0.697	-3.039
3.590	0.789	-3.043
3.600	0.880	-3.043
3.610	0.969	-3.043
3.620	1.055	-3.039
3.630	1.139	-3.034
3.640	1.220	-3.034
3.650	1.297	-3.029
3.660	1.372	-3.024
3.670	1.443	-3.024
3.680	1.510	-3.014
3.690	1.574	-3.004
3.700	1.634	-2.990
3.710	1.689	-2.980
3.720	1.741	-2.970
3.730	1.788	-2.951
3.740	1.830	-2.926
3.750	1.868	-2.912
3.760	1.902	-2.902
3.770	1.930	-2.887
3.780	1.954	-2.863
3.790	1.973	-2.843
3.800	1.987	-2.824
3.810	1.996	-2.794
3.820	2.000	-2.765
3.830	1.999	-2.745
3.840	1.993	-2.726
3.850	1.982	-2.697
3.860	1.966	-2.662
3.870	1.945	-2.638
3.880	1.919	-2.614
3.890	1.889	-2.589
3.900	1.854	-2.570
3.910	1.814	-2.521
3.920	1.769	-2.501
3.930	1.721	-2.477
3.940	1.667	-2.447
3.950	1.610	-2.418
3.960	1.549	-2.404
3.970	1.484	-2.379
3.980	1.415	-2.350
3.990	1.342	-2.335
4.000	1.267	-2.320
4.010	1.188	-2.306
4.020	1.106	-2.291
4.030	1.021	-2.272
4.040	0.934	-2.257
4.050	0.844	-2.242
4.060	0.753	-2.233
4.070	0.659	-2.233
4.080	0.564	-2.233
4.090	0.467	-2.228
4.100	0.370	-2.228
4.110	0.271	-2.233
4.120	0.171	-2.228
4.130	0.072	-2.228
4.140	-0.028	-2.233
4.150	-0.128	-2.228
4.160	-0.228	-2.233
4.170	-0.327	-2.228
4.180	-0.425	-2.228
4.190	-0.522	-2.233
4.200	-0.618	-2.233
4.210	-0.712	-2.233
4.220	-0.805	-2.228
4.230	-0.895	-2.233
4.240	-0.984	-2.233
4.250	-1.069	-2.233
4.260	-1.153	-2.233
4.270	-1.233	-2.233
4.280	-1.310	-2.242
4.290	-1.384	-2.257
4.300	-1.454	-2.267
4.310	-1.521	-2.281
4.320	-1.584	-2.296
4.330	-1.643	-2.306
4.340	-1.698	-2.316
4.350	-1.749	-2.330
4.360	-1.795	-2.345
4.370	-1.837	-2.364
4.380	-1.874	-2.389
4.390	-1.907	-2.404
4.400	-1.935	-2.423
4.410	-1.957	-2.452
4.420	-1.976	-2.472
4.430	-1.989	-2.496
4.440	-1.997	-2.521
4.450	-2.000	-2.555
4.460	-1.998	-2.579
4.470	-1.991	-2.599
4.480	-1.979	-2.638
4.490	-1.963	-2.653
4.500	-1.941	-2.687
4.510	-1.915	-2.716
4.520	-1.883	-2.741
4.530	-1.847	-2.765
4.540	-1.807	-2.789
4.550	-1.761	-2.819
4.560	-1.712	-2.838
4.570	-1.658	-2.858
4.580	-1.600	-2.887
4.590	-1.538	-2.902
4.600	-1.472	-2.916
4.610	-1.403	-2.931
4.620	-1.330	-2.951
4.630	-1.254	-2.970
4.640	-1.174	-2.985
4.650	-1.092	-2.995
4.660	-1.007	-3.004
4.670	-0.919	-3.014
4.680	-0.829	-3.024
4.690	-0.737	-3.024
4.700	-0.643	-3.024
4.710	-0.548	-3.024
4.720	-0.451	-3.029
4.730	-0.353	-3.029
4.740	-0.254	-3.024
4.750	-0.155	-3.029
4.760	-0.055	-3.029
4.770	0.045	-3.024
4.780	0.145	-3.029
4.790	0.245	-3.029
4.800	0.343	-3.024
4.810	0.442	-3.024
4.820	0.538	-3.029
4.830	0.634	-3.029
4.840	0.728	-3.024
4.850	0.820	-3.029
4.860	0.910	-3.029
4.870	0.998	-3.029
4.880	1.084	-3.024
4.890	1.166	-3.029
4.900	1.246	-3.029
4.910	1.323	-3.024
4.920	1.396	-3.019
4.930	1.466	-3.009
4.940	1.532	-3.000
4.950	1.594	-2.985
4.960	1.653	-2.975
4.970	1.707	-2.960
4.980	1.757	-2.946
4.990	1.802	-2.926
5.000	1.844	-2.912
5.010	1.880	-2.902
5.020	1.912	-2.887
5.030	1.939	-2.868
5.040	1.961	-2.843
5.050	1.978	-2.829
5.060	1.990	-2.799
5.070	1.998	-2.775
5.080	2.000	-2.750
5.090	1.997	-2.731
5.100	1.990	-2.706
5.110	1.977	-2.672
5.120	1.959	-2.643
5.130	1.937	-2.623
5.140	1.910	-2.594
5.150	1.878	-2.574
5.160	1.841	-2.531
5.170	1.799	-2.506
5.180	1.753	-2.477
5.190	1.703	-2.457
5.200	1.649	-2.423
5.210	1.590	-2.404
5.220	1.527	-2.379
5.230	1.461	-2.355
5.240	1.391	-2.335
5.250	1.317	-2.320
5.260	1.240	-2.306
5.270	1.160	-2.286
5.280	1.078	-2.267
5.290	0.992	-2.247
5.300	0.904	-2.233
5.310	0.814	-2.233
5.320	0.721	-2.228
5.330	0.627	-2.228
5.340	0.532	-2.223
5.350	0.435	-2.228
5.360	0.336	-2.223
5.370	0.237	-2.223
5.380	0.138	-2.228
5.390	0.038	-2.228
5.400	-0.062	-2.228
5.410	-0.162	-2.223
5.420	-0.261	-2.223
5.430	-0.360	-2.223
5.440	-0.458	-2.223
5.450	-0.555	-2.223
5.460	-0.650	-2.223
5.470	-0.744	-2.228
5.480	-0.836	-2.223
5.490	-0.925	-2.223
5.500	-1.013	-2.228
5.510	-1.098	-2.228
5.520	-1.180	-2.228
5.530	-1.259	-2.233
5.540	-1.335	-2.237
5.550	-1.408	-2.247
5.560	-1.477	-2.257
5.570	-1.543	-2.272
5.580	-1.604	-2.286
5.590	-1.662	-2.301
5.600	-1.716	-2.311
5.610	-1.765	-2.325
5.620	-1.810	-2.340
5.630	-1.850	-2.355
5.640	-1.886	-2.379
5.650	-1.917	-2.404
5.660	-1.943	-2.418
5.670	-1.964	-2.443
5.680	-1.980	-2.472
5.690	-1.992	-2.496
5.700	-1.998	-2.516
5.710	-2.000	-2.545
5.720	-1.996	-2.574
5.730	-1.988	-2.594
5.740	-1.974	-2.628
5.750	-1.956	-2.648
5.760	-1.933	-2.682
5.770	-1.905	-2.716
5.780	-1.872	-2.736
5.790	-1.834	-2.760
5.800	-1.792	-2.780
5.810	-1.745	-2.814
5.820	-1.694	-2.833
5.830	-1.639	-2.848
5.840	-1.580	-2.872
5.850	-1.516	-2.897
5.860	-1.449	-2.907
5.870	-1.379	-2.921
5.880	-1.305	-2.931
5.890	-1.227	-2.960
5.900	-1.147	-2.970
5.910	-1.063	-2.985
5.920	-0.977	-2.990
5.930	-0.889	-3.000
5.940	-0.798	-3.004
5.950	-0.706	-3.009
5.960	-0.611	-3.014
5.970	-0.515	-3.014
5.980	-0.418	-3.014
5.990	-0.320	-3.014
6.000	-0.221	-3.014
6.010	-0.121	-3.014
6.020	-0.021	-3.009
6.030	0.079	-3.009
6.040	0.179	-3.014
6.050	0.278	-3.014
6.060	0.377	-3.014
6.070	0.474	-3.014
6.080	0.571	-3.009
6.090	0.666	-3.014
6.100	0.759	-3.014
6.110	0.851	-3.014
6.120	0.940	-3.009
6.130	1.027	-3.009
6.140	1.112	-3.004
6.150	1.193	-3.000
6.160	1.272	-2.990
6.170	1.348	-2.985
6.180	1.420	-2.985
6.190	1.488	-2.970
6.200	1.553	-2.965
6.210	1.614	-2.951
6.220	1.671	-2.931
6.230	1.724	-2.921
6.240	1.773	-2.907
6.250	1.817	-2.902
6.260	1.856	-2.887
6.270	1.891	-2.868
6.280	1.921	-2.843
6.290	1.947	-2.833
6.300	1.967	-2.809
6.310	1.983	-2.780
6.320	1.993	-2.760
6.330	1.999	-2.736
6.340	2.000	-2.716
6.350	1.995	-2.682
6.360	1.986	-2.653
6.370	1.972	-2.633
6.380	1.952	-2.604
6.390	1.928	-2.579
6.400	1.899	-2.555
6.410	1.866	-2.516
6.420	1.827	-2.491
6.430	1.784	-2.462
6.440	1.737	-2.428
6.450	1.685	-2.408
6.460	1.629	-2.389
6.470	1.569	-2.360
6.480	1.505	-2.335
6.490	1.438	-2.320
6.500	1.366	-2.301
6.510	1.292	-2.281
6.520	1.214	-2.257
6.530	1.133	-2.237
6.540	1.049	-2.228
6.550	0.963	-2.223
6.560	0.874	-2.218
6.570	0.783	-2.218
6.580	0.690	-2.218
6.590	0.595	-2.218
6.600	0.499	-2.218
6.610	0.402	-2.218
6.620	0.303	-2.218
6.630	0.204	-2.218
6.640	0.104	-2.213
6.650	0.004	-2.218
6.660	-0.096	-2.218
6.670	-0.195	-2.218
6.680	-0.295	-2.218
6.690	-0.393	-2.218
6.700	-0.491	-2.218
6.710	-0.587	-2.218
6.720	-0.682	-2.218
6.730	-0.775	-2.218
6.740	-0.866	-2.213
6.750	-0.955	-2.213
6.760	-1.042	-2.218
6.770	-1.126	-2.218
6.780	-1.207	-2.223
6.790	-1.285	-2.223
6.800	-1.360	-2.233
6.810	-1.432	-2.237
6.820	-1.500	-2.247
6.830	-1.564	-2.267
6.840	-1.624	-2.281
6.850	-1.681	-2.296
6.860	-1.733	-2.311
6.870	-1.780	-2.325
6.880	-1.824	-2.340
6.890	-1.862	-2.355
6.900	-1.897	-2.379
6.910	-1.926	-2.399
6.920	-1.950	-2.413
6.930	-1.970	-2.438
6.940	-1.985	-2.467
6.950	-1.995	-2.491
6.960	-1.999	-2.516
6.970	-1.999	-2.540
6.980	-1.994	-2.574
6.990	-1.984	-2.599
7.000	-1.969	-2.633
7.010	-1.949	-2.648
7.020	-1.924	-2.682
7.030	-1.894	-2.711
7.040	-1.860	-2.736
7.050	-1.820	-2.755
7.060	-1.777	-2.780
7.070	-1.729	-2.809
7.080	-1.676	-2.833
7.090	-1.620	-2.848
7.100	-1.559	-2.872
7.110	-1.494	-2.892
7.120	-1.426	-2.907
7.130	-1.354	-2.921
7.140	-1.279	-2.931
7.150	-1.200	-2.951
7.160	-1.119	-2.965
7.170	-1.035	-2.975
7.180	-0.948	-2.985
7.190	-0.859	-2.990
7.200	-0.767	-3.000
7.210	-0.674	-3.004
7.220	-0.579	-3.004
7.230	-0.483	-3.004
7.240	-0.385	-3.004
7.250	-0.287	-3.004
7.260	-0.187	-3.004
7.270	-0.088	-3.004
7.280	0.012	-3.004
7.290	0.112	-3.004
7.300	0.212	-3.004
7.310	0.311	-3.004
7.320	0.410	-3.004
7.330	0.507	-3.004
7.340	0.603	-3.004
7.350	0.697	-3.004
7.360	0.790	-3.004
7.370	0.881	-3.004
7.380	0.970	-3.004
7.390	1.056	-3.000
7.400	1.140	-3.000
7.410	1.220	-2.995
7.420	1.298	-2.990
7.430	1.372	-2.985
7.440	1.443	-2.975
7.450	1.511	-2.970
7.460	1.574	-2.956
7.470	1.634	-2.936
7.480	1.690	-2.926
7.490	1.741	-2.912
7.500	1.788	-2.902
7.510	1.831	-2.892
7.520	1.869	-2.877
7.530	1.902	-2.853
7.540	1.930	-2.833
7.550	1.954	-2.819
7.560	1.973	-2.794
7.570	1.987	-2.765
7.580	1.996	-2.745
7.590	2.000	-2.726
7.600	1.999	-2.697
7.610	1.993	-2.662
7.620	1.982	-2.643
7.630	1.966	-2.614
7.640	1.945	-2.589
7.650	1.919	-2.570
7.660	1.889	-2.521
7.670	1.853	-2.501
7.680	1.813	-2.477
7.690	1.769	-2.438
7.700	1.720	-2.413
7.710	1.667	-2.399
7.720	1.610	-2.369
7.730	1.548	-2.340
7.740	1.483	-2.325
7.750	1.414	-2.306
7.760	1.342	-2.291
7.770	1.266	-2.262
7.780	1.187	-2.242
7.790	1.105	-2.233
7.800	1.020	-2.223
7.810	0.933	-2.223
7.820	0.844	-2.218
7.830	0.752	-2.213
7.840	0.658	-2.213
7.850	0.563	-2.208
7.860	0.466	-2.208
7.870	0.369	-2.208
7.880	0.270	-2.208
7.890	0.171	-2.208
7.900	0.071	-2.208
7.910	-0.029	-2.208
7.920	-0.129	-2.208
7.930	-0.229	-2.208
7.940	-0.328	-2.208
7.950	-0.426	-2.208
7.960	-0.523	-2.208
7.970	-0.619	-2.208
7.980	-0.713	-2.208
7.990	-0.806	-2.208
8.000	-0.896	-2.208
8.010	-0.984	-2.208
8.020	-1.070	-2.213
8.030	-1.153	-2.218
8.040	-1.234	-2.218
8.050	-1.311	-2.223
8.060	-1.385	-2.228
8.070	-1.455	-2.228
8.080	-1.522	-2.242
8.090	-1.585	-2.257
8.100	-1.644	-2.272
8.110	-1.699	-2.291
8.120	-1.749	-2.306
8.130	-1.795	-2.316
8.140	-1.837	-2.335
8.150	-1.874	-2.350
8.160	-1.907	-2.369
8.170	-1.935	-2.399
8.180	-1.958	-2.413
8.190	-1.976	-2.433
8.200	-1.989	-2.462
8.210	-1.997	-2.487
8.220	-2.000	-2.506
8.230	-1.998	-2.535
8.240	-1.991	-2.574
8.250	-1.979	-2.594
8.260	-1.963	-2.618
8.270	-1.941	-2.643
8.280	-1.914	-2.672
8.290	-1.883	-2.706
8.300	-1.847	-2.731
8.310	-1.806	-2.750
8.320	-1.761	-2.775
8.330	-1.711	-2.799
8.340	-1.658	-2.829
8.350	-1.600	-2.843
8.360	-1.538	-2.868
8.370	-1.472	-2.887
8.380	-1.402	-2.907
8.390	-1.329	-2.912
8.400	-1.253	-2.921
8.410	-1.173	-2.931
8.420	-1.091	-2.956
8.430	-1.006	-2.965
8.440	-0.918	-2.970
8.450	-0.828	-2.980
8.460	-0.736	-2.985
8.470	-0.642	-2.985
8.480	-0.547	-2.990
8.490	-0.450	-2.990
8.500	-0.352	-2.990
8.510	-0.253	-2.990
8.520	-0.154	-2.985
8.530	-0.054	-2.990
8.540	0.046	-2.990
8.550	0.146	-2.990
8.560	0.245	-2.990
8.570	0.344	-2.985
8.580	0.442	-2.990
8.590	0.539	-2.985
8.600	0.635	-2.990
8.610	0.729	-2.990
8.620	0.821	-2.990
8.630	0.911	-2.990
8.640	0.999	-2.985
8.650	1.084	-2.985
8.660	1.167	-2.985
8.670	1.247	-2.975
8.680	1.323	-2.970
8.690	1.397	-2.965
8.700	1.466	-2.956
8.710	1.533	-2.941
8.720	1.595	-2.926
8.730	1.653	-2.916
8.740	1.707	-2.907
8.750	1.757	-2.907
8.760	1.803	-2.892
8.770	1.844	-2.872
8.780	1.880	-2.848
8.790	1.912	-2.838
8.800	1.939	-2.819
8.810	1.961	-2.794
8.820	1.978	-2.765
8.830	1.990	-2.745
8.840	1.998	-2.721
8.850	2.000	-2.697
8.860	1.997	-2.662
8.870	1.990	-2.643
8.880	1.977	-2.618
8.890	1.959	-2.594
8.900	1.937	-2.570
8.910	1.909	-2.526
8.920	1.877	-2.501
8.930	1.840	-2.477
8.940	1.799	-2.447
8.950	1.753	-2.413
8.960	1.703	-2.399
8.970	1.648	-2.369
8.980	1.589	-2.345
8.990	1.527	-2.325
9.000	1.460	-2.306
9.010	1.390	-2.286
9.020	1.317	-2.257
9.030	1.240	-2.237
9.040	1.160	-2.228
9.050	1.077	-2.223
9.060	0.991	-2.218
9.070	0.903	-2.203
9.080	0.813	-2.198
9.090	0.721	-2.189
9.100	0.626	-2.184
9.110	0.531	-2.179
9.120	0.434	-2.179
9.130	0.336	-2.179
9.140	0.237	-2.174
9.150	0.137	-2.179
9.160	0.037	-2.179
9.170	-0.063	-2.174
9.180	-0.163	-2.174
9.190	-0.262	-2.179
9.200	-0.361	-2.179
9.210	-0.459	-2.174
9.220	-0.555	-2.174
9.230	-0.651	-2.174
9.240	-0.745	-2.179
9.250	-0.836	-2.174
9.260	-0.926	-2.179
9.270	-1.014	-2.174
9.280	-1.098	-2.174
9.290	-1.181	-2.179
9.300	-1.260	-2.174
9.310	-1.336	-2.179
9.320	-1.409	-2.184
9.330	-1.478	-2.198
9.340	-1.543	-2.208
9.350	-1.605	-2.218
9.360	-1.663	-2.223
9.370	-1.716	-2.233
9.380	-1.765	-2.247
9.390	-1.810	-2.277
9.400	-1.850	-2.296
9.410	-1.886	-2.311
9.420	-1.917	-2.330
9.430	-1.943	-2.345
9.440	-1.964	-2.369
9.450	-1.981	-2.399
9.460	-1.992	-2.413
9.470	-1.998	-2.438
9.480	-2.000	-2.467
9.490	-1.996	-2.496
9.500	-1.988	-2.521
9.510	-1.974	-2.550
9.520	-1.956	-2.579
9.530	-1.932	-2.599
9.540	-1.904	-2.638
9.550	-1.871	-2.653
9.560	-1.834	-2.682
9.570	-1.792	-2.716
9.580	-1.745	-2.736
9.590	-1.694	-2.755
9.600	-1.639	-2.775
9.610	-1.579	-2.799
9.620	-1.516	-2.829
9.630	-1.449	-2.838
9.640	-1.378	-2.853
9.650	-1.304	-2.872
9.660	-1.226	-2.892
9.670	-1.146	-2.902
9.680	-1.063	-2.907
9.690	-0.977	-2.916
9.700	-0.888	-2.921
9.710	-0.798	-2.921
9.720	-0.705	-2.921
9.730	-0.610	-2.921
9.740	-0.514	-2.921
9.750	-0.417	-2.921
9.760	-0.319	-2.921
9.770	-0.220	-2.921
9.780	-0.120	-2.921
9.790	-0.020	-2.921
9.800	0.080	-2.921
9.810	0.179	-2.921
9.820	0.279	-2.921
9.830	0.377	-2.921
9.840	0.475	-2.921
9.850	0.572	-2.921
9.860	0.667	-2.921
9.870	0.760	-2.921
9.880	0.852	-2.921
9.890	0.941	-2.921
9.900	1.028	-2.921
9.910	1.112	-2.921
9.920	1.194	-2.916
9.930	1.273	-2.912
9.940	1.348	-2.907
9.950	1.420	-2.907
9.960	1.489	-2.897
9.970	1.554	-2.887
9.980	1.615	-2.872
9.990	1.672	-2.863
10.000	1.725	-2.848
10.010	1.773	-2.833
10.020	1.817	-2.819
10.030	1.857	-2.794
10.040	1.891	-2.775
10.050	1.922	-2.750
10.060	1.947	-2.736
10.070	1.967	-2.716
10.080	1.983	-2.687
10.090	1.993	-2.653
10.100	1.999	-2.638
10.110	2.000	-2.609
10.120	1.995	-2.589
10.130	1.986	-2.570
10.140	1.971	-2.521
10.150	1.952	-2.501
10.160	1.928	-2.477
10.170	1.899	-2.438
10.180	1.865	-2.413
10.190	1.827	-2.394
10.200	1.784	-2.360
10.210	1.737	-2.335
10.220	1.685	-2.316
10.230	1.629	-2.296
10.240	1.569	-2.262
10.250	1.505	-2.233
10.260	1.437	-2.223
10.270	1.366	-2.208
10.280	1.291	-2.184
10.290	1.213	-2.169
10.300	1.132	-2.154
10.310	1.048	-2.145
10.320	0.962	-2.130
10.330	0.873	-2.120
10.340	0.782	-2.115
10.350	0.689	-2.110
10.360	0.594	-2.110
10.370	0.498	-2.110
10.380	0.401	-2.110
10.390	0.302	-2.110
10.400	0.203	-2.110
10.410	0.103	-2.110
10.420	0.003	-2.110
10.430	-0.096	-2.110
10.440	-0.196	-2.110
10.450	-0.295	-2.110
10.460	-0.394	-2.110
10.470	-0.491	-2.110
10.480	-0.588	-2.110
10.490	-0.683	-2.110
10.500	-0.776	-2.110
10.510	-0.867	-2.110
10.520	-0.956	-2.110
10.530	-1.042	-2.110
10.540	-1.126	-2.115
10.550	-1.208	-2.120
10.560	-1.286	-2.125
10.570	-1.361	-2.135
10.580	-1.432	-2.149
10.590	-1.500	-2.154
10.600	-1.564	-2.164
10.610	-1.625	-2.169
10.620	-1.681	-2.184
10.630	-1.733	-2.203
10.640	-1.781	-2.223
10.650	-1.824	-2.228
10.660	-1.863	-2.242
10.670	-1.897	-2.267
10.680	-1.926	-2.291
10.690	-1.951	-2.311
10.700	-1.970	-2.330
10.710	-1.985	-2.345
10.720	-1.995	-2.374
10.730	-1.999	-2.399
10.740	-1.999	-2.418
10.750	-1.994	-2.452
10.760	-1.984	-2.477
10.770	-1.969	-2.506
10.780	-1.948	-2.531
10.790	-1.924	-2.570
10.800	-1.894	-2.584
10.810	-1.859	-2.609
10.820	-1.820	-2.638
10.830	-1.776	-2.658
10.840	-1.728	-2.692
10.850	-1.676	-2.721
10.860	-1.619	-2.741
10.870	-1.558	-2.760
10.880	-1.494	-2.780
10.890	-1.425	-2.794
10.900	-1.353	-2.819
10.910	-1.278	-2.833
10.920	-1.200	-2.843
10.930	-1.118	-2.858
10.940	-1.034	-2.872
10.950	-0.947	-2.882
10.960	-0.858	-2.887
10.970	-0.767	-2.892
10.980	-0.673	-2.892
10.990	-0.578	-2.892
11.000	-0.482	-2.897
11.010	-0.384	-2.892
11.020	-0.286	-2.892
11.030	-0.186	-2.897
11.040	-0.087	-2.892
11.050	0.013	-2.892
11.060	0.113	-2.892
11.070	0.213	-2.892
11.080	0.312	-2.892
11.090	0.410	-2.892
11.100	0.508	-2.892
11.110	0.604	-2.892
11.120	0.698	-2.892
11.130	0.791	-2.892
11.140	0.882	-2.892
11.150	0.971	-2.892
11.160	1.057	-2.892
11.170	1.140	-2.887
11.180	1.221	-2.882
11.190	1.299	-2.877
11.200	1.373	-2.872
11.210	1.444	-2.853
11.220	1.511	-2.848
11.230	1.575	-2.838
11.240	1.635	-2.829
11.250	1.690	-2.819
11.260	1.741	-2.794
11.270	1.788	-2.775
11.280	1.831	-2.760
11.290	1.869	-2.741
11.300	1.902	-2.721
11.310	1.931	-2.706
11.320	1.954	-2.677
11.330	1.973	-2.648
11.340	1.987	-2.633
11.350	1.996	-2.604
11.360	2.000	-2.579
11.370	1.999	-2.560
11.380	1.993	-2.516
11.390	1.982	-2.496
11.400	1.966	-2.467
11.410	1.945	-2.428
11.420	1.919	-2.408
11.430	1.888	-2.379
11.440	1.853	-2.350
11.450	1.813	-2.325
11.460	1.769	-2.306
11.470	1.720	-2.272
11.480	1.666	-2.237
11.490	1.609	-2.223
11.500	1.548	-2.213
11.510	1.483	-2.179
11.520	1.414	-2.164
11.530	1.341	-2.145
11.540	1.265	-2.125
11.550	1.186	-2.115
11.560	1.104	-2.106
11.570	1.020	-2.091
11.580	0.932	-2.081
11.590	0.843	-2.057
11.600	0.751	-2.047
11.610	0.657	-2.047
11.620	0.562	-2.047
11.630	0.466	-2.047
11.640	0.368	-2.047
11.650	0.269	-2.047
11.660	0.170	-2.047
11.670	0.070	-2.047
11.680	-0.030	-2.047
11.690	-0.130	-2.047
11.700	-0.230	-2.047
11.710	-0.329	-2.047
11.720	-0.427	-2.047
11.730	-0.524	-2.047
11.740	-0.620	-2.047
11.750	-0.714	-2.047
11.760	-0.807	-2.047
11.770	-0.897	-2.047
11.780	-0.985	-2.047
11.790	-1.071	-2.047
11.800	-1.154	-2.047
11.810	-1.234	-2.047
11.820	-1.311	-2.052
11.830	-1.385	-2.057
11.840	-1.456	-2.076
11.850	-1.522	-2.091
11.860	-1.585	-2.101
11.870	-1.644	-2.110
11.880	-1.699	-2.115
11.890	-1.750	-2.135
11.900	-1.796	-2.154
11.910	-1.838	-2.169
11.920	-1.875	-2.184
11.930	-1.907	-2.208
11.940	-1.935	-2.223
11.950	-1.958	-2.233
11.960	-1.976	-2.262
11.970	-1.989	-2.296
11.980	-1.997	-2.311
11.990	-2.000	-2.335
12.000	-1.998	-2.355
12.010	-1.991	-2.384
12.020	-1.979	-2.408
12.030	-1.962	-2.428
12.040	-1.941	-2.462
12.050	-1.914	-2.482
12.060	-1.883	-2.511
12.070	-1.847	-2.540
12.080	-1.806	-2.574
12.090	-1.761	-2.594
12.100	-1.711	-2.623
12.110	-1.657	-2.643
12.120	-1.599	-2.662
12.130	-1.537	-2.692
12.140	-1.471	-2.716
12.150	-1.402	-2.736
12.160	-1.329	-2.750
12.170	-1.252	-2.765
12.180	-1.173	-2.780
12.190	-1.090	-2.794
12.200	-1.005	-2.809
12.210	-0.917	-2.819
12.220	-0.827	-2.829
12.230	-0.735	-2.829
12.240	-0.642	-2.829
12.250	-0.546	-2.829
12.260	-0.449	-2.829
12.270	-0.351	-2.829
12.280	-0.252	-2.829
12.290	-0.153	-2.829
12.300	-0.053	-2.829
12.310	0.047	-2.829
12.320	0.147	-2.829
12.330	0.246	-2.829
12.340	0.345	-2.829
12.350	0.443	-2.829
12.360	0.540	-2.829
12.370	0.636	-2.829
12.380	0.730	-2.829
12.390	0.822	-2.829
12.400	0.912	-2.824
12.410	1.000	-2.824
12.420	1.085	-2.819
12.430	1.168	-2.814
12.440	1.247	-2.799
12.450	1.324	-2.794
12.460	1.397	-2.785
12.470	1.467	-2.775
12.480	1.533	-2.765
12.490	1.595	-2.755
12.500	1.654	-2.741
12.510	1.708	-2.731
12.520	1.758	-2.716
12.530	1.803	-2.702
12.540	1.844	-2.677
12.550	1.881	-2.653
12.560	1.912	-2.638
12.570	1.939	-2.618
12.580	1.961	-2.594
12.590	1.978	-2.574
12.600	1.991	-2.545
12.610	1.998	-2.516
12.620	2.000	-2.491
12.630	1.997	-2.462
12.640	1.989	-2.428
12.650	1.977	-2.404
12.660	1.959	-2.379
12.670	1.936	-2.345
12.680	1.909	-2.325
12.690	1.877	-2.301
12.700	1.840	-2.262
12.710	1.799	-2.233
12.720	1.753	-2.218
12.730	1.702	-2.193
12.740	1.648	-2.164
12.750	1.589	-2.145
12.760	1.526	-2.120
12.770	1.460	-2.110
12.780	1.390	-2.086
12.790	1.316	-2.052
12.800	1.239	-2.047
12.810	1.159	-2.037
12.820	1.076	-2.027
12.830	0.990	-2.018
12.840	0.902	-1.993
12.850	0.812	-1.983
12.860	0.720	-1.974
12.870	0.626	-1.969
12.880	0.530	-1.969
12.890	0.433	-1.969
12.900	0.335	-1.969
12.910	0.236	-1.964
12.920	0.136	-1.969
12.930	0.036	-1.964
12.940	-0.064	-1.969
12.950	-0.164	-1.969
12.960	-0.263	-1.969
12.970	-0.362	-1.964
12.980	-0.460	-1.964
12.990	-0.556	-1.964
13.000	-0.652	-1.964
13.010	-0.745	-1.969
13.020	-0.837	-1.969
13.030	-0.927	-1.969
13.040	-1.014	-1.974
13.050	-1.099	-1.974
13.060	-1.181	-1.983
13.070	-1.261	-1.988
13.080	-1.337	-1.993
13.090	-1.409	-2.013
13.100	-1.478	-2.027
13.110	-1.544	-2.032
13.120	-1.605	-2.042
13.130	-1.663	-2.047
13.140	-1.717	-2.057
13.150	-1.766	-2.091
13.160	-1.810	-2.110
13.170	-1.851	-2.120
13.180	-1.886	-2.140
13.190	-1.917	-2.164
13.200	-1.943	-2.174
13.210	-1.964	-2.203
13.220	-1.981	-2.223
13.230	-1.992	-2.233
13.240	-1.998	-2.267
13.250	-2.000	-2.296
13.260	-1.996	-2.316
13.270	-1.988	-2.340
13.280	-1.974	-2.360
13.290	-1.956	-2.389
13.300	-1.932	-2.413
13.310	-1.904	-2.433
13.320	-1.871	-2.467
13.330	-1.833	-2.491
13.340	-1.791	-2.516
13.350	-1.744	-2.540
13.360	-1.693	-2.574
13.370	-1.638	-2.594
13.380	-1.579	-2.614
13.390	-1.515	-2.638
13.400	-1.448	-2.653
13.410	-1.377	-2.677
13.420	-1.303	-2.702
13.430	-1.226	-2.721
13.440	-1.145	-2.736
13.450	-1.062	-2.741
13.460	-0.976	-2.750
13.470	-0.887	-2.760
13.480	-0.797	-2.770
13.490	-0.704	-2.780
13.500	-0.610	-2.780
13.510	-0.514	-2.780
13.520	-0.416	-2.780
13.530	-0.318	-2.780
13.540	-0.219	-2.780
13.550	-0.119	-2.780
13.560	-0.019	-2.780
13.570	0.081	-2.780
13.580	0.180	-2.780
13.590	0.280	-2.780
13.600	0.378	-2.780
13.610	0.476	-2.780
13.620	0.572	-2.780
13.630	0.668	-2.780
13.640	0.761	-2.780
13.650	0.852	-2.780
13.660	0.942	-2.780
13.670	1.029	-2.780
13.680	1.113	-2.775
13.690	1.195	-2.770
13.700	1.274	-2.760
13.710	1.349	-2.755
13.720	1.421	-2.750
13.730	1.490	-2.741
13.740	1.555	-2.736
13.750	1.615	-2.726
13.760	1.672	-2.711
13.770	1.725	-2.697
13.780	1.774	-2.677
13.790	1.818	-2.653
13.800	1.857	-2.638
13.810	1.892	-2.623
13.820	1.922	-2.594
13.830	1.947	-2.579
13.840	1.968	-2.560
13.850	1.983	-2.521
13.860	1.994	-2.496
13.870	1.999	-2.472
13.880	2.000	-2.438
13.890	1.995	-2.408
13.900	1.986	-2.389
13.910	1.971	-2.360
13.920	1.952	-2.330
13.930	1.928	-2.306
13.940	1.899	-2.277
13.950	1.865	-2.237
13.960	1.827	-2.223
13.970	1.784	-2.203
13.980	1.736	-2.169
13.990	1.684	-2.149
14.000	1.628	-2.120
14.010	1.568	-2.106
14.020	1.504	-2.086
14.030	1.437	-2.047
14.040	1.365	-2.047
14.050	1.290	-2.032
14.060	1.212	-2.013
14.070	1.131	-1.988
14.080	1.048	-1.974
14.090	0.961	-1.959
14.100	0.872	-1.949
14.110	0.781	-1.939
14.120	0.688	-1.935
14.130	0.594	-1.930
14.140	0.497	-1.930
14.150	0.400	-1.930
14.160	0.301	-1.930
14.170	0.202	-1.930
14.180	0.103	-1.930
14.190	0.003	-1.930
14.200	-0.097	-1.930
14.210	-0.197	-1.930
14.220	-0.296	-1.930
14.230	-0.395	-1.930
14.240	-0.492	-1.930
14.250	-0.589	-1.930
14.260	-0.683	-1.930
14.270	-0.776	-1.930
14.280	-0.868	-1.935
14.290	-0.957	-1.935
14.300	-1.043	-1.939
14.310	-1.127	-1.944
14.320	-1.208	-1.954
14.330	-1.286	-1.964
14.340	-1.361	-1.974
14.350	-1.433	-1.979
14.360	-1.501	-1.993
14.370	-1.565	-2.013
14.380	-1.625	-2.027
14.390	-1.682	-2.037
14.400	-1.734	-2.047
14.410	-1.781	-2.052
14.420	-1.824	-2.086
14.430	-1.863	-2.106
14.440	-1.897	-2.115
14.450	-1.926	-2.140
14.460	-1.951	-2.164
14.470	-1.970	-2.184
14.480	-1.985	-2.213
14.490	-1.995	-2.228
14.500	-2.000	-2.242
14.510	-1.999	-2.277
14.520	-1.994	-2.306
14.530	-1.984	-2.325
14.540	-1.968	-2.345
14.550	-1.948	-2.374
14.560	-1.923	-2.404
14.570	-1.893	-2.418
14.580	-1.859	-2.447
14.590	-1.820	-2.477
14.600	-1.776	-2.496
14.610	-1.728	-2.521
14.620	-1.675	-2.555
14.630	-1.619	-2.579
14.640	-1.558	-2.594
14.650	-1.493	-2.618
14.660	-1.425	-2.638
14.670	-1.353	-2.653
14.680	-1.278	-2.677
14.690	-1.199	-2.702
14.700	-1.118	-2.716
14.710	-1.033	-2.726
14.720	-0.946	-2.736
14.730	-0.857	-2.741
14.740	-0.766	-2.750
14.750	-0.672	-2.750
14.760	-0.577	-2.755
14.770	-0.481	-2.755
14.780	-0.383	-2.755
14.790	-0.285	-2.755
14.800	-0.186	-2.755
14.810	-0.086	-2.755
14.820	0.014	-2.755
14.830	0.114	-2.755
14.840	0.214	-2.755
14.850	0.313	-2.755
14.860	0.411	-2.755
14.870	0.509	-2.755
14.880	0.605	-2.755
14.890	0.699	-2.755
14.900	0.792	-2.760
14.910	0.883	-2.755
14.920	0.971	-2.755
14.930	1.057	-2.755
14.940	1.141	-2.755
14.950	1.222	-2.755
14.960	1.299	-2.755
14.970	1.374	-2.750
14.980	1.445	-2.741
14.990	1.512	-2.736
15.000	1.575	-2.726
15.010	1.635	-2.716
15.020	1.691	-2.692
15.030	1.742	-2.677
15.040	1.789	-2.653
15.050	1.831	-2.638
15.060	1.869	-2.623
15.070	1.902	-2.599
15.080	1.931	-2.579
15.090	1.955	-2.560
15.100	1.973	-2.526
15.110	1.987	-2.501
15.120	1.996	-2.477
15.130	2.000	-2.443
15.140	1.999	-2.413
15.150	1.993	-2.394
15.160	1.981	-2.364
15.170	1.965	-2.335
15.180	1.944	-2.316
15.190	1.919	-2.281
15.200	1.888	-2.247
15.210	1.853	-2.223
15.220	1.813	-2.208
15.230	1.768	-2.174
15.240	1.719	-2.154
15.250	1.666	-2.125
15.260	1.609	-2.110
15.270	1.547	-2.091
15.280	1.482	-2.052
15.290	1.413	-2.047
15.300	1.340	-2.032
15.310	1.265	-2.022
15.320	1.186	-1.988
15.330	1.104	-1.974
15.340	1.019	-1.959
15.350	0.932	-1.944
15.360	0.842	-1.935
15.370	0.750	-1.930
15.380	0.657	-1.930
15.390	0.561	-1.925
15.400	0.465	-1.925
15.410	0.367	-1.925
15.420	0.268	-1.930
15.430	0.169	-1.925
15.440	0.069	-1.925
15.450	-0.031	-1.925
15.460	-0.131	-1.925
15.470	-0.231	-1.925
15.480	-0.330	-1.925
15.490	-0.428	-1.925
15.500	-0.525	-1.925
15.510	-0.621	-1.925
15.520	-0.715	-1.925
15.530	-0.807	-1.930
15.540	-0.898	-1.930
15.550	-0.986	-1.935
15.560	-1.072	-1.939
15.570	-1.155	-1.944
15.580	-1.235	-1.954
15.590	-1.312	-1.969
15.600	-1.386	-1.979
15.610	-1.456	-1.983
15.620	-1.523	-1.993
15.630	-1.586	-2.018
15.640	-1.645	-2.027
15.650	-1.700	-2.037
15.660	-1.750	-2.047
15.670	-1.796	-2.057
15.680	-1.838	-2.091
15.690	-1.875	-2.110
15.700	-1.908	-2.125
15.710	-1.935	-2.149
15.720	-1.958	-2.169
15.730	-1.976	-2.189
15.740	-1.989	-2.218
15.750	-1.997	-2.228
15.760	-2.000	-2.257
15.770	-1.998	-2.286
15.780	-1.991	-2.311
15.790	-1.979	-2.330
15.800	-1.962	-2.350
15.810	-1.940	-2.379
15.820	-1.914	-2.408
15.830	-1.882	-2.423
15.840	-1.846	-2.457
15.850	-1.805	-2.477
15.860	-1.760	-2.506
15.870	-1.711	-2.531
15.880	-1.657	-2.565
15.890	-1.599	-2.584
15.900	-1.536	-2.604
15.910	-1.471	-2.633
15.920	-1.401	-2.643
15.930	-1.328	-2.658
15.940	-1.251	-2.687
15.950	-1.172	-2.706
15.960	-1.089	-2.716
15.970	-1.004	-2.731
15.980	-0.917	-2.741
15.990	-0.827	-2.745
16.000	-0.735	-2.750
16.010	-0.641	-2.755
16.020	-0.545	-2.755
16.030	-0.448	-2.760
16.040	-0.350	-2.760
16.050	-0.251	-2.760
16.060	-0.152	-2.760
16.070	-0.052	-2.765
16.080	0.048	-2.760
16.090	0.148	-2.760
16.100	0.247	-2.760
16.110	0.346	-2.760
16.120	0.444	-2.765
16.130	0.541	-2.765
16.140	0.637	-2.760
16.150	0.731	-2.760
16.160	0.823	-2.760
16.170	0.913	-2.760
16.180	1.001	-2.760
16.190	1.086	-2.760
16.200	1.168	-2.760
16.210	1.248	-2.755
16.220	1.325	-2.750
16.230	1.398	-2.745
16.240	1.468	-2.741
16.250	1.534	-2.736
16.260	1.596	-2.721
16.270	1.654	-2.711
16.280	1.708	-2.687
16.290	1.758	-2.667
16.300	1.804	-2.648
16.310	1.845	-2.638
16.320	1.881	-2.609
16.330	1.913	-2.594
16.340	1.939	-2.574
16.350	1.961	-2.545
16.360	1.978	-2.516
16.370	1.991	-2.491
16.380	1.998	-2.467
16.390	2.000	-2.428
16.400	1.997	-2.408
16.410	1.989	-2.379
16.420	1.977	-2.345
16.430	1.959	-2.325
16.440	1.936	-2.301
16.450	1.909	-2.262
16.460	1.877	-2.233
16.470	1.840	-2.223
16.480	1.798	-2.189
16.490	1.752	-2.164
16.500	1.702	-2.140
16.510	1.647	-2.115
16.520	1.588	-2.101
16.530	1.526	-2.071
16.540	1.459	-2.047
16.550	1.389	-2.037
16.560	1.315	-2.027
16.570	1.238	-1.993
16.580	1.158	-1.979
16.590	1.075	-1.964
16.600	0.990	-1.944
16.610	0.902	-1.935
16.620	0.811	-1.930
16.630	0.719	-1.920
16.640	0.625	-1.920
16.650	0.529	-1.915
16.660	0.432	-1.915
16.670	0.334	-1.915
16.680	0.235	-1.915
16.690	0.135	-1.915
16.700	0.035	-1.915
16.710	-0.065	-1.915
16.720	-0.164	-1.915
16.730	-0.264	-1.915
16.740	-0.363	-1.915
16.750	-0.460	-1.915
16.760	-0.557	-1.915
16.770	-0.652	-1.915
16.780	-0.746	-1.920
16.790	-0.838	-1.920
16.800	-0.928	-1.925
16.810	-1.015	-1.930
16.820	-1.100	-1.935
16.830	-1.182	-1.939
16.840	-1.261	-1.954
16.850	-1.337	-1.969
16.860	-1.410	-1.974
16.870	-1.479	-1.988
16.880	-1.544	-1.993
16.890	-1.606	-2.022
16.900	-1.664	-2.032
16.910	-1.717	-2.042
16.920	-1.766	-2.052
16.930	-1.811	-2.062
16.940	-1.851	-2.096
16.950	-1.887	-2.110
16.960	-1.917	-2.130
16.970	-1.943	-2.154
16.980	-1.965	-2.169
16.990	-1.981	-2.203
17.000	-1.992	-2.223
17.010	-1.999	-2.233
17.020	-2.000	-2.262
17.030	-1.996	-2.296
17.040	-1.988	-2.311
17.050	-1.974	-2.335
17.060	-1.955	-2.360
17.070	-1.932	-2.389
17.080	-1.904	-2.413
17.090	-1.871	-2.433
17.100	-1.833	-2.462
17.110	-1.791	-2.491
17.120	-1.744	-2.511
17.130	-1.693	-2.540
17.140	-1.638	-2.570
17.150	-1.578	-2.584
17.160	-1.515	-2.604
17.170	-1.448	-2.638
17.180	-1.377	-2.648
17.190	-1.303	-2.662
17.200	-1.225	-2.687
17.210	-1.145	-2.711
17.220	-1.061	-2.721
17.230	-0.975	-2.736
17.240	-0.887	-2.741
17.250	-0.796	-2.745
17.260	-0.703	-2.750
17.270	-0.609	-2.755
17.280	-0.513	-2.755
17.290	-0.415	-2.755
17.300	-0.317	-2.760
17.310	-0.218	-2.760
17.320	-0.118	-2.760
17.330	-0.019	-2.760
17.340	0.081	-2.760
17.350	0.181	-2.760
17.360	0.281	-2.760
17.370	0.379	-2.760
17.380	0.477	-2.760
17.390	0.573	-2.760
17.400	0.668	-2.760
17.410	0.762	-2.760
17.420	0.853	-2.760
17.430	0.943	-2.755
17.440	1.030	-2.760
17.450	1.114	-2.760
17.460	1.196	-2.760
17.470	1.274	-2.750
17.480	1.350	-2.750
17.490	1.422	-2.741
17.500	1.490	-2.736
17.510	1.555	-2.726
17.520	1.616	-2.716
17.530	1.673	-2.702
17.540	1.726	-2.682
17.550	1.774	-2.658
17.560	1.818	-2.643
17.570	1.857	-2.628
17.580	1.892	-2.599
17.590	1.922	-2.584
17.600	1.947	-2.570
17.610	1.968	-2.526
17.620	1.983	-2.501
17.630	1.994	-2.477
17.640	1.999	-2.447
17.650	2.000	-2.413
17.660	1.995	-2.399
17.670	1.986	-2.364
17.680	1.971	-2.335
17.690	1.952	-2.311
17.700	1.928	-2.281
17.710	1.899	-2.247
17.720	1.865	-2.223
17.730	1.826	-2.203
17.740	1.783	-2.169
17.750	1.736	-2.149
17.760	1.684	-2.125
17.770	1.628	-2.110
17.780	1.568	-2.091
17.790	1.504	-2.052
17.800	1.436	-2.042
17.810	1.365	-2.032
17.820	1.290	-2.008
17.830	1.212	-1.979
17.840	1.131	-1.969
17.850	1.047	-1.949
17.860	0.960	-1.935
17.870	0.871	-1.930
17.880	0.780	-1.925
17.890	0.687	-1.915
17.900	0.593	-1.910
17.910	0.496	-1.910
17.920	0.399	-1.910
17.930	0.301	-1.910
17.940	0.201	-1.910
17.950	0.102	-1.910
17.960	0.002	-1.910
17.970	-0.098	-1.910
17.980	-0.198	-1.910
17.990	-0.297	-1.910
18.000	-0.396	-1.910
18.010	-0.493	-1.910
18.020	-0.589	-1.910
18.030	-0.684	-1.910
18.040	-0.777	-1.915
18.050	-0.868	-1.920
18.060	-0.957	-1.920
18.070	-1.044	-1.930
18.080	-1.128	-1.935
18.090	-1.209	-1.939
18.100	-1.287	-1.949
18.110	-1.362	-1.964
18.120	-1.434	-1.974
18.130	-1.501	-1.983
18.140	-1.566	-1.993
18.150	-1.626	-2.022
18.160	-1.682	-2.032
18.170	-1.734	-2.042
18.180	-1.782	-2.052
18.190	-1.825	-2.066
18.200	-1.863	-2.101
18.210	-1.897	-2.110
18.220	-1.927	-2.135
18.230	-1.951	-2.159
18.240	-1.971	-2.174
18.250	-1.985	-2.203
18.260	-1.995	-2.223
18.270	-2.000	-2.237
18.280	-1.999	-2.272
18.290	-1.994	-2.301
18.300	-1.984	-2.320
18.310	-1.968	-2.345
18.320	-1.948	-2.369
18.330	-1.923	-2.399
18.340	-1.893	-2.413
18.350	-1.859	-2.443
18.360	-1.819	-2.472
18.370	-1.776	-2.496
18.380	-1.727	-2.521
18.390	-1.675	-2.545
18.400	-1.618	-2.574
18.410	-1.557	-2.594
18.420	-1.493	-2.614
18.430	-1.424	-2.638
18.440	-1.352	-2.648
18.450	-1.277	-2.672
18.460	-1.198	-2.697
18.470	-1.117	-2.716
18.480	-1.032	-2.726
18.490	-0.946	-2.736
18.500	-0.856	-2.745
18.510	-0.765	-2.750
18.520	-0.672	-2.755
18.530	-0.577	-2.760
18.540	-0.480	-2.760
18.550	-0.383	-2.760
18.560	-0.284	-2.765
18.570	-0.185	-2.765
18.580	-0.085	-2.765
18.590	0.015	-2.760
18.600	0.115	-2.765
18.610	0.215	-2.765
18.620	0.314	-2.760
18.630	0.412	-2.765
18.640	0.509	-2.760
18.650	0.605	-2.760
18.660	0.700	-2.765
18.670	0.793	-2.760
18.680	0.884	-2.760
18.690	0.972	-2.760
18.700	1.058	-2.765
18.710	1.142	-2.760
18.720	1.222	-2.760
18.730	1.300	-2.755
18.740	1.374	-2.750
18.750	1.445	-2.741
18.760	1.512	-2.736
18.770	1.576	-2.721
18.780	1.636	-2.716
18.790	1.691	-2.697
18.800	1.742	-2.677
18.810	1.789	-2.653
18.820	1.832	-2.643
18.830	1.869	-2.623
18.840	1.903	-2.599
18.850	1.931	-2.579
18.860	1.955	-2.565
18.870	1.973	-2.521
18.880	1.987	-2.501
18.890	1.996	-2.472
18.900	2.000	-2.443
18.910	1.999	-2.413
18.920	1.992	-2.394
18.930	1.981	-2.360
18.940	1.965	-2.335
18.950	1.944	-2.311
18.960	1.918	-2.281
18.970	1.888	-2.242
18.980	1.852	-2.223
18.990	1.812	-2.203
19.000	1.768	-2.169
19.010	1.719	-2.149
19.020	1.665	-2.125
19.030	1.608	-2.110
19.040	1.547	-2.091
19.050	1.481	-2.052
19.060	1.412	-2.042
19.070	1.340	-2.032
19.080	1.264	-2.013
19.090	1.185	-1.988
19.100	1.103	-1.969
19.110	1.018	-1.954
19.120	0.931	-1.939
19.130	0.841	-1.935
19.140	0.749	-1.930
19.150	0.656	-1.925
19.160	0.560	-1.920
19.170	0.464	-1.920
19.180	0.366	-1.920
19.190	0.267	-1.920
19.200	0.168	-1.920
19.210	0.068	-1.920
19.220	-0.032	-1.920
19.230	-0.132	-1.920
19.240	-0.231	-1.920
19.250	-0.330	-1.920
19.260	-0.429	-1.920
19.270	-0.526	-1.920
19.280	-0.621	-1.920
19.290	-0.716	-1.920
19.300	-0.808	-1.925
19.310	-0.899	-1.930
19.320	-0.987	-1.935
19.330	-1.072	-1.935
19.340	-1.155	-1.944
19.350	-1.236	-1.949
19.360	-1.313	-1.969
19.370	-1.386	-1.974
19.380	-1.457	-1.983
19.390	-1.523	-1.993
19.400	-1.586	-2.018
19.410	-1.645	-2.027
19.420	-1.700	-2.037
19.430	-1.751	-2.047
19.440	-1.797	-2.057
19.450	-1.838	-2.091
19.460	-1.875	-2.110
19.470	-1.908	-2.125
19.480	-1.935	-2.149
19.490	-1.958	-2.169
19.500	-1.976	-2.193
19.510	-1.989	-2.218
19.520	-1.997	-2.228
19.530	-2.000	-2.257
19.540	-1.998	-2.286
19.550	-1.991	-2.311
19.560	-1.979	-2.335
19.570	-1.962	-2.350
19.580	-1.940	-2.379
19.590	-1.914	-2.404
19.600	-1.882	-2.428
19.610	-1.846	-2.462
19.620	-1.805	-2.482
19.630	-1.760	-2.506
19.640	-1.710	-2.526
19.650	-1.656	-2.565
19.660	-1.598	-2.584
19.670	-1.536	-2.599
19.680	-1.470	-2.633
19.690	-1.400	-2.643
19.700	-1.327	-2.658
19.710	-1.251	-2.687
19.720	-1.171	-2.706
19.730	-1.089	-2.716
19.740	-1.004	-2.731
19.750	-0.916	-2.736
19.760	-0.826	-2.745
19.770	-0.734	-2.750
19.780	-0.640	-2.755
19.790	-0.544	-2.755
19.800	-0.447	-2.760
19.810	-0.349	-2.760
19.820	-0.251	-2.760
19.830	-0.151	-2.765
19.840	-0.051	-2.760
19.850	0.049	-2.765
19.860	0.149	-2.765
19.870	0.248	-2.760
19.880	0.347	-2.760
19.890	0.445	-2.760
19.900	0.542	-2.760
19.910	0.637	-2.760
19.920	0.731	-2.760
19.930	0.823	-2.760
19.940	0.914	-2.760
19.950	1.001	-2.760
19.960	1.087	-2.765
19.970	1.169	-2.760
19.980	1.249	-2.755
19.990	1.325	-2.755
20.000	1.399	-2.750
20.010	1.468	-2.741
20.020	1.534	-2.731
20.030	1.596	-2.716
20.040	1.655	-2.711
20.050	1.709	-2.687
20.060	1.759	-2.667
20.070	1.804	-2.648
20.080	1.845	-2.638
20.090	1.881	-2.609
20.100	1.913	-2.594
20.110	1.940	-2.574
20.120	1.962	-2.540
20.130	1.979	-2.511
20.140	1.991	-2.491
20.150	1.998	-2.462
20.160	2.000	-2.428
20.170	1.997	-2.404
20.180	1.989	-2.379
20.190	1.976	-2.345
20.200	1.959	-2.320
20.210	1.936	-2.301
20.220	1.909	-2.257
20.230	1.876	-2.233
20.240	1.839	-2.218
20.250	1.798	-2.179
20.260	1.752	-2.159
20.270	1.701	-2.130
20.280	1.647	-2.110
20.290	1.588	-2.091
20.300	1.525	-2.057
20.310	1.459	-2.047
20.320	1.388	-2.032
20.330	1.315	-2.018
20.340	1.238	-1.988
20.350	1.158	-1.969
20.360	1.075	-1.949
20.370	0.989	-1.939
20.380	0.901	-1.930
20.390	0.810	-1.920
20.400	0.718	-1.915
20.410	0.624	-1.910
20.420	0.528	-1.910
20.430	0.431	-1.910
20.440	0.333	-1.910
20.450	0.234	-1.910
20.460	0.134	-1.910
20.470	0.034	-1.910
20.480	-0.066	-1.910
20.490	-0.165	-1.910
20.500	-0.265	-1.910
20.510	-0.364	-1.910
20.520	-0.461	-1.910
20.530	-0.558	-1.910
20.540	-0.653	-1.910
20.550	-0.747	-1.910
20.560	-0.839	-1.915
20.570	-0.928	-1.920
20.580	-1.016	-1.930
20.590	-1.101	-1.935
20.600	-1.183	-1.935
20.610	-1.262	-1.944
20.620	-1.338	-1.959
