0.010	-10.000	1.295
0.020	-9.992	1.060
0.030	-9.958	0.806
0.040	-9.901	0.572
0.050	-9.818	0.327
0.060	-9.711	0.088
0.070	-9.579	-0.151
0.080	-9.424	-0.386
0.090	-9.245	-0.630
0.100	-9.043	-0.874
0.110	-8.818	-1.109
0.120	-8.571	-1.339
0.130	-8.303	-1.563
0.140	-8.014	-1.768
0.150	-7.705	-1.979
0.160	-7.377	-2.189
0.170	-7.030	-2.379
0.180	-6.666	-2.570
0.190	-6.285	-2.741
0.200	-5.888	-2.912
0.210	-5.477	-3.073
0.220	-5.052	-3.219
0.230	-4.615	-3.371
0.240	-4.165	-3.498
0.250	-3.706	-3.610
0.260	-3.237	-3.737
0.270	-2.760	-3.845
0.280	-2.276	-3.928
0.290	-1.787	-3.996
0.300	-1.293	-4.064
0.310	-0.795	-4.118
0.320	-0.296	-4.162
0.330	0.204	-4.211
0.340	0.703	-4.221
0.350	1.201	-4.226
0.360	1.695	-4.226
0.370	2.186	-4.221
0.380	2.671	-4.216
0.390	3.149	-4.201
0.400	3.620	-4.157
0.410	4.081	-4.128
0.420	4.532	-4.079
0.430	4.972	-4.030
0.440	5.399	-3.962
0.450	5.813	-3.898
0.460	6.213	-3.796
0.470	6.597	-3.703
0.480	6.964	-3.591
0.490	7.314	-3.483
0.500	7.646	-3.351
0.510	7.958	-3.210
0.520	8.251	-3.048
0.530	8.523	-2.897
0.540	8.774	-2.731
0.550	9.003	-2.570
0.560	9.209	-2.384
0.570	9.392	-2.184
0.580	9.552	-1.974
0.590	9.688	-1.773
0.600	9.800	-1.558
0.610	9.887	-1.339
0.620	9.950	-1.114
0.630	9.987	-0.889
0.640	10.000	-0.650
0.650	9.988	-0.420
0.660	9.950	-0.191
0.670	9.888	0.039
0.680	9.802	0.278
0.690	9.690	0.508
0.700	9.555	0.747
0.710	9.395	0.992
0.720	9.212	1.221
0.730	9.006	1.466
0.740	8.778	1.700
0.750	8.527	1.920
0.760	8.256	2.159
0.770	7.963	2.374
0.780	7.651	2.589
0.790	7.320	2.804
0.800	6.970	3.004
0.810	6.603	3.205
0.820	6.219	3.405
0.830	5.820	3.581
0.840	5.407	3.752
0.850	4.979	3.923
0.860	4.540	4.079
0.870	4.089	4.216
0.880	3.628	4.348
0.890	3.157	4.470
0.900	2.679	4.582
0.910	2.194	4.675
0.920	1.704	4.763
0.930	1.209	4.836
0.940	0.712	4.905
0.950	0.212	4.949
0.960	-0.288	4.988
0.970	-0.787	5.002
0.980	-1.284	5.012
0.990	-1.778	5.012
1.000	-2.268	5.007
1.010	-2.752	4.998
1.020	-3.229	4.973
1.030	-3.698	4.929
1.040	-4.158	4.890
1.050	-4.607	4.831
1.060	-5.045	4.768
1.070	-5.470	4.700
1.080	-5.882	4.612
1.090	-6.278	4.524
1.100	-6.660	4.421
1.110	-7.024	4.299
1.120	-7.371	4.177
1.130	-7.700	4.040
1.140	-8.009	3.879
1.150	-8.298	3.723
1.160	-8.567	3.561
1.170	-8.814	3.390
1.180	-9.039	3.195
1.190	-9.241	3.004
1.200	-9.421	2.804
1.210	-9.577	2.599
1.220	-9.709	2.384
1.230	-9.816	2.174
1.240	-9.899	1.939
1.250	-9.958	1.720
1.260	-9.991	1.485
1.270	-10.000	1.246
1.280	-9.983	1.001
1.290	-9.942	0.752
1.300	-9.875	0.513
1.310	-9.785	0.278
1.320	-9.669	0.034
1.330	-9.529	-0.210
1.340	-9.366	-0.435
1.350	-9.179	-0.689
1.360	-8.969	-0.923
1.370	-8.737	-1.153
1.380	-8.483	-1.383
1.390	-8.208	-1.607
1.400	-7.912	-1.808
1.410	-7.597	-2.052
1.420	-7.262	-2.223
1.430	-6.910	-2.413
1.440	-6.540	-2.604
1.450	-6.153	-2.775
1.460	-5.752	-2.941
1.470	-5.336	-3.092
1.480	-4.906	-3.258
1.490	-4.465	-3.395
1.500	-4.012	-3.517
1.510	-3.549	-3.630
1.520	-3.077	-3.742
1.530	-2.598	-3.850
1.540	-2.112	-3.928
1.550	-1.621	-4.001
1.560	-1.126	-4.064
1.570	-0.628	-4.113
1.580	-0.128	-4.152
1.590	0.372	-4.182
1.600	0.871	-4.206
1.610	1.368	-4.211
1.620	1.861	-4.206
1.630	2.350	-4.196
1.640	2.833	-4.172
1.650	3.308	-4.148
1.660	3.776	-4.113
1.670	4.234	-4.079
1.680	4.681	-4.035
1.690	5.117	-3.967
1.700	5.540	-3.908
1.710	5.949	-3.825
1.720	6.344	-3.732
1.730	6.722	-3.625
1.740	7.084	-3.512
1.750	7.428	-3.400
1.760	7.753	-3.278
1.770	8.059	-3.127
1.780	8.345	-2.970
1.790	8.610	-2.819
1.800	8.853	-2.648
1.810	9.075	-2.467
1.820	9.273	-2.296
1.830	9.449	-2.076
1.840	9.601	-1.881
1.850	9.728	-1.676
1.860	9.832	-1.466
1.870	9.911	-1.231
1.880	9.965	-1.011
1.890	9.994	-0.777
1.900	9.999	-0.547
1.910	9.978	-0.322
1.920	9.932	-0.088
1.930	9.862	0.147
1.940	9.767	0.386
1.950	9.647	0.616
1.960	9.504	0.850
1.970	9.336	1.094
1.980	9.146	1.329
1.990	8.932	1.573
2.000	8.696	1.803
2.010	8.438	2.032
2.020	8.160	2.262
2.030	7.861	2.472
2.040	7.542	2.687
2.050	7.204	2.902
2.060	6.849	3.097
2.070	6.476	3.302
2.080	6.087	3.493
2.090	5.683	3.664
2.100	5.264	3.850
2.110	4.833	4.006
2.120	4.389	4.148
2.130	3.935	4.294
2.140	3.470	4.426
2.150	2.997	4.538
2.160	2.517	4.636
2.170	2.030	4.739
2.180	1.538	4.812
2.190	1.042	4.885
2.200	0.544	4.944
2.210	0.044	4.993
2.220	-0.456	5.022
2.230	-0.954	5.037
2.240	-1.451	5.042
2.250	-1.943	5.042
2.260	-2.431	5.027
2.270	-2.913	5.007
2.280	-3.388	4.988
2.290	-3.854	4.939
2.300	-4.310	4.895
2.310	-4.756	4.836
2.320	-5.189	4.768
2.330	-5.610	4.700
2.340	-6.017	4.607
2.350	-6.408	4.514
2.360	-6.784	4.411
2.370	-7.143	4.284
2.380	-7.484	4.157
2.390	-7.806	4.025
2.400	-8.108	3.864
2.410	-8.391	3.708
2.420	-8.652	3.527
2.430	-8.892	3.346
2.440	-9.110	3.156
2.450	-9.304	2.970
2.460	-9.476	2.760
2.470	-9.624	2.555
2.480	-9.747	2.350
2.490	-9.847	2.120
2.500	-9.922	1.881
2.510	-9.972	1.661
2.520	-9.997	1.431
2.530	-9.997	1.182
2.540	-9.972	0.943
2.550	-9.922	0.689
2.560	-9.848	0.454
2.570	-9.748	0.220
2.580	-9.625	-0.024
2.590	-9.477	-0.264
2.600	-9.306	-0.498
2.610	-9.111	-0.738
2.620	-8.894	-0.987
2.630	-8.654	-1.212
2.640	-8.393	-1.436
2.650	-8.111	-1.651
2.660	-7.808	-1.856
2.670	-7.486	-2.057
2.680	-7.146	-2.267
2.690	-6.787	-2.457
2.700	-6.412	-2.638
2.710	-6.020	-2.814
2.720	-5.613	-2.970
2.730	-5.193	-3.131
2.740	-4.759	-3.278
2.750	-4.314	-3.405
2.760	-3.857	-3.532
2.770	-3.391	-3.649
2.780	-2.917	-3.747
2.790	-2.435	-3.854
2.800	-1.948	-3.928
2.810	-1.455	-3.996
2.820	-0.959	-4.060
2.830	-0.460	-4.104
2.840	0.040	-4.138
2.850	0.540	-4.162
2.860	1.038	-4.177
2.870	1.534	-4.177
2.880	2.026	-4.172
2.890	2.513	-4.157
2.900	2.993	-4.143
2.910	3.466	-4.113
2.920	3.931	-4.084
2.930	4.386	-4.045
2.940	4.829	-3.986
2.950	5.261	-3.933
2.960	5.679	-3.854
2.970	6.084	-3.766
2.980	6.473	-3.679
2.990	6.846	-3.576
3.000	7.201	-3.459
3.010	7.539	-3.337
3.020	7.858	-3.200
3.030	8.157	-3.034
3.040	8.436	-2.897
3.050	8.694	-2.731
3.060	8.930	-2.570
3.070	9.144	-2.379
3.080	9.335	-2.189
3.090	9.502	-1.983
3.100	9.646	-1.778
3.110	9.766	-1.568
3.120	9.861	-1.343
3.130	9.932	-1.128
3.140	9.978	-0.894
3.150	9.999	-0.660
3.160	9.994	-0.425
3.170	9.965	-0.195
3.180	9.911	0.029
3.190	9.833	0.269
3.200	9.729	0.503
3.210	9.602	0.738
3.220	9.450	0.977
3.230	9.275	1.216
3.240	9.076	1.461
3.250	8.855	1.695
3.260	8.612	1.920
3.270	8.347	2.154
3.280	8.061	2.369
3.290	7.756	2.589
3.300	7.430	2.809
3.310	7.087	3.009
3.320	6.725	3.205
3.330	6.347	3.410
3.340	5.953	3.600
3.350	5.544	3.776
3.360	5.121	3.942
3.370	4.685	4.104
3.380	4.238	4.245
3.390	3.780	4.382
3.400	3.312	4.504
3.410	2.836	4.617
3.420	2.354	4.719
3.430	1.865	4.812
3.440	1.372	4.890
3.450	0.875	4.958
3.460	0.376	5.007
3.470	-0.124	5.056
3.480	-0.624	5.071
3.490	-1.122	5.081
3.500	-1.617	5.085
3.510	-2.108	5.085
3.520	-2.594	5.071
3.530	-3.073	5.051
3.540	-3.545	5.017
3.550	-4.008	4.983
3.560	-4.461	4.924
3.570	-4.903	4.856
3.580	-5.332	4.783
3.590	-5.748	4.709
3.600	-6.150	4.617
3.610	-6.537	4.519
3.620	-6.907	4.411
3.630	-7.259	4.284
3.640	-7.594	4.152
3.650	-7.910	4.006
3.660	-8.206	3.854
3.670	-8.481	3.693
3.680	-8.735	3.512
3.690	-8.968	3.322
3.700	-9.178	3.131
3.710	-9.365	2.931
3.720	-9.528	2.736
3.730	-9.668	2.526
3.740	-9.784	2.316
3.750	-9.875	2.086
3.760	-9.941	1.856
3.770	-9.983	1.627
3.780	-10.000	1.392
3.790	-9.991	1.158
3.800	-9.958	0.914
3.810	-9.900	0.660
3.820	-9.817	0.425
3.830	-9.710	0.186
3.840	-9.578	-0.059
3.850	-9.422	-0.303
3.860	-9.243	-0.532
3.870	-9.041	-0.767
3.880	-8.816	-1.011
3.890	-8.569	-1.231
3.900	-8.300	-1.461
3.910	-8.011	-1.676
3.920	-7.702	-1.886
3.930	-7.374	-2.086
3.940	-7.027	-2.291
3.950	-6.663	-2.462
3.960	-6.282	-2.638
3.970	-5.885	-2.829
3.980	-5.473	-2.975
3.990	-5.048	-3.131
4.000	-4.611	-3.278
4.010	-4.161	-3.405
4.020	-3.702	-3.522
4.030	-3.233	-3.635
4.040	-2.756	-3.742
4.050	-2.272	-3.840
4.060	-1.782	-3.908
4.070	-1.288	-3.972
4.080	-0.791	-4.035
4.090	-0.292	-4.069
4.100	0.208	-4.099
4.110	0.708	-4.118
4.120	1.205	-4.128
4.130	1.700	-4.128
4.140	2.190	-4.123
4.150	2.675	-4.113
4.160	3.153	-4.099
4.170	3.624	-4.064
4.180	4.085	-4.040
4.190	4.536	-3.981
4.200	4.976	-3.928
4.210	5.403	-3.869
4.220	5.817	-3.786
4.230	6.216	-3.698
4.240	6.600	-3.596
4.250	6.967	-3.493
4.260	7.317	-3.371
4.270	7.649	-3.244
4.280	7.961	-3.087
4.290	8.253	-2.941
4.300	8.525	-2.789
4.310	8.776	-2.628
4.320	9.005	-2.438
4.330	9.211	-2.272
4.340	9.394	-2.057
4.350	9.553	-1.851
4.360	9.689	-1.661
4.370	9.801	-1.441
4.380	9.888	-1.216
4.390	9.950	-0.997
4.400	9.988	-0.752
4.410	10.000	-0.532
4.420	9.987	-0.308
4.430	9.950	-0.073
4.440	9.888	0.166
4.450	9.801	0.401
4.460	9.689	0.630
4.470	9.553	0.870
4.480	9.394	1.119
4.490	9.211	1.353
4.500	9.004	1.597
4.510	8.776	1.827
4.520	8.525	2.052
4.530	8.253	2.286
4.540	7.961	2.506
4.550	7.648	2.716
4.560	7.317	2.926
4.570	6.967	3.131
4.580	6.600	3.332
4.590	6.216	3.517
4.600	5.817	3.713
4.610	5.403	3.879
4.620	4.976	4.045
4.630	4.536	4.196
4.640	4.085	4.343
4.650	3.623	4.475
4.660	3.153	4.597
4.670	2.675	4.709
4.680	2.190	4.807
4.690	1.700	4.895
4.700	1.205	4.973
4.710	0.707	5.032
4.720	0.208	5.076
4.730	-0.292	5.120
4.740	-0.791	5.159
4.750	-1.289	5.159
4.760	-1.783	5.159
4.770	-2.272	5.164
4.780	-2.756	5.149
4.790	-3.233	5.100
4.800	-3.702	5.066
4.810	-4.162	5.027
4.820	-4.611	4.973
4.830	-5.049	4.910
4.840	-5.474	4.827
4.850	-5.885	4.744
4.860	-6.282	4.646
4.870	-6.663	4.538
4.880	-7.027	4.436
4.890	-7.374	4.299
4.900	-7.702	4.162
4.910	-8.012	4.021
4.920	-8.301	3.854
4.930	-8.569	3.693
4.940	-8.816	3.512
4.950	-9.041	3.317
4.960	-9.243	3.127
4.970	-9.422	2.921
4.980	-9.578	2.721
4.990	-9.710	2.511
5.000	-9.817	2.301
5.010	-9.900	2.071
5.020	-9.958	1.842
5.030	-9.991	1.612
5.040	-10.000	1.373
5.050	-9.983	1.133
5.060	-9.941	0.884
5.070	-9.875	0.645
5.080	-9.784	0.410
5.090	-9.668	0.156
5.100	-9.528	-0.083
5.110	-9.365	-0.322
5.120	-9.177	-0.552
5.130	-8.968	-0.791
5.140	-8.735	-1.031
5.150	-8.481	-1.251
5.160	-8.206	-1.480
5.170	-7.910	-1.695
5.180	-7.594	-1.891
5.190	-7.259	-2.101
5.200	-6.906	-2.296
5.210	-6.536	-2.472
5.220	-6.150	-2.643
5.230	-5.748	-2.819
5.240	-5.332	-2.970
5.250	-4.902	-3.122
5.260	-4.461	-3.268
5.270	-4.008	-3.395
5.280	-3.545	-3.508
5.290	-3.073	-3.610
5.300	-2.594	-3.727
5.310	-2.108	-3.806
5.320	-1.617	-3.884
5.330	-1.121	-3.942
5.340	-0.623	-3.986
5.350	-0.124	-4.040
5.360	0.376	-4.060
5.370	0.875	-4.069
5.380	1.372	-4.079
5.390	1.865	-4.079
5.400	2.354	-4.064
5.410	2.837	-4.055
5.420	3.312	-4.030
5.430	3.780	-3.986
5.440	4.238	-3.952
5.450	4.685	-3.913
5.460	5.121	-3.850
5.470	5.544	-3.771
5.480	5.953	-3.693
5.490	6.347	-3.596
5.500	6.725	-3.498
5.510	7.087	-3.395
5.520	7.431	-3.268
5.530	7.756	-3.131
5.540	8.062	-2.990
5.550	8.347	-2.833
5.560	8.612	-2.672
5.570	8.855	-2.501
5.580	9.076	-2.325
5.590	9.275	-2.130
5.600	9.450	-1.925
5.610	9.602	-1.724
5.620	9.729	-1.524
5.630	9.833	-1.304
5.640	9.911	-1.085
5.650	9.965	-0.860
5.660	9.994	-0.620
5.670	9.999	-0.386
5.680	9.978	-0.151
5.690	9.932	0.073
5.700	9.861	0.308
5.710	9.766	0.537
5.720	9.646	0.777
5.730	9.502	1.026
5.740	9.335	1.255
5.750	9.144	1.500
5.760	8.930	1.739
5.770	8.694	1.959
5.780	8.436	2.203
5.790	8.157	2.418
5.800	7.858	2.643
5.810	7.539	2.858
5.820	7.201	3.053
5.830	6.845	3.268
5.840	6.472	3.464
5.850	6.083	3.644
5.860	5.679	3.840
5.870	5.261	4.006
5.880	4.829	4.162
5.890	4.385	4.314
5.900	3.931	4.460
5.910	3.466	4.587
5.920	2.993	4.704
5.930	2.512	4.807
5.940	2.026	4.905
5.950	1.534	4.988
5.960	1.038	5.056
5.970	0.539	5.110
5.980	0.040	5.169
5.990	-0.460	5.193
6.000	-0.959	5.198
6.010	-1.455	5.203
6.020	-1.948	5.203
6.030	-2.436	5.203
6.040	-2.917	5.198
6.050	-3.392	5.178
6.060	-3.858	5.134
6.070	-4.314	5.076
6.080	-4.759	5.017
6.090	-5.193	4.949
6.100	-5.614	4.866
6.110	-6.020	4.768
6.120	-6.412	4.680
6.130	-6.787	4.577
6.140	-7.146	4.460
6.150	-7.487	4.314
6.160	-7.809	4.187
6.170	-8.111	4.035
6.180	-8.393	3.869
6.190	-8.654	3.708
6.200	-8.894	3.517
6.210	-9.111	3.322
6.220	-9.306	3.131
6.230	-9.477	2.926
6.240	-9.625	2.721
6.250	-9.748	2.511
6.260	-9.848	2.291
6.270	-9.922	2.066
6.280	-9.972	1.837
6.290	-9.997	1.607
6.300	-9.997	1.363
6.310	-9.972	1.128
6.320	-9.922	0.874
6.330	-9.847	0.630
6.340	-9.747	0.401
6.350	-9.624	0.147
6.360	-9.476	-0.093
6.370	-9.304	-0.332
6.380	-9.109	-0.557
6.390	-8.892	-0.801
6.400	-8.652	-1.036
6.410	-8.391	-1.255
6.420	-8.108	-1.480
6.430	-7.806	-1.695
6.440	-7.483	-1.891
6.450	-7.143	-2.096
6.460	-6.784	-2.291
6.470	-6.408	-2.462
6.480	-6.016	-2.633
6.490	-5.610	-2.809
6.500	-5.189	-2.951
6.510	-4.755	-3.097
6.520	-4.310	-3.244
6.530	-3.853	-3.371
6.540	-3.387	-3.488
6.550	-2.913	-3.591
6.560	-2.431	-3.688
6.570	-1.943	-3.757
6.580	-1.450	-3.845
6.590	-0.954	-3.903
6.600	-0.455	-3.942
6.610	0.044	-3.972
6.620	0.544	-3.991
6.630	1.043	-4.001
6.640	1.538	-4.001
6.650	2.030	-4.001
6.660	2.517	-3.986
6.670	2.998	-3.977
6.680	3.471	-3.952
6.690	3.935	-3.918
6.700	4.390	-3.874
6.710	4.833	-3.815
6.720	5.265	-3.742
6.730	5.683	-3.679
6.740	6.087	-3.591
6.750	6.476	-3.498
6.760	6.849	-3.400
6.770	7.204	-3.283
6.780	7.542	-3.146
6.790	7.861	-3.014
6.800	8.160	-2.872
6.810	8.439	-2.716
6.820	8.696	-2.560
6.830	8.932	-2.379
6.840	9.146	-2.198
6.850	9.336	-1.998
6.860	9.504	-1.793
6.870	9.647	-1.597
6.880	9.767	-1.368
6.890	9.862	-1.153
6.900	9.932	-0.933
6.910	9.978	-0.699
6.920	9.999	-0.464
6.930	9.994	-0.239
6.940	9.965	0.005
6.950	9.911	0.220
6.960	9.832	0.454
6.970	9.728	0.689
6.980	9.600	0.933
6.990	9.449	1.168
7.000	9.273	1.417
7.010	9.074	1.656
7.020	8.853	1.881
7.030	8.610	2.120
7.040	8.345	2.350
7.050	8.059	2.565
7.060	7.753	2.785
7.070	7.427	2.995
7.080	7.083	3.205
7.090	6.722	3.415
7.100	6.343	3.605
7.110	5.949	3.796
7.120	5.540	3.972
7.130	5.117	4.138
7.140	4.681	4.294
7.150	4.234	4.446
7.160	3.776	4.573
7.170	3.308	4.704
7.180	2.832	4.812
7.190	2.349	4.924
7.200	1.861	5.007
7.210	1.367	5.081
7.220	0.870	5.169
7.230	0.371	5.198
7.240	-0.128	5.232
7.250	-0.628	5.256
7.260	-1.126	5.271
7.270	-1.621	5.271
7.280	-2.112	5.271
7.290	-2.598	5.261
7.300	-3.078	5.242
7.310	-3.549	5.208
7.320	-4.012	5.183
7.330	-4.465	5.159
7.340	-4.907	5.066
7.350	-5.336	5.002
7.360	-5.752	4.915
7.370	-6.154	4.817
7.380	-6.540	4.724
7.390	-6.910	4.607
7.400	-7.262	4.485
7.410	-7.597	4.348
7.420	-7.912	4.206
7.430	-8.208	4.055
7.440	-8.483	3.884
7.450	-8.737	3.718
7.460	-8.970	3.527
7.470	-9.179	3.332
7.480	-9.366	3.136
7.490	-9.530	2.931
7.500	-9.669	2.721
7.510	-9.785	2.506
7.520	-9.876	2.316
7.530	-9.942	2.076
7.540	-9.983	1.847
7.550	-10.000	1.617
7.560	-9.991	1.383
7.570	-9.958	1.133
7.580	-9.899	0.889
7.590	-9.816	0.645
7.600	-9.708	0.410
7.610	-9.577	0.161
7.620	-9.421	-0.073
7.630	-9.241	-0.318
7.640	-9.039	-0.547
7.650	-8.814	-0.777
7.660	-8.567	-1.016
7.670	-8.298	-1.236
7.680	-8.009	-1.461
7.690	-7.699	-1.671
7.700	-7.371	-1.866
7.710	-7.024	-2.057
7.720	-6.659	-2.257
7.730	-6.278	-2.428
7.740	-5.881	-2.609
7.750	-5.470	-2.765
7.760	-5.044	-2.912
7.770	-4.607	-3.053
7.780	-4.157	-3.200
7.790	-3.698	-3.317
7.800	-3.229	-3.410
7.810	-2.751	-3.517
7.820	-2.268	-3.605
7.830	-1.778	-3.698
7.840	-1.284	-3.752
7.850	-0.787	-3.820
7.860	-0.287	-3.859
7.870	0.213	-3.898
7.880	0.712	-3.913
7.890	1.210	-3.918
7.900	1.704	-3.918
7.910	2.195	-3.918
7.920	2.679	-3.903
7.930	3.158	-3.884
7.940	3.628	-3.850
7.950	4.089	-3.810
7.960	4.540	-3.762
7.970	4.980	-3.718
7.980	5.407	-3.639
7.990	5.821	-3.571
8.000	6.220	-3.493
8.010	6.603	-3.390
8.020	6.970	-3.278
8.030	7.320	-3.146
8.040	7.651	-3.019
8.050	7.964	-2.882
8.060	8.256	-2.731
8.070	8.528	-2.574
8.080	8.778	-2.404
8.090	9.006	-2.223
8.100	9.212	-2.037
8.110	9.395	-1.832
8.120	9.555	-1.637
8.130	9.690	-1.426
8.140	9.802	-1.212
8.150	9.888	-0.992
8.160	9.950	-0.747
8.170	9.988	-0.528
8.180	10.000	-0.303
8.190	9.987	-0.068
8.200	9.950	0.166
8.210	9.887	0.401
8.220	9.800	0.630
8.230	9.688	0.874
8.240	9.552	1.114
8.250	9.392	1.348
8.260	9.209	1.593
8.270	9.002	1.822
8.280	8.774	2.062
8.290	8.523	2.296
8.300	8.251	2.521
8.310	7.958	2.731
8.320	7.645	2.956
8.330	7.314	3.166
8.340	6.964	3.381
8.350	6.596	3.571
8.360	6.213	3.757
8.370	5.813	3.947
8.380	5.399	4.123
8.390	4.972	4.284
8.400	4.532	4.441
8.410	4.081	4.577
8.420	3.619	4.709
8.430	3.149	4.827
8.440	2.671	4.949
8.450	2.186	5.051
8.460	1.695	5.154
8.470	1.200	5.208
8.480	0.703	5.256
8.490	0.203	5.310
8.500	-0.297	5.354
8.510	-0.796	5.369
8.520	-1.293	5.383
8.530	-1.787	5.379
8.540	-2.276	5.379
8.550	-2.760	5.354
8.560	-3.237	5.340
8.570	-3.706	5.305
8.580	-4.166	5.266
8.590	-4.615	5.208
8.600	-5.052	5.169
8.610	-5.477	5.081
8.620	-5.889	4.998
8.630	-6.285	4.900
8.640	-6.666	4.783
8.650	-7.030	4.670
8.660	-7.377	4.548
8.670	-7.705	4.411
8.680	-8.014	4.260
8.690	-8.303	4.108
8.700	-8.571	3.937
8.710	-8.818	3.762
8.720	-9.043	3.581
8.730	-9.245	3.385
8.740	-9.424	3.170
8.750	-9.579	2.970
8.760	-9.711	2.755
8.770	-9.818	2.540
8.780	-9.901	2.330
8.790	-9.959	2.086
8.800	-9.992	1.851
8.810	-10.000	1.622
8.820	-9.983	1.387
8.830	-9.941	1.138
8.840	-9.874	0.894
8.850	-9.783	0.645
8.860	-9.667	0.410
8.870	-9.527	0.166
8.880	-9.363	-0.078
8.890	-9.176	-0.318
8.900	-8.966	-0.542
8.910	-8.733	-0.782
8.920	-8.479	-1.011
8.930	-8.203	-1.231
8.940	-7.907	-1.451
8.950	-7.591	-1.656
8.960	-7.256	-1.851
8.970	-6.903	-2.047
8.980	-6.533	-2.233
8.990	-6.146	-2.413
9.000	-5.744	-2.584
9.010	-5.328	-2.736
9.020	-4.899	-2.892
9.030	-4.457	-3.024
9.040	-4.004	-3.151
9.050	-3.541	-3.278
9.060	-3.069	-3.385
9.070	-2.589	-3.488
9.080	-2.103	-3.571
9.090	-1.612	-3.635
9.100	-1.117	-3.718
9.110	-0.619	-3.747
9.120	-0.119	-3.796
9.130	0.381	-3.825
9.140	0.880	-3.845
9.150	1.376	-3.850
9.160	1.870	-3.850
9.170	2.358	-3.835
9.180	2.841	-3.810
9.190	3.317	-3.791
9.200	3.784	-3.752
9.210	4.242	-3.727
9.220	4.689	-3.669
9.230	5.125	-3.600
9.240	5.548	-3.547
9.250	5.956	-3.468
9.260	6.350	-3.376
9.270	6.729	-3.278
9.280	7.090	-3.151
9.290	7.434	-3.029
9.300	7.759	-2.902
9.310	8.064	-2.760
9.320	8.350	-2.614
9.330	8.614	-2.443
9.340	8.857	-2.286
9.350	9.078	-2.096
9.360	9.276	-1.900
9.370	9.452	-1.710
9.380	9.603	-1.505
9.390	9.730	-1.290
9.400	9.834	-1.070
9.410	9.912	-0.845
9.420	9.966	-0.552
9.430	9.995	-0.381
9.440	9.999	-0.151
9.450	9.977	0.073
9.460	9.931	0.308
9.470	9.860	0.537
9.480	9.765	0.782
9.490	9.645	1.021
9.500	9.501	1.255
9.510	9.333	1.495
9.520	9.142	1.739
9.530	8.928	1.964
9.540	8.692	2.203
9.550	8.434	2.428
9.560	8.155	2.658
9.570	7.855	2.868
9.580	7.536	3.078
9.590	7.198	3.298
9.600	6.842	3.498
9.610	6.469	3.703
9.620	6.080	3.884
9.630	5.675	4.064
9.640	5.257	4.235
9.650	4.825	4.402
9.660	4.381	4.573
9.670	3.927	4.695
9.680	3.462	4.812
9.690	2.989	4.939
9.700	2.508	5.046
9.710	2.021	5.169
9.720	1.529	5.217
9.730	1.033	5.291
9.740	0.535	5.354
9.750	0.035	5.398
9.760	-0.465	5.418
9.770	-0.963	5.437
9.780	-1.460	5.437
9.790	-1.952	5.437
9.800	-2.440	5.432
9.810	-2.922	5.413
9.820	-3.396	5.403
9.830	-3.862	5.354
9.840	-4.318	5.310
9.850	-4.763	5.256
9.860	-5.197	5.198
9.870	-5.617	5.129
9.880	-6.024	5.037
9.890	-6.415	4.924
9.900	-6.791	4.817
9.910	-7.149	4.700
9.920	-7.490	4.568
9.930	-7.811	4.431
9.940	-8.114	4.275
9.950	-8.396	4.128
9.960	-8.657	3.947
9.970	-8.896	3.766
9.980	-9.113	3.581
9.990	-9.308	3.385
10.000	-9.479	3.170
10.010	-9.626	2.965
10.020	-9.749	2.750
10.030	-9.848	2.535
10.040	-9.923	2.316
10.050	-9.972	2.071
10.060	-9.997	1.842
10.070	-9.997	1.612
10.080	-9.971	1.368
10.090	-9.921	1.128
10.100	-9.846	0.874
10.110	-9.746	0.630
10.120	-9.622	0.401
10.130	-9.474	0.147
10.140	-9.303	-0.088
10.150	-9.108	-0.332
10.160	-8.890	-0.557
10.170	-8.650	-0.801
10.180	-8.388	-1.065
10.190	-8.106	-1.241
10.200	-7.803	-1.529
10.210	-7.480	-1.671
10.220	-7.139	-1.861
10.230	-6.781	-2.057
10.240	-6.405	-2.242
10.250	-6.013	-2.418
10.260	-5.606	-2.584
10.270	-5.185	-2.736
10.280	-4.751	-2.887
10.290	-4.306	-3.019
10.300	-3.849	-3.141
10.310	-3.383	-3.263
10.320	-2.909	-3.376
10.330	-2.427	-3.468
10.340	-1.939	-3.552
10.350	-1.446	-3.605
10.360	-0.950	-3.683
10.370	-0.451	-3.732
10.380	0.049	-3.757
10.390	0.549	-3.786
10.400	1.047	-3.796
10.410	1.543	-3.796
10.420	2.035	-3.796
10.430	2.521	-3.786
10.440	3.002	-3.766
10.450	3.475	-3.737
10.460	3.939	-3.723
10.470	4.394	-3.669
10.480	4.837	-3.610
10.490	5.268	-3.561
10.500	5.687	-3.493
10.510	6.091	-3.405
10.520	6.479	-3.317
10.530	6.852	-3.210
10.540	7.208	-3.083
10.550	7.545	-2.951
10.560	7.864	-2.829
10.570	8.162	-2.677
10.580	8.441	-2.521
10.590	8.698	-2.355
10.600	8.934	-2.184
10.610	9.147	-1.993
10.620	9.338	-1.798
10.630	9.505	-1.607
10.640	9.649	-1.397
10.650	9.768	-1.168
10.660	9.863	-0.953
10.670	9.933	-0.723
10.680	9.978	-0.498
10.690	9.999	-0.274
10.700	9.994	-0.044
10.710	9.965	0.191
10.720	9.910	0.425
10.730	9.831	0.655
10.740	9.727	0.904
10.750	9.599	1.138
10.760	9.447	1.378
10.770	9.271	1.612
10.780	9.073	1.847
10.790	8.851	2.081
10.800	8.607	2.325
10.810	8.342	2.540
10.820	8.056	2.760
10.830	7.750	2.985
10.840	7.424	3.195
10.850	7.080	3.410
10.860	6.719	3.605
10.870	6.340	3.806
10.880	5.946	3.991
10.890	5.536	4.157
10.900	5.113	4.328
10.910	4.677	4.485
10.920	4.230	4.631
10.930	3.771	4.763
10.940	3.304	4.895
10.950	2.828	5.007
10.960	2.345	5.115
10.970	1.856	5.198
10.980	1.363	5.281
10.990	0.866	5.349
11.000	0.367	5.398
11.010	-0.133	5.432
11.020	-0.632	5.457
11.030	-1.131	5.467
11.040	-1.626	5.467
11.050	-2.117	5.471
11.060	-2.603	5.457
11.070	-3.082	5.437
11.080	-3.554	5.413
11.090	-4.016	5.379
11.100	-4.469	5.335
11.110	-4.910	5.271
11.120	-5.340	5.203
11.130	-5.756	5.134
11.140	-6.157	5.027
11.150	-6.543	4.924
11.160	-6.913	4.812
11.170	-7.266	4.690
11.180	-7.600	4.548
11.190	-7.915	4.406
11.200	-8.211	4.250
11.210	-8.486	4.089
11.220	-8.740	3.908
11.230	-8.972	3.732
11.240	-9.181	3.537
11.250	-9.368	3.337
11.260	-9.531	3.131
11.270	-9.670	2.916
11.280	-9.785	2.706
11.290	-9.876	2.482
11.300	-9.942	2.262
11.310	-9.983	2.032
11.320	-10.000	1.798
11.330	-9.991	1.563
11.340	-9.957	1.314
11.350	-9.899	1.075
11.360	-9.815	0.826
11.370	-9.707	0.591
11.380	-9.575	0.342
11.390	-9.419	0.103
11.400	-9.240	-0.137
11.410	-9.037	-0.371
11.420	-8.812	-0.611
11.430	-8.564	-0.840
11.440	-8.295	-1.075
11.450	-8.006	-1.290
11.460	-7.697	-1.495
11.470	-7.368	-1.700
11.480	-7.021	-1.891
11.490	-6.656	-2.091
11.500	-6.275	-2.267
11.510	-5.878	-2.433
11.520	-5.466	-2.604
11.530	-5.041	-2.750
11.540	-4.603	-2.897
11.550	-4.153	-3.024
11.560	-3.693	-3.146
11.570	-3.224	-3.268
11.580	-2.747	-3.371
11.590	-2.263	-3.459
11.600	-1.774	-3.537
11.610	-1.279	-3.600
11.620	-0.782	-3.659
11.630	-0.283	-3.713
11.640	0.217	-3.737
11.650	0.716	-3.742
11.660	1.214	-3.752
11.670	1.709	-3.752
11.680	2.199	-3.742
11.690	2.684	-3.737
11.700	3.162	-3.727
11.710	3.632	-3.698
11.720	4.093	-3.654
11.730	4.544	-3.600
11.740	4.984	-3.556
11.750	5.411	-3.493
11.760	5.824	-3.405
11.770	6.223	-3.332
11.780	6.607	-3.224
11.790	6.974	-3.112
11.800	7.323	-2.995
11.810	7.654	-2.872
11.820	7.966	-2.731
11.830	8.258	-2.579
11.840	8.530	-2.413
11.850	8.780	-2.247
11.860	9.008	-2.062
11.870	9.214	-1.881
11.880	9.397	-1.690
11.890	9.556	-1.485
11.900	9.691	-1.265
11.910	9.802	-1.060
11.920	9.889	-0.835
11.930	9.951	-0.606
11.940	9.988	-0.376
11.950	10.000	-0.137
11.960	9.987	0.083
11.970	9.949	0.313
11.980	9.886	0.547
11.990	9.799	0.787
12.000	9.687	1.031
12.010	9.551	1.260
12.020	9.391	1.505
12.030	9.207	1.739
12.040	9.001	1.969
12.050	8.771	2.208
12.060	8.521	2.433
12.070	8.248	2.667
12.080	7.955	2.877
12.090	7.643	3.092
12.100	7.311	3.307
12.110	6.961	3.512
12.120	6.593	3.718
12.130	6.209	3.913
12.140	5.809	4.094
12.150	5.395	4.260
12.160	4.968	4.441
12.170	4.528	4.587
12.180	4.077	4.729
12.190	3.615	4.861
12.200	3.145	4.993
12.210	2.666	5.095
12.220	2.181	5.203
12.230	1.691	5.281
12.240	1.196	5.354
12.250	0.698	5.408
12.260	0.199	5.457
12.270	-0.301	5.486
12.280	-0.800	5.511
12.290	-1.297	5.525
12.300	-1.791	5.525
12.310	-2.281	5.525
12.320	-2.765	5.511
12.330	-3.241	5.481
12.340	-3.710	5.457
12.350	-4.170	5.413
12.360	-4.619	5.359
12.370	-5.056	5.300
12.380	-5.481	5.222
12.390	-5.892	5.169
12.400	-6.289	5.051
12.410	-6.669	4.934
12.420	-7.034	4.817
12.430	-7.380	4.700
12.440	-7.708	4.563
12.450	-8.017	4.411
12.460	-8.306	4.255
12.470	-8.574	4.094
12.480	-8.820	3.913
12.490	-9.045	3.727
12.500	-9.246	3.537
12.510	-9.425	3.322
12.520	-9.580	3.122
12.530	-9.712	2.907
12.540	-9.819	2.697
12.550	-9.901	2.467
12.560	-9.959	2.252
12.570	-9.992	2.013
12.580	-10.000	1.783
12.590	-9.982	1.539
12.600	-9.940	1.299
12.610	-9.873	1.055
12.620	-9.782	0.801
12.630	-9.666	0.572
12.640	-9.525	0.322
12.650	-9.361	0.088
12.660	-9.174	-0.151
12.670	-8.964	-0.381
12.680	-8.731	-0.620
12.690	-8.476	-0.860
12.700	-8.200	-1.085
12.710	-7.904	-1.295
12.720	-7.588	-1.505
12.730	-7.253	-1.705
12.740	-6.900	-1.891
12.750	-6.530	-2.091
12.760	-6.143	-2.267
12.770	-5.741	-2.428
12.780	-5.324	-2.594
12.790	-4.895	-2.741
12.800	-4.453	-2.882
12.810	-4.000	-3.009
12.820	-3.537	-3.131
12.830	-3.065	-3.244
12.840	-2.585	-3.341
12.850	-2.099	-3.410
12.860	-1.608	-3.498
12.870	-1.113	-3.566
12.880	-0.614	-3.605
12.890	-0.115	-3.654
12.900	0.385	-3.688
12.910	0.884	-3.703
12.920	1.381	-3.708
12.930	1.874	-3.713
12.940	2.363	-3.698
12.950	2.845	-3.679
12.960	3.321	-3.654
12.970	3.788	-3.620
12.980	4.246	-3.591
12.990	4.693	-3.542
13.000	5.129	-3.493
13.010	5.551	-3.405
13.020	5.960	-3.337
13.030	6.354	-3.244
13.040	6.732	-3.136
13.050	7.093	-3.014
13.060	7.437	-2.902
13.070	7.761	-2.770
13.080	8.067	-2.633
13.090	8.352	-2.467
13.100	8.617	-2.320
13.110	8.859	-2.140
13.120	9.080	-1.944
13.130	9.278	-1.768
13.140	9.453	-1.568
13.150	9.604	-1.353
13.160	9.731	-1.153
13.170	9.834	-0.933
13.180	9.913	-0.699
13.190	9.966	-0.469
13.200	9.995	-0.249
13.210	9.998	-0.015
13.220	9.977	0.220
13.230	9.931	0.440
13.240	9.860	0.674
13.250	9.764	0.923
13.260	9.644	1.158
13.270	9.500	1.397
13.280	9.332	1.627
13.290	9.140	1.861
13.300	8.926	2.106
13.310	8.690	2.345
13.320	8.431	2.560
13.330	8.152	2.785
13.340	7.852	3.004
13.350	7.533	3.214
13.360	7.195	3.444
13.370	6.839	3.639
13.380	6.466	3.845
13.390	6.076	4.030
13.400	5.672	4.206
13.410	5.253	4.377
13.420	4.821	4.533
13.430	4.377	4.695
13.440	3.923	4.822
13.450	3.458	4.963
13.460	2.985	5.076
13.470	2.504	5.193
13.480	2.017	5.276
13.490	1.525	5.354
13.500	1.029	5.418
13.510	0.531	5.476
13.520	0.031	5.525
13.530	-0.469	5.569
13.540	-0.968	5.574
13.550	-1.464	5.584
13.560	-1.957	5.584
13.570	-2.444	5.574
13.580	-2.926	5.559
13.590	-3.400	5.525
13.600	-3.866	5.481
13.610	-4.322	5.442
13.620	-4.767	5.398
13.630	-5.201	5.335
13.640	-5.621	5.252
13.650	-6.027	5.183
13.660	-6.419	5.066
13.670	-6.794	4.968
13.680	-7.152	4.831
13.690	-7.492	4.709
13.700	-7.814	4.577
13.710	-8.116	4.421
13.720	-8.398	4.260
13.730	-8.659	4.094
13.740	-8.898	3.908
13.750	-9.115	3.723
13.760	-9.309	3.522
13.770	-9.480	3.317
13.780	-9.627	3.107
13.790	-9.750	2.892
13.800	-9.849	2.677
13.810	-9.923	2.452
13.820	-9.973	2.223
13.830	-9.997	1.988
13.840	-9.997	1.754
13.850	-9.971	1.510
13.860	-9.921	1.270
13.870	-9.845	1.036
13.880	-9.745	0.782
13.890	-9.621	0.542
13.900	-9.473	0.298
13.910	-9.301	0.054
13.920	-9.106	-0.181
13.930	-8.888	-0.405
13.940	-8.648	-0.645
13.950	-8.386	-0.874
13.960	-8.103	-1.094
13.970	-7.800	-1.314
13.980	-7.478	-1.529
13.990	-7.136	-1.720
14.000	-6.777	-1.910
14.010	-6.401	-2.106
14.020	-6.009	-2.281
14.030	-5.602	-2.438
14.040	-5.181	-2.599
14.050	-4.747	-2.741
14.060	-4.302	-2.882
14.070	-3.845	-3.009
14.080	-3.379	-3.117
14.090	-2.904	-3.224
14.100	-2.422	-3.327
14.110	-1.934	-3.400
14.120	-1.442	-3.473
14.130	-0.945	-3.527
14.140	-0.447	-3.581
14.150	0.053	-3.605
14.160	0.553	-3.635
14.170	1.051	-3.639
14.180	1.547	-3.639
14.190	2.039	-3.639
14.200	2.526	-3.630
14.210	3.006	-3.610
14.220	3.479	-3.596
14.230	3.943	-3.566
14.240	4.398	-3.517
14.250	4.841	-3.473
14.260	5.272	-3.405
14.270	5.690	-3.337
14.280	6.094	-3.249
14.290	6.483	-3.141
14.300	6.855	-3.029
14.310	7.211	-2.921
14.320	7.548	-2.799
14.330	7.866	-2.658
14.340	8.165	-2.516
14.350	8.443	-2.360
14.360	8.701	-2.203
14.370	8.936	-2.027
14.380	9.149	-1.832
14.390	9.340	-1.641
14.400	9.507	-1.436
14.410	9.650	-1.226
14.420	9.769	-1.011
14.430	9.863	-0.782
14.440	9.933	-0.547
14.450	9.979	-0.342
14.460	9.999	-0.112
14.470	9.994	0.132
14.480	9.964	0.362
14.490	9.910	0.596
14.500	9.830	0.830
14.510	9.726	1.065
14.520	9.598	1.309
14.530	9.446	1.549
14.540	9.270	1.783
14.550	9.071	2.013
14.560	8.849	2.257
14.570	8.605	2.477
14.580	8.340	2.702
14.590	8.053	2.926
14.600	7.747	3.146
14.610	7.421	3.366
14.620	7.077	3.576
14.630	6.715	3.781
14.640	6.337	3.972
14.650	5.942	4.148
14.660	5.533	4.328
14.670	5.109	4.494
14.680	4.673	4.646
14.690	4.226	4.797
14.700	3.767	4.929
14.710	3.300	5.061
14.720	2.824	5.188
14.730	2.341	5.276
14.740	1.852	5.359
14.750	1.358	5.437
14.760	0.862	5.511
14.770	0.363	5.569
14.780	-0.137	5.594
14.790	-0.637	5.613
14.800	-1.135	5.642
14.810	-1.630	5.642
14.820	-2.121	5.642
14.830	-2.607	5.628
14.840	-3.086	5.608
14.850	-3.558	5.584
14.860	-4.020	5.554
14.870	-4.473	5.501
14.880	-4.914	5.442
14.890	-5.343	5.379
14.900	-5.759	5.300
14.910	-6.161	5.203
14.920	-6.547	5.105
14.930	-6.916	4.988
14.940	-7.269	4.861
14.950	-7.603	4.729
14.960	-7.918	4.587
14.970	-8.213	4.436
14.980	-8.488	4.265
14.990	-8.742	4.094
15.000	-8.974	3.908
15.010	-9.183	3.718
15.020	-9.369	3.517
15.030	-9.532	3.302
15.040	-9.671	3.087
15.050	-9.786	2.877
15.060	-9.877	2.662
15.070	-9.943	2.433
15.080	-9.984	2.208
15.090	-10.000	1.964
15.100	-9.991	1.739
15.110	-9.957	1.495
15.120	-9.898	1.251
15.130	-9.814	1.011
15.140	-9.706	0.757
15.150	-9.574	0.518
15.160	-9.418	0.283
15.170	-9.238	0.039
15.180	-9.035	-0.200
15.190	-8.809	-0.430
15.200	-8.562	-0.660
15.210	-8.293	-0.894
15.220	-8.003	-1.119
15.230	-7.694	-1.329
15.240	-7.365	-1.539
15.250	-7.018	-1.724
15.260	-6.653	-1.910
15.270	-6.271	-2.101
15.280	-5.874	-2.277
15.290	-5.462	-2.428
15.300	-5.037	-2.589
15.310	-4.599	-2.736
15.320	-4.149	-2.868
15.330	-3.689	-2.985
15.340	-3.220	-3.092
15.350	-2.743	-3.205
15.360	-2.259	-3.293
15.370	-1.769	-3.376
15.380	-1.275	-3.434
15.390	-0.778	-3.493
15.400	-0.279	-3.537
15.410	0.221	-3.576
15.420	0.721	-3.591
15.430	1.218	-3.596
15.440	1.713	-3.596
15.450	2.203	-3.591
15.460	2.688	-3.581
15.470	3.166	-3.566
15.480	3.636	-3.532
15.490	4.097	-3.493
15.500	4.548	-3.449
15.510	4.987	-3.395
15.520	5.414	-3.327
15.530	5.828	-3.244
15.540	6.227	-3.146
15.550	6.610	-3.039
15.560	6.977	-2.936
15.570	7.326	-2.829
15.580	7.657	-2.702
15.590	7.969	-2.565
15.600	8.261	-2.408
15.610	8.532	-2.237
15.620	8.782	-2.066
15.630	9.010	-1.895
15.640	9.216	-1.710
15.650	9.398	-1.514
15.660	9.557	-1.304
15.670	9.692	-1.094
15.680	9.803	-0.879
15.690	9.890	-0.650
15.700	9.951	-0.420
15.710	9.988	-0.195
15.720	10.000	0.034
15.730	9.987	0.269
15.740	9.949	0.493
15.750	9.886	0.723
15.760	9.798	0.962
15.770	9.686	1.202
15.780	9.549	1.451
15.790	9.389	1.690
15.800	9.205	1.915
15.810	8.999	2.159
15.820	8.769	2.384
15.830	8.518	2.614
15.840	8.246	2.843
15.850	7.953	3.053
15.860	7.640	3.283
15.870	7.308	3.488
15.880	6.957	3.698
15.890	6.590	3.894
15.900	6.206	4.089
15.910	5.806	4.270
15.920	5.392	4.450
15.930	4.964	4.607
15.940	4.524	4.758
15.950	4.073	4.910
15.960	3.611	5.042
15.970	3.140	5.173
15.980	2.662	5.271
15.990	2.177	5.364
16.000	1.686	5.457
16.010	1.192	5.535
16.020	0.694	5.589
16.030	0.194	5.638
16.040	-0.305	5.667
16.050	-0.805	5.691
16.060	-1.302	5.691
16.070	-1.796	5.696
16.080	-2.285	5.696
16.090	-2.769	5.672
16.100	-3.246	5.652
16.110	-3.714	5.613
16.120	-4.174	5.584
16.130	-4.623	5.535
16.140	-5.060	5.467
16.150	-5.485	5.398
16.160	-5.896	5.310
16.170	-6.292	5.208
16.180	-6.673	5.110
16.190	-7.037	4.993
16.200	-7.383	4.856
16.210	-7.711	4.714
16.220	-8.019	4.577
16.230	-8.308	4.421
16.240	-8.576	4.245
16.250	-8.822	4.084
16.260	-9.046	3.889
16.270	-9.248	3.703
16.280	-9.427	3.503
16.290	-9.582	3.288
16.300	-9.713	3.058
16.310	-9.820	2.853
16.320	-9.902	2.628
16.330	-9.959	2.404
16.340	-9.992	2.174
16.350	-10.000	1.930
16.360	-9.982	1.700
16.370	-9.940	1.461
16.380	-9.873	1.207
16.390	-9.781	0.967
16.400	-9.665	0.713
16.410	-9.524	0.479
16.420	-9.360	0.239
16.430	-9.172	0.005
16.440	-8.962	-0.234
16.450	-8.729	-0.464
16.460	-8.474	-0.694
16.470	-8.198	-0.928
16.480	-7.901	-1.143
16.490	-7.585	-1.353
16.500	-7.250	-1.563
16.510	-6.897	-1.749
16.520	-6.526	-1.930
16.530	-6.139	-2.115
16.540	-5.737	-2.301
16.550	-5.321	-2.447
16.560	-4.891	-2.599
16.570	-4.449	-2.741
16.580	-3.996	-2.872
16.590	-3.532	-2.985
16.600	-3.061	-3.087
16.610	-2.581	-3.200
16.620	-2.095	-3.288
16.630	-1.603	-3.361
16.640	-1.108	-3.410
16.650	-0.610	-3.473
16.660	-0.110	-3.503
16.670	0.389	-3.532
16.680	0.888	-3.556
16.690	1.385	-3.552
16.700	1.878	-3.552
16.710	2.367	-3.552
16.720	2.850	-3.522
16.730	3.325	-3.503
16.740	3.792	-3.483
16.750	4.250	-3.429
16.760	4.697	-3.385
16.770	5.132	-3.332
16.780	5.555	-3.254
16.790	5.964	-3.161
16.800	6.357	-3.078
16.810	6.735	-2.970
16.820	7.096	-2.868
16.830	7.439	-2.736
16.840	7.764	-2.609
16.850	8.069	-2.462
16.860	8.355	-2.311
16.870	8.619	-2.145
16.880	8.861	-1.959
16.890	9.082	-1.778
16.900	9.280	-1.597
16.910	9.454	-1.397
16.920	9.605	-1.182
16.930	9.732	-0.972
16.940	9.835	-0.738
16.950	9.913	-0.528
16.960	9.967	-0.303
16.970	9.995	-0.068
16.980	9.998	0.156
16.990	9.977	0.396
17.000	9.930	0.625
17.010	9.859	0.865
17.020	9.763	1.109
17.030	9.643	1.343
17.040	9.498	1.583
17.050	9.330	1.817
17.060	9.138	2.052
17.070	8.924	2.291
17.080	8.687	2.521
17.090	8.429	2.741
17.100	8.149	2.970
17.110	7.850	3.190
17.120	7.530	3.410
17.130	7.192	3.649
17.140	6.836	3.830
17.150	6.462	4.025
17.160	6.073	4.206
17.170	5.668	4.392
17.180	5.249	4.558
17.190	4.817	4.714
17.200	4.373	4.861
17.210	3.918	5.007
17.220	3.454	5.164
17.230	2.980	5.256
17.240	2.500	5.359
17.250	2.013	5.457
17.260	1.520	5.540
17.270	1.025	5.603
17.280	0.526	5.657
17.290	0.026	5.701
17.300	-0.473	5.730
17.310	-0.972	5.745
17.320	-1.468	5.750
17.330	-1.961	5.745
17.340	-2.449	5.740
17.350	-2.930	5.716
17.360	-3.404	5.691
17.370	-3.870	5.652
17.380	-4.326	5.603
17.390	-4.771	5.569
17.400	-5.204	5.476
17.410	-5.625	5.408
17.420	-6.031	5.320
17.430	-6.422	5.217
17.440	-6.797	5.115
17.450	-7.155	4.998
17.460	-7.495	4.856
17.470	-7.817	4.719
17.480	-8.119	4.573
17.490	-8.400	4.406
17.500	-8.661	4.235
17.510	-8.900	4.060
17.520	-9.117	3.869
17.530	-9.311	3.674
17.540	-9.482	3.468
17.550	-9.629	3.249
17.560	-9.751	3.029
17.570	-9.850	2.819
17.580	-9.924	2.589
17.590	-9.973	2.369
17.600	-9.997	2.130
17.610	-9.996	1.886
17.620	-9.971	1.656
17.630	-9.920	1.417
17.640	-9.845	1.168
17.650	-9.744	0.923
17.660	-9.620	0.669
17.670	-9.471	0.435
17.680	-9.299	0.200
17.690	-9.104	-0.044
17.700	-8.886	-0.283
17.710	-8.645	-0.503
17.720	-8.383	-0.733
17.730	-8.100	-0.967
17.740	-7.797	-1.172
17.750	-7.475	-1.387
17.760	-7.133	-1.597
17.770	-6.774	-1.773
17.780	-6.398	-1.959
17.790	-6.006	-2.145
17.800	-5.599	-2.311
17.810	-5.178	-2.457
17.820	-4.744	-2.609
17.830	-4.298	-2.745
17.840	-3.841	-2.872
17.850	-3.375	-2.985
17.860	-2.900	-3.083
17.870	-2.418	-3.180
17.880	-1.930	-3.268
17.890	-1.437	-3.337
17.900	-0.941	-3.395
17.910	-0.442	-3.439
17.920	0.058	-3.483
17.930	0.557	-3.498
17.940	1.056	-3.508
17.950	1.551	-3.508
17.960	2.043	-3.508
17.970	2.530	-3.498
17.980	3.010	-3.493
17.990	3.483	-3.464
18.000	3.947	-3.415
18.010	4.402	-3.390
18.020	4.845	-3.332
18.030	5.276	-3.268
18.040	5.694	-3.190
18.050	6.098	-3.092
18.060	6.486	-3.004
18.070	6.859	-2.897
18.080	7.214	-2.775
18.090	7.551	-2.648
18.100	7.869	-2.516
18.110	8.168	-2.364
18.120	8.446	-2.218
18.130	8.703	-2.042
18.140	8.938	-1.851
18.150	9.151	-1.681
18.160	9.341	-1.480
18.170	9.508	-1.280
18.180	9.651	-1.070
18.190	9.770	-0.855
18.200	9.864	-0.625
18.210	9.934	-0.391
18.220	9.979	-0.166
18.230	9.999	0.054
18.240	9.994	0.288
18.250	9.964	0.513
18.260	9.909	0.772
18.270	9.829	1.001
18.280	9.725	1.236
18.290	9.597	1.480
18.300	9.444	1.720
18.310	9.268	1.944
18.320	9.069	2.189
18.330	8.847	2.413
18.340	8.603	2.653
18.350	8.337	2.872
18.360	8.051	3.087
18.370	7.744	3.312
18.380	7.418	3.517
18.390	7.074	3.737
18.400	6.712	3.947
18.410	6.333	4.138
18.420	5.938	4.319
18.430	5.529	4.499
18.440	5.105	4.660
18.450	4.669	4.817
18.460	4.222	4.973
18.470	3.763	5.115
18.480	3.295	5.227
18.490	2.819	5.349
18.500	2.336	5.442
18.510	1.848	5.540
18.520	1.354	5.603
18.530	0.857	5.672
18.540	0.358	5.730
18.550	-0.142	5.760
18.560	-0.641	5.784
18.570	-1.139	5.789
18.580	-1.634	5.789
18.590	-2.125	5.799
18.600	-2.611	5.784
18.610	-3.090	5.765
18.620	-3.562	5.730
18.630	-4.024	5.696
18.640	-4.477	5.647
18.650	-4.918	5.584
18.660	-5.347	5.515
18.670	-5.763	5.432
18.680	-6.164	5.349
18.690	-6.550	5.242
18.700	-6.919	5.149
18.710	-7.272	5.007
18.720	-7.606	4.866
18.730	-7.921	4.719
18.740	-8.216	4.573
18.750	-8.490	4.402
18.760	-8.744	4.231
18.770	-8.975	4.050
18.780	-9.185	3.854
18.790	-9.371	3.659
18.800	-9.534	3.444
18.810	-9.673	3.229
18.820	-9.787	3.009
18.830	-9.878	2.789
18.840	-9.943	2.560
18.850	-9.984	2.345
18.860	-10.000	2.101
18.870	-9.991	1.861
18.880	-9.956	1.627
18.890	-9.897	1.392
18.900	-9.814	1.143
18.910	-9.705	0.894
18.920	-9.573	0.645
18.930	-9.416	0.410
18.940	-9.236	0.156
18.950	-9.033	-0.073
18.960	-8.807	-0.308
18.970	-8.560	-0.532
18.980	-8.291	-0.747
18.990	-8.001	-0.987
19.000	-7.691	-1.197
19.010	-7.362	-1.407
19.020	-7.014	-1.607
19.030	-6.649	-1.788
19.040	-6.268	-1.974
19.050	-5.871	-2.149
19.060	-5.459	-2.311
19.070	-5.033	-2.462
19.080	-4.595	-2.604
19.090	-4.145	-2.736
19.100	-3.685	-2.868
19.110	-3.216	-2.975
19.120	-2.739	-3.073
19.130	-2.255	-3.161
19.140	-1.765	-3.249
19.150	-1.271	-3.317
19.160	-0.773	-3.376
19.170	-0.274	-3.410
19.180	0.226	-3.444
19.190	0.725	-3.473
19.200	1.223	-3.483
19.210	1.717	-3.483
19.220	2.208	-3.473
19.230	2.692	-3.459
19.240	3.170	-3.434
19.250	3.640	-3.405
19.260	4.101	-3.371
19.270	4.552	-3.327
19.280	4.991	-3.263
19.290	5.418	-3.195
19.300	5.831	-3.102
19.310	6.230	-3.014
19.320	6.613	-2.916
19.330	6.980	-2.814
19.340	7.329	-2.697
19.350	7.660	-2.570
19.360	7.972	-2.418
19.370	8.263	-2.277
19.380	8.535	-2.106
19.390	8.784	-1.925
19.400	9.012	-1.754
19.410	9.218	-1.568
19.420	9.400	-1.363
19.430	9.559	-1.163
19.440	9.694	-0.953
19.450	9.804	-0.723
19.460	9.890	-0.503
19.470	9.952	-0.283
19.480	9.988	-0.054
19.490	10.000	0.181
19.500	9.987	0.410
19.510	9.948	0.635
19.520	9.885	0.879
19.530	9.797	1.119
19.540	9.685	1.363
19.550	9.548	1.602
19.560	9.388	1.827
19.570	9.204	2.066
19.580	8.997	2.311
19.590	8.767	2.535
19.600	8.516	2.760
19.610	8.243	2.985
19.620	7.950	3.205
19.630	7.637	3.425
19.640	7.305	3.644
19.650	6.954	3.854
19.660	6.586	4.045
19.670	6.202	4.235
19.680	5.802	4.426
19.690	5.388	4.592
19.700	4.960	4.753
19.710	4.520	4.915
19.720	4.069	5.056
19.730	3.607	5.198
19.740	3.136	5.305
19.750	2.658	5.413
19.760	2.173	5.511
19.770	1.682	5.594
19.780	1.187	5.667
19.790	0.690	5.730
19.800	0.190	5.769
19.810	-0.310	5.804
19.820	-0.809	5.823
19.830	-1.306	5.828
19.840	-1.800	5.828
19.850	-2.289	5.823
19.860	-2.773	5.809
19.870	-3.250	5.784
19.880	-3.718	5.760
19.890	-4.178	5.711
19.900	-4.627	5.662
19.910	-5.064	5.589
