0.010	-3.829	-3.732
0.020	-5.588	-3.698
0.030	-7.124	-3.693
0.040	-8.376	-3.732
0.050	-9.295	-3.786
0.060	-9.842	-3.908
0.070	-9.998	-4.040
0.080	-9.754	-4.187
0.090	-9.122	-4.353
0.100	-8.126	-4.548
0.110	-6.807	-4.729
0.120	-5.216	-4.919
0.130	-3.416	-5.100
0.140	-1.481	-5.266
0.150	0.513	-5.403
0.160	2.487	-5.501
0.170	4.362	-5.569
0.180	6.062	-5.598
0.190	7.522	-5.598
0.200	8.681	-5.550
0.210	9.494	-5.471
0.220	9.929	-5.369
0.230	9.968	-5.242
0.240	9.609	-5.071
0.250	8.867	-4.905
0.260	7.772	-4.719
0.270	6.367	-4.533
0.280	4.709	-4.338
0.290	2.862	-4.167
0.300	0.901	-4.001
0.310	-1.095	-3.879
0.320	-3.048	-3.766
0.330	-4.879	-3.718
0.340	-6.516	-3.698
0.350	-7.893	-3.718
0.360	-8.956	-3.752
0.370	-9.661	-3.859
0.380	-9.981	-3.977
0.390	-9.904	-4.113
0.400	-9.431	-4.279
0.410	-8.583	-4.460
0.420	-7.392	-4.670
0.430	-5.906	-4.851
0.440	-4.186	-5.022
0.450	-2.298	-5.193
0.460	-0.318	-5.330
0.470	1.674	-5.457
0.480	3.599	-5.545
0.490	5.381	-5.589
0.500	6.948	-5.598
0.510	8.238	-5.579
0.520	9.200	-5.520
0.530	9.795	-5.423
0.540	10.000	-5.281
0.550	9.806	-5.139
0.560	9.221	-4.968
0.570	8.268	-4.773
0.580	6.986	-4.592
0.590	5.425	-4.411
0.600	3.648	-4.235
0.610	1.726	-4.074
0.620	-0.266	-3.928
0.630	-2.246	-3.801
0.640	-4.137	-3.732
0.650	-5.864	-3.703
0.660	-7.356	-3.708
0.670	-8.555	-3.737
0.680	-9.413	-3.810
0.690	-9.896	-3.928
0.700	-9.984	-4.069
0.710	-9.675	-4.221
0.720	-8.979	-4.392
0.730	-7.926	-4.568
0.740	-6.556	-4.748
0.750	-4.926	-4.949
0.760	-3.099	-5.129
0.770	-1.148	-5.291
0.780	0.849	-5.427
0.790	2.811	-5.530
0.800	4.662	-5.579
0.810	6.326	-5.608
0.820	7.739	-5.594
0.830	8.843	-5.545
0.840	9.594	-5.452
0.850	9.963	-5.330
0.860	9.935	-5.193
0.870	9.511	-5.042
0.880	8.707	-4.875
0.890	7.556	-4.690
0.900	6.105	-4.485
0.910	4.409	-4.314
0.920	2.538	-4.133
0.930	0.566	-3.972
0.940	-1.429	-3.854
0.950	-3.367	-3.747
0.960	-5.170	-3.713
0.970	-6.768	-3.693
0.980	-8.095	-3.723
0.990	-9.100	-3.771
1.000	-9.742	-3.879
1.010	-9.996	-3.991
1.020	-9.851	-4.152
1.030	-9.314	-4.319
1.040	-8.405	-4.499
1.050	-7.161	-4.695
1.060	-5.632	-4.890
1.070	-3.878	-5.056
1.080	-1.969	-5.237
1.090	0.018	-5.374
1.100	2.004	-5.476
1.110	3.911	-5.564
1.120	5.661	-5.594
1.130	7.186	-5.603
1.140	8.424	-5.569
1.150	9.327	-5.501
1.160	9.858	-5.403
1.170	9.995	-5.261
1.180	9.734	-5.115
1.190	9.086	-4.929
1.200	8.074	-4.744
1.210	6.742	-4.563
1.220	5.140	-4.372
1.230	3.333	-4.211
1.240	1.394	-4.050
1.250	-0.601	-3.918
1.260	-2.573	-3.791
1.270	-4.441	-3.732
1.280	-6.133	-3.703
1.290	-7.580	-3.713
1.300	-8.724	-3.747
1.310	-9.521	-3.845
1.320	-9.939	-3.957
1.330	-9.960	-4.094
1.340	-9.584	-4.245
1.350	-8.826	-4.436
1.360	-7.716	-4.617
1.370	-6.299	-4.812
1.380	-4.630	-4.988
1.390	-2.777	-5.164
1.400	-0.813	-5.315
1.410	1.183	-5.442
1.420	3.132	-5.535
1.430	4.957	-5.589
1.440	6.583	-5.608
1.450	7.947	-5.589
1.460	8.995	-5.535
1.470	9.684	-5.437
1.480	9.986	-5.310
1.490	9.891	-5.169
1.500	9.401	-5.002
1.510	8.537	-4.836
1.520	7.332	-4.651
1.530	5.835	-4.450
1.540	4.105	-4.255
1.550	2.212	-4.099
1.560	0.230	-3.952
1.570	-1.761	-3.825
1.580	-3.681	-3.732
1.590	-5.455	-3.693
1.600	-7.011	-3.679
1.610	-8.288	-3.723
1.620	-9.235	-3.776
1.630	-9.813	-3.894
1.640	-10.000	-4.011
1.650	-9.788	-4.167
1.660	-9.186	-4.338
1.670	-8.218	-4.529
1.680	-6.922	-4.709
1.690	-5.351	-4.905
1.700	-3.566	-5.081
1.710	-1.639	-5.252
1.720	0.354	-5.388
1.730	2.332	-5.481
1.740	4.218	-5.564
1.750	5.935	-5.589
1.760	7.416	-5.594
1.770	8.601	-5.554
1.780	9.443	-5.471
1.790	9.908	-5.374
1.800	9.979	-5.252
1.810	9.652	-5.085
1.820	8.940	-4.919
1.830	7.872	-4.724
1.840	6.489	-4.548
1.850	4.848	-4.343
1.860	3.014	-4.177
1.870	1.060	-4.016
1.880	-0.937	-3.889
1.890	-2.896	-3.776
1.900	-4.740	-3.718
1.910	-6.395	-3.698
1.920	-7.795	-3.713
1.930	-8.884	-3.752
1.940	-9.619	-3.854
1.950	-9.970	-3.967
1.960	-9.924	-4.104
1.970	-9.483	-4.265
1.980	-8.663	-4.455
1.990	-7.498	-4.660
2.000	-6.034	-4.846
2.010	-4.330	-5.017
2.020	-2.453	-5.183
2.030	-0.478	-5.330
2.040	1.516	-5.457
2.050	3.450	-5.550
2.060	5.246	-5.598
2.070	6.833	-5.613
2.080	8.147	-5.589
2.090	9.137	-5.530
2.100	9.762	-5.432
2.110	9.998	-5.296
2.120	9.836	-5.154
2.130	9.281	-4.983
2.140	8.357	-4.812
2.150	7.099	-4.617
2.160	5.558	-4.431
2.170	3.796	-4.240
2.180	1.882	-4.084
2.190	-0.106	-3.942
2.200	-2.091	-3.810
2.210	-3.992	-3.732
2.220	-5.734	-3.703
2.230	-7.247	-3.703
2.240	-8.472	-3.732
2.250	-9.358	-3.801
2.260	-9.872	-3.923
2.270	-9.992	-4.060
2.280	-9.714	-4.211
2.290	-9.048	-4.372
2.300	-8.022	-4.558
2.310	-6.676	-4.744
2.320	-5.064	-4.929
2.330	-3.250	-5.120
2.340	-1.306	-5.276
2.350	0.690	-5.423
2.360	2.658	-5.520
2.370	4.520	-5.579
2.380	6.202	-5.608
2.390	7.637	-5.598
2.400	8.767	-5.545
2.410	9.548	-5.457
2.420	9.948	-5.344
2.430	9.952	-5.203
2.440	9.559	-5.046
2.450	8.784	-4.880
2.460	7.660	-4.700
2.470	6.230	-4.494
2.480	4.552	-4.319
2.490	2.692	-4.138
2.500	0.725	-3.977
2.510	-1.271	-3.859
2.520	-3.216	-3.747
2.530	-5.033	-3.703
2.540	-6.650	-3.688
2.550	-8.001	-3.713
2.560	-9.033	-3.757
2.570	-9.705	-3.864
2.580	-9.991	-3.977
2.590	-9.878	-4.133
2.600	-9.371	-4.299
2.610	-8.490	-4.475
2.620	-7.271	-4.680
2.630	-5.763	-4.871
2.640	-4.024	-5.037
2.650	-2.125	-5.198
2.660	-0.141	-5.344
2.670	1.848	-5.467
2.680	3.763	-5.550
2.690	5.529	-5.589
2.700	7.074	-5.603
2.710	8.337	-5.574
2.720	9.268	-5.511
2.730	9.829	-5.413
2.740	9.999	-5.276
2.750	9.770	-5.125
2.760	9.151	-4.949
2.770	8.167	-4.753
2.780	6.858	-4.577
2.790	5.276	-4.392
2.800	3.483	-4.221
2.810	1.551	-4.060
2.820	-0.442	-3.918
2.830	-2.418	-3.796
2.840	-4.298	-3.732
2.850	-6.006	-3.693
2.860	-7.475	-3.703
2.870	-8.646	-3.737
2.880	-9.472	-3.820
2.890	-9.920	-3.933
2.900	-9.973	-4.074
2.910	-9.628	-4.231
2.920	-8.900	-4.402
2.930	-7.817	-4.582
2.940	-6.422	-4.758
2.950	-4.771	-4.973
2.960	-2.930	-5.139
2.970	-0.972	-5.291
2.980	1.025	-5.432
2.990	2.981	-5.530
3.000	4.818	-5.579
3.010	6.463	-5.598
3.020	7.850	-5.589
3.030	8.924	-5.540
3.040	9.643	-5.447
3.050	9.977	-5.320
3.060	9.913	-5.183
3.070	9.454	-5.022
3.080	8.619	-4.851
3.090	7.439	-4.675
3.100	5.963	-4.460
3.110	4.250	-4.279
3.120	2.367	-4.104
3.130	0.389	-3.967
3.140	-1.604	-3.850
3.150	-3.533	-3.737
3.160	-5.321	-3.703
3.170	-6.897	-3.693
3.180	-8.198	-3.727
3.190	-9.172	-3.781
3.200	-9.781	-3.898
3.210	-10.000	-4.006
3.220	-9.820	-4.167
3.230	-9.248	-4.338
3.240	-8.308	-4.524
3.250	-7.036	-4.709
3.260	-5.485	-4.900
3.270	-3.714	-5.076
3.280	-1.795	-5.252
3.290	0.195	-5.388
3.300	2.177	-5.486
3.310	4.073	-5.569
3.320	5.806	-5.603
3.330	7.308	-5.608
3.340	8.518	-5.564
3.350	9.389	-5.491
3.360	9.886	-5.393
3.370	9.988	-5.256
3.380	9.692	-5.095
3.390	9.010	-4.924
3.400	7.969	-4.734
3.410	6.610	-4.553
3.420	4.987	-4.353
3.430	3.166	-4.191
3.440	1.218	-4.025
3.450	-0.778	-3.903
3.460	-2.743	-3.781
3.470	-4.599	-3.723
3.480	-6.271	-3.693
3.490	-7.694	-3.713
3.500	-8.810	-3.747
3.510	-9.574	-3.850
3.520	-9.957	-3.962
3.530	-9.943	-4.099
3.540	-9.532	-4.250
3.550	-8.742	-4.446
3.560	-7.603	-4.641
3.570	-6.160	-4.827
3.580	-4.473	-4.993
3.590	-2.607	-5.169
3.600	-0.637	-5.315
3.610	1.359	-5.447
3.620	3.300	-5.540
3.630	5.110	-5.589
3.640	6.715	-5.598
3.650	8.054	-5.584
3.660	9.071	-5.530
3.670	9.726	-5.432
3.680	9.994	-5.296
3.690	9.863	-5.154
3.700	9.339	-4.988
3.710	8.443	-4.817
3.720	7.210	-4.626
3.730	5.690	-4.436
3.740	3.943	-4.245
3.750	2.039	-4.084
3.760	0.053	-3.937
3.770	-1.935	-3.810
3.780	-3.845	-3.732
3.790	-5.603	-3.688
3.800	-7.137	-3.683
3.810	-8.386	-3.727
3.820	-9.301	-3.786
3.830	-9.845	-3.903
3.840	-9.997	-4.025
3.850	-9.750	-4.177
3.860	-9.115	-4.348
3.870	-8.116	-4.543
3.880	-6.794	-4.724
3.890	-5.200	-4.915
3.900	-3.400	-5.095
3.910	-1.464	-5.261
3.920	0.531	-5.398
3.930	2.504	-5.486
3.940	4.378	-5.564
3.950	6.077	-5.584
3.960	7.533	-5.584
3.970	8.690	-5.545
3.980	9.500	-5.457
3.990	9.931	-5.349
4.000	9.966	-5.203
4.010	9.604	-5.061
4.020	8.859	-4.890
4.030	7.761	-4.704
4.040	6.354	-4.514
4.050	4.693	-4.328
4.060	2.845	-4.152
4.070	0.884	-3.986
4.080	-1.113	-3.864
4.090	-3.065	-3.752
4.100	-4.895	-3.708
4.110	-6.530	-3.683
4.120	-7.904	-3.708
4.130	-8.964	-3.752
4.140	-9.666	-3.854
4.150	-9.982	-3.967
4.160	-9.901	-4.108
4.170	-9.425	-4.275
4.180	-8.573	-4.460
4.190	-7.380	-4.665
4.200	-5.892	-4.851
4.210	-4.169	-5.022
4.220	-2.281	-5.188
4.230	-0.301	-5.330
4.240	1.691	-5.452
4.250	3.615	-5.545
4.260	5.396	-5.589
4.270	6.961	-5.603
4.280	8.248	-5.579
4.290	9.207	-5.520
4.300	9.799	-5.423
4.310	10.000	-5.281
4.320	9.802	-5.139
4.330	9.214	-4.963
4.340	8.258	-4.783
4.350	6.973	-4.597
4.360	5.410	-4.406
4.370	3.632	-4.235
4.380	1.708	-4.074
4.390	-0.283	-3.928
4.400	-2.264	-3.806
4.410	-4.154	-3.732
4.420	-5.878	-3.703
4.430	-7.368	-3.708
4.440	-8.564	-3.737
4.450	-9.419	-3.825
4.460	-9.899	-3.933
4.470	-9.983	-4.069
4.480	-9.670	-4.226
4.490	-8.971	-4.397
4.500	-7.915	-4.573
4.510	-6.543	-4.753
4.520	-4.910	-4.963
4.530	-3.082	-5.139
4.540	-1.130	-5.291
4.550	0.866	-5.432
4.560	2.828	-5.535
4.570	4.677	-5.589
4.580	6.340	-5.618
4.590	7.750	-5.608
4.600	8.851	-5.550
4.610	9.599	-5.462
4.620	9.965	-5.349
4.630	9.933	-5.208
4.640	9.505	-5.046
4.650	8.698	-4.880
4.660	7.545	-4.690
4.670	6.090	-4.494
4.680	4.393	-4.319
4.690	2.521	-4.138
4.700	0.548	-3.977
4.710	-1.446	-3.859
4.720	-3.383	-3.752
4.730	-5.185	-3.713
4.740	-6.781	-3.698
4.750	-8.106	-3.727
4.760	-9.108	-3.776
4.770	-9.746	-3.884
4.780	-9.997	-3.991
4.790	-9.848	-4.152
4.800	-9.307	-4.323
4.810	-8.395	-4.499
4.820	-7.149	-4.695
4.830	-5.617	-4.885
4.840	-3.861	-5.056
4.850	-1.952	-5.237
4.860	0.036	-5.369
4.870	2.021	-5.476
4.880	3.927	-5.559
4.890	5.676	-5.598
4.900	7.198	-5.603
4.910	8.434	-5.569
4.920	9.333	-5.506
4.930	9.860	-5.398
4.940	9.995	-5.266
4.950	9.730	-5.115
4.960	9.078	-4.929
4.970	8.064	-4.744
4.980	6.728	-4.563
4.990	5.125	-4.367
5.000	3.316	-4.206
5.010	1.376	-4.045
5.020	-0.619	-3.908
5.030	-2.590	-3.786
5.040	-4.457	-3.723
5.050	-6.147	-3.693
5.060	-7.591	-3.703
5.070	-8.733	-3.737
5.080	-9.527	-3.835
5.090	-9.941	-3.952
5.100	-9.958	-4.089
5.110	-9.579	-4.240
5.120	-8.818	-4.426
5.130	-7.705	-4.612
5.140	-6.285	-4.802
5.150	-4.615	-4.983
5.160	-2.760	-5.154
5.170	-0.795	-5.300
5.180	1.201	-5.437
5.190	3.149	-5.535
5.200	4.972	-5.584
5.210	6.597	-5.603
5.220	7.958	-5.584
5.230	9.003	-5.530
5.240	9.688	-5.437
5.250	9.987	-5.310
5.260	9.888	-5.173
5.270	9.395	-5.002
5.280	8.527	-4.836
5.290	7.320	-4.651
5.300	5.820	-4.450
5.310	4.089	-4.255
5.320	2.194	-4.094
5.330	0.212	-3.952
5.340	-1.778	-3.830
5.350	-3.698	-3.732
5.360	-5.470	-3.703
5.370	-7.024	-3.693
5.380	-8.298	-3.727
5.390	-9.241	-3.786
5.400	-9.816	-3.903
5.410	-10.000	-4.025
5.420	-9.785	-4.177
5.430	-9.179	-4.348
5.440	-8.208	-4.543
5.450	-6.910	-4.729
5.460	-5.336	-4.915
5.470	-3.549	-5.095
5.480	-1.621	-5.261
5.490	0.372	-5.403
5.500	2.350	-5.506
5.510	4.234	-5.579
5.520	5.949	-5.608
5.530	7.428	-5.608
5.540	8.610	-5.564
5.550	9.449	-5.476
5.560	9.911	-5.374
5.570	9.978	-5.252
5.580	9.647	-5.081
5.590	8.932	-4.915
5.600	7.861	-4.724
5.610	6.476	-4.548
5.620	4.833	-4.343
5.630	2.997	-4.177
5.640	1.042	-4.006
5.650	-0.954	-3.884
5.660	-2.913	-3.766
5.670	-4.756	-3.718
5.680	-6.408	-3.693
5.690	-7.806	-3.713
5.700	-8.892	-3.747
5.710	-9.624	-3.850
5.720	-9.972	-3.967
5.730	-9.922	-4.104
5.740	-9.477	-4.255
5.750	-8.654	-4.450
5.760	-7.486	-4.656
5.770	-6.020	-4.841
5.780	-4.314	-5.012
5.790	-2.435	-5.178
5.800	-0.460	-5.325
5.810	1.534	-5.452
5.820	3.466	-5.545
5.830	5.261	-5.589
5.840	6.846	-5.603
5.850	8.157	-5.579
5.860	9.144	-5.525
5.870	9.766	-5.432
5.880	9.999	-5.291
5.890	9.833	-5.154
5.900	9.275	-4.983
5.910	8.347	-4.802
5.920	7.087	-4.612
5.930	5.544	-4.426
5.940	3.780	-4.240
5.950	1.865	-4.079
5.960	-0.124	-3.928
5.970	-2.108	-3.801
5.980	-4.008	-3.732
5.990	-5.748	-3.693
6.000	-7.259	-3.693
6.010	-8.481	-3.732
6.020	-9.365	-3.801
6.030	-9.875	-3.923
6.040	-9.991	-4.050
6.050	-9.710	-4.201
6.060	-9.041	-4.367
6.070	-8.011	-4.558
6.080	-6.663	-4.734
6.090	-5.048	-4.929
6.100	-3.233	-5.115
6.110	-1.288	-5.271
6.120	0.708	-5.413
6.130	2.675	-5.515
6.140	4.536	-5.574
6.150	6.216	-5.594
6.160	7.649	-5.594
6.170	8.776	-5.545
6.180	9.553	-5.462
6.190	9.950	-5.344
6.200	9.950	-5.213
6.210	9.553	-5.056
6.220	8.776	-4.880
6.230	7.648	-4.700
6.240	6.216	-4.499
6.250	4.536	-4.323
6.260	2.675	-4.143
6.270	0.707	-3.977
6.280	-1.289	-3.859
6.290	-3.233	-3.752
6.300	-5.049	-3.708
6.310	-6.663	-3.688
6.320	-8.012	-3.713
6.330	-9.041	-3.762
6.340	-9.710	-3.864
6.350	-9.991	-3.981
6.360	-9.875	-4.133
6.370	-9.365	-4.294
6.380	-8.481	-4.480
6.390	-7.259	-4.680
6.400	-5.748	-4.871
6.410	-4.008	-5.037
6.420	-2.108	-5.203
6.430	-0.124	-5.349
6.440	1.865	-5.467
6.450	3.780	-5.550
6.460	5.544	-5.594
6.470	7.087	-5.603
6.480	8.347	-5.574
6.490	9.275	-5.511
6.500	9.833	-5.408
6.510	9.999	-5.271
6.520	9.766	-5.125
6.530	9.144	-4.944
6.540	8.157	-4.748
6.550	6.845	-4.573
6.560	5.261	-4.392
6.570	3.466	-4.216
6.580	1.534	-4.055
6.590	-0.460	-3.918
6.600	-2.436	-3.791
6.610	-4.314	-3.727
6.620	-6.020	-3.688
6.630	-7.487	-3.703
6.640	-8.654	-3.737
6.650	-9.477	-3.820
6.660	-9.922	-3.933
6.670	-9.972	-4.074
6.680	-9.624	-4.231
6.690	-8.892	-4.402
6.700	-7.806	-4.582
6.710	-6.408	-4.753
6.720	-4.755	-4.968
6.730	-2.913	-5.139
6.740	-0.954	-5.291
6.750	1.043	-5.432
6.760	2.998	-5.525
6.770	4.833	-5.584
6.780	6.476	-5.598
6.790	7.861	-5.589
6.800	8.932	-5.535
6.810	9.647	-5.447
6.820	9.978	-5.320
6.830	9.911	-5.178
6.840	9.449	-5.017
6.850	8.610	-4.851
6.860	7.427	-4.675
6.870	5.949	-4.470
6.880	4.234	-4.284
6.890	2.349	-4.104
6.900	0.371	-3.962
6.910	-1.621	-3.850
6.920	-3.549	-3.742
6.930	-5.336	-3.708
6.940	-6.910	-3.693
6.950	-8.208	-3.727
6.960	-9.179	-3.786
6.970	-9.785	-3.894
6.980	-10.000	-4.016
6.990	-9.816	-4.172
7.000	-9.241	-4.338
7.010	-8.298	-4.529
7.020	-7.024	-4.714
7.030	-5.470	-4.905
7.040	-3.698	-5.085
7.050	-1.778	-5.256
7.060	0.213	-5.393
7.070	2.195	-5.496
7.080	4.089	-5.574
7.090	5.821	-5.608
7.100	7.320	-5.608
7.110	8.528	-5.569
7.120	9.395	-5.491
7.130	9.888	-5.393
7.140	9.987	-5.256
7.150	9.688	-5.095
7.160	9.002	-4.919
7.170	7.958	-4.734
7.180	6.596	-4.553
7.190	4.972	-4.358
7.200	3.149	-4.187
7.210	1.200	-4.025
7.220	-0.796	-3.898
7.230	-2.760	-3.781
7.240	-4.615	-3.718
7.250	-6.285	-3.693
7.260	-7.705	-3.708
7.270	-8.818	-3.742
7.280	-9.579	-3.845
7.290	-9.959	-3.957
7.300	-9.941	-4.099
7.310	-9.527	-4.250
7.320	-8.733	-4.441
7.330	-7.591	-4.631
7.340	-6.146	-4.827
7.350	-4.457	-4.993
7.360	-2.589	-5.164
7.370	-0.619	-5.310
7.380	1.376	-5.442
7.390	3.317	-5.540
7.400	5.125	-5.584
7.410	6.729	-5.598
7.420	8.064	-5.584
7.430	9.078	-5.525
7.440	9.730	-5.432
7.450	9.995	-5.286
7.460	9.860	-5.164
7.470	9.333	-4.993
7.480	8.434	-4.827
7.490	7.198	-4.636
7.500	5.675	-4.426
7.510	3.927	-4.250
7.520	2.021	-4.094
7.530	0.035	-3.947
7.540	-1.952	-3.815
7.550	-3.862	-3.727
7.560	-5.617	-3.683
7.570	-7.149	-3.679
7.580	-8.396	-3.718
7.590	-9.308	-3.781
7.600	-9.848	-3.894
7.610	-9.997	-4.016
7.620	-9.746	-4.172
7.630	-9.108	-4.362
7.640	-8.106	-4.543
7.650	-6.781	-4.724
7.660	-5.185	-4.915
7.670	-3.383	-5.085
7.680	-1.446	-5.256
7.690	0.549	-5.388
7.700	2.521	-5.481
7.710	4.394	-5.569
7.720	6.091	-5.589
7.730	7.545	-5.589
7.740	8.698	-5.545
7.750	9.505	-5.467
7.760	9.933	-5.364
7.770	9.965	-5.237
7.780	9.599	-5.066
7.790	8.851	-4.905
7.800	7.750	-4.714
7.810	6.340	-4.529
7.820	4.677	-4.319
7.830	2.828	-4.157
7.840	0.866	-3.986
7.850	-1.131	-3.869
7.860	-3.082	-3.752
7.870	-4.910	-3.708
7.880	-6.543	-3.683
7.890	-7.915	-3.708
7.900	-8.972	-3.752
7.910	-9.670	-3.850
7.920	-9.983	-3.967
7.930	-9.899	-4.104
7.940	-9.419	-4.255
7.950	-8.564	-4.450
7.960	-7.368	-4.651
7.970	-5.878	-4.841
7.980	-4.153	-5.007
7.990	-2.263	-5.173
8.000	-0.283	-5.320
8.010	1.709	-5.467
8.020	3.632	-5.540
8.030	5.411	-5.589
8.040	6.974	-5.598
8.050	8.258	-5.579
8.060	9.214	-5.520
8.070	9.802	-5.427
8.080	10.000	-5.281
8.090	9.799	-5.120
8.100	9.207	-4.968
8.110	8.248	-4.783
8.120	6.961	-4.602
8.130	5.395	-4.411
8.140	3.615	-4.235
8.150	1.691	-4.069
8.160	-0.301	-3.928
8.170	-2.281	-3.801
8.180	-4.170	-3.732
8.190	-5.892	-3.693
8.200	-7.380	-3.698
8.210	-8.574	-3.732
8.220	-9.425	-3.796
8.230	-9.901	-3.918
8.240	-9.982	-4.050
8.250	-9.666	-4.206
8.260	-8.964	-4.402
8.270	-7.904	-4.553
8.280	-6.530	-4.739
8.290	-4.895	-4.929
8.300	-3.065	-5.115
8.310	-1.113	-5.296
8.320	0.884	-5.413
8.330	2.845	-5.515
8.340	4.693	-5.574
8.350	6.354	-5.594
8.360	7.761	-5.584
8.370	8.859	-5.540
8.380	9.604	-5.452
8.390	9.966	-5.320
8.400	9.931	-5.193
8.410	9.500	-5.037
8.420	8.690	-4.875
8.430	7.533	-4.690
8.440	6.076	-4.494
8.450	4.377	-4.314
8.460	2.504	-4.138
8.470	0.531	-3.957
8.480	-1.464	-3.854
8.490	-3.400	-3.742
8.500	-5.201	-3.703
8.510	-6.794	-3.683
8.520	-8.116	-3.718
8.530	-9.115	-3.766
8.540	-9.750	-3.874
8.550	-9.997	-3.986
8.560	-9.845	-4.148
8.570	-9.301	-4.319
8.580	-8.386	-4.548
8.590	-7.136	-4.695
8.600	-5.602	-4.885
8.610	-3.845	-5.051
8.620	-1.934	-5.237
8.630	0.053	-5.369
8.640	2.039	-5.471
8.650	3.943	-5.564
8.660	5.690	-5.608
8.670	7.211	-5.608
8.680	8.443	-5.579
8.690	9.340	-5.515
8.700	9.863	-5.413
8.710	9.994	-5.271
8.720	9.726	-5.120
8.730	9.071	-4.939
8.740	8.053	-4.734
8.750	6.715	-4.568
8.760	5.109	-4.382
8.770	3.300	-4.211
8.780	1.358	-4.055
8.790	-0.637	-3.923
8.800	-2.607	-3.796
8.810	-4.473	-3.732
8.820	-6.161	-3.708
8.830	-7.603	-3.713
8.840	-8.742	-3.742
8.850	-9.532	-3.850
8.860	-9.943	-3.952
8.870	-9.957	-4.084
8.880	-9.574	-4.240
8.890	-8.809	-4.416
8.900	-7.694	-4.607
8.910	-6.271	-4.787
8.920	-4.599	-4.983
8.930	-2.743	-5.173
8.940	-0.778	-5.300
8.950	1.218	-5.437
8.960	3.166	-5.535
8.970	4.987	-5.589
8.980	6.610	-5.603
8.990	7.969	-5.589
9.000	9.010	-5.535
9.010	9.692	-5.442
9.020	9.988	-5.310
9.030	9.886	-5.173
9.040	9.389	-4.988
9.050	8.518	-4.836
9.060	7.308	-4.656
9.070	5.806	-4.450
9.080	4.073	-4.255
9.090	2.177	-4.099
9.100	0.194	-3.952
9.110	-1.796	-3.830
9.120	-3.714	-3.727
9.130	-5.485	-3.683
9.140	-7.037	-3.674
9.150	-8.308	-3.713
9.160	-9.248	-3.766
9.170	-9.820	-3.879
9.180	-10.000	-3.996
9.190	-9.781	-4.152
9.200	-9.172	-4.328
9.210	-8.198	-4.509
9.220	-6.897	-4.704
9.230	-5.321	-4.910
9.240	-3.532	-5.066
9.250	-1.603	-5.252
9.260	0.389	-5.374
9.270	2.367	-5.471
9.280	4.250	-5.550
9.290	5.964	-5.584
9.300	7.439	-5.584
9.310	8.619	-5.540
9.320	9.454	-5.467
9.330	9.913	-5.364
9.340	9.977	-5.247
9.350	9.643	-5.076
9.360	8.924	-4.905
9.370	7.850	-4.724
9.380	6.462	-4.548
9.390	4.817	-4.343
9.400	2.980	-4.177
9.410	1.025	-4.011
9.420	-0.972	-3.889
9.430	-2.930	-3.771
9.440	-4.771	-3.718
9.450	-6.422	-3.693
9.460	-7.817	-3.713
9.470	-8.900	-3.747
9.480	-9.629	-3.854
9.490	-9.973	-3.967
9.500	-9.920	-4.123
9.510	-9.471	-4.255
9.520	-8.645	-4.450
9.530	-7.475	-4.651
9.540	-6.006	-4.836
9.550	-4.298	-5.002
9.560	-2.418	-5.178
9.570	-0.442	-5.320
9.580	1.551	-5.447
9.590	3.483	-5.540
9.600	5.276	-5.589
9.610	6.859	-5.603
9.620	8.168	-5.584
9.630	9.151	-5.525
9.640	9.770	-5.432
9.650	9.999	-5.296
9.660	9.829	-5.154
9.670	9.268	-4.988
9.680	8.337	-4.817
9.690	7.074	-4.573
9.700	5.529	-4.436
9.710	3.763	-4.245
9.720	1.848	-4.094
9.730	-0.142	-3.942
9.740	-2.125	-3.820
9.750	-4.024	-3.732
9.760	-5.763	-3.708
9.770	-7.272	-3.708
9.780	-8.490	-3.732
9.790	-9.371	-3.806
9.800	-9.878	-3.933
9.810	-9.991	-4.055
9.820	-9.705	-4.201
9.830	-9.033	-4.367
9.840	-8.001	-4.558
9.850	-6.649	-4.734
9.860	-5.033	-4.924
9.870	-3.216	-5.115
9.880	-1.271	-5.271
9.890	0.725	-5.413
9.900	2.692	-5.520
9.910	4.552	-5.579
9.920	6.230	-5.603
9.930	7.660	-5.603
9.940	8.784	-5.550
9.950	9.559	-5.462
9.960	9.952	-5.349
9.970	9.948	-5.213
9.980	9.548	-5.056
9.990	8.767	-4.885
10.000	7.637	-4.700
10.010	6.202	-4.499
10.020	4.520	-4.323
10.030	2.658	-4.148
10.040	0.690	-3.977
10.050	-1.306	-3.864
10.060	-3.250	-3.757
10.070	-5.064	-3.713
10.080	-6.676	-3.703
10.090	-8.022	-3.723
10.100	-9.048	-3.771
10.110	-9.714	-3.874
10.120	-9.992	-3.986
10.130	-9.872	-4.143
10.140	-9.358	-4.309
10.150	-8.471	-4.494
10.160	-7.247	-4.690
10.170	-5.734	-4.880
10.180	-3.992	-5.051
10.190	-2.090	-5.237
10.200	-0.106	-5.369
10.210	1.883	-5.476
10.220	3.796	-5.569
10.230	5.559	-5.613
10.240	7.099	-5.623
10.250	8.357	-5.589
10.260	9.281	-5.525
10.270	9.836	-5.427
10.280	9.998	-5.281
10.290	9.762	-5.139
10.300	9.137	-4.963
10.310	8.147	-4.773
10.320	6.832	-4.592
10.330	5.246	-4.406
10.340	3.450	-4.231
10.350	1.516	-4.069
10.360	-0.478	-3.928
10.370	-2.453	-3.806
10.380	-4.330	-3.732
10.390	-6.034	-3.708
10.400	-7.498	-3.713
10.410	-8.663	-3.742
10.420	-9.483	-3.835
10.430	-9.924	-3.947
10.440	-9.970	-4.084
10.450	-9.619	-4.240
10.460	-8.884	-4.406
10.470	-7.794	-4.592
10.480	-6.395	-4.768
10.490	-4.740	-4.978
10.500	-2.896	-5.149
10.510	-0.936	-5.296
10.520	1.060	-5.437
10.530	3.015	-5.535
10.540	4.849	-5.589
10.550	6.490	-5.608
10.560	7.872	-5.594
10.570	8.940	-5.540
10.580	9.652	-5.447
10.590	9.979	-5.325
10.600	9.908	-5.188
10.610	9.443	-5.027
10.620	8.601	-4.856
10.630	7.415	-4.680
10.640	5.935	-4.475
10.650	4.218	-4.289
10.660	2.332	-4.108
10.670	0.354	-3.967
10.680	-1.639	-3.850
10.690	-3.566	-3.742
10.700	-5.351	-3.703
10.710	-6.923	-3.693
10.720	-8.218	-3.727
10.730	-9.186	-3.781
10.740	-9.788	-3.894
10.750	-10.000	-4.006
10.760	-9.813	-4.162
10.770	-9.234	-4.338
10.780	-8.288	-4.519
10.790	-7.011	-4.704
10.800	-5.455	-4.900
10.810	-3.681	-5.071
10.820	-1.760	-5.252
10.830	0.230	-5.383
10.840	2.212	-5.486
10.850	4.105	-5.569
10.860	5.835	-5.598
10.870	7.332	-5.608
10.880	8.537	-5.564
10.890	9.401	-5.491
10.900	9.891	-5.388
10.910	9.986	-5.256
10.920	9.684	-5.105
10.930	8.995	-4.924
10.940	7.947	-4.729
10.950	6.583	-4.553
10.960	4.956	-4.358
10.970	3.132	-4.196
10.980	1.183	-4.030
10.990	-0.813	-3.903
11.000	-2.777	-3.781
11.010	-4.631	-3.723
11.020	-6.299	-3.693
11.030	-7.717	-3.708
11.040	-8.826	-3.742
11.050	-9.584	-3.845
11.060	-9.960	-3.957
11.070	-9.939	-4.094
11.080	-9.521	-4.250
11.090	-8.724	-4.441
11.100	-7.579	-4.626
11.110	-6.132	-4.822
11.120	-4.441	-4.993
11.130	-2.572	-5.217
11.140	-0.601	-5.320
11.150	1.394	-5.452
11.160	3.333	-5.550
11.170	5.140	-5.603
11.180	6.742	-5.623
11.190	8.075	-5.603
11.200	9.086	-5.540
11.210	9.734	-5.452
11.220	9.995	-5.320
11.230	9.857	-5.178
11.240	9.327	-5.017
11.250	8.424	-4.846
11.260	7.186	-4.670
11.270	5.661	-4.455
11.280	3.910	-4.275
11.290	2.004	-4.104
11.300	0.017	-3.967
11.310	-1.970	-3.850
11.320	-3.878	-3.752
11.330	-5.632	-3.727
11.340	-7.161	-3.718
11.350	-8.405	-3.737
11.360	-9.314	-3.810
11.370	-9.852	-3.928
11.380	-9.996	-4.060
11.390	-9.742	-4.211
11.400	-9.100	-4.372
11.410	-8.095	-4.558
11.420	-6.767	-4.744
11.430	-5.170	-4.929
11.440	-3.366	-5.120
11.450	-1.428	-5.281
11.460	0.566	-5.427
11.470	2.539	-5.530
11.480	4.410	-5.589
11.490	6.105	-5.628
11.500	7.557	-5.623
11.510	8.707	-5.574
11.520	9.511	-5.486
11.530	9.935	-5.388
11.540	9.963	-5.252
11.550	9.594	-5.081
11.560	8.843	-4.915
11.570	7.739	-4.724
11.580	6.326	-4.548
11.590	4.661	-4.343
11.600	2.811	-4.182
11.610	0.848	-4.016
11.620	-1.148	-3.898
11.630	-3.099	-3.786
11.640	-4.926	-3.732
11.650	-6.557	-3.718
11.660	-7.926	-3.732
11.670	-8.979	-3.786
11.680	-9.675	-3.884
11.690	-9.984	-3.991
11.700	-9.896	-4.143
11.710	-9.413	-4.309
11.720	-8.555	-4.489
11.730	-7.356	-4.690
11.740	-5.863	-4.880
11.750	-4.137	-5.046
11.760	-2.246	-5.237
11.770	-0.265	-5.369
11.780	1.726	-5.481
11.790	3.649	-5.574
11.800	5.426	-5.623
11.810	6.986	-5.633
11.820	8.268	-5.603
11.830	9.221	-5.540
11.840	9.806	-5.437
11.850	10.000	-5.296
11.860	9.795	-5.159
11.870	9.200	-4.988
11.880	8.238	-4.812
11.890	6.948	-4.617
11.900	5.380	-4.436
11.910	3.599	-4.245
11.920	1.673	-4.084
11.930	-0.319	-3.947
11.940	-2.298	-3.830
11.950	-4.186	-3.737
11.960	-5.907	-3.713
11.970	-7.392	-3.718
11.980	-8.583	-3.742
11.990	-9.431	-3.830
12.000	-9.904	-3.942
12.010	-9.981	-4.074
12.020	-9.661	-4.226
12.030	-8.956	-4.397
12.040	-7.893	-4.577
12.050	-6.516	-4.748
12.060	-4.879	-4.958
12.070	-3.048	-5.134
12.080	-1.095	-5.296
12.090	0.902	-5.432
12.100	2.862	-5.530
12.110	4.709	-5.584
12.120	6.368	-5.613
12.130	7.773	-5.608
12.140	8.868	-5.550
12.150	9.609	-5.462
12.160	9.968	-5.344
12.170	9.929	-5.203
12.180	9.494	-5.046
12.190	8.681	-4.880
12.200	7.521	-4.695
12.210	6.062	-4.494
12.220	4.361	-4.314
12.230	2.487	-4.143
12.240	0.513	-3.972
12.250	-1.482	-3.859
12.260	-3.417	-3.752
12.270	-5.216	-3.713
12.280	-6.807	-3.703
12.290	-8.127	-3.727
12.300	-9.122	-3.776
12.310	-9.754	-3.879
12.320	-9.998	-3.991
12.330	-9.842	-4.152
12.340	-9.294	-4.319
12.350	-8.376	-4.499
12.360	-7.124	-4.690
12.370	-5.588	-4.885
12.380	-3.829	-5.056
12.390	-1.917	-5.242
12.400	0.071	-5.369
12.410	2.056	-5.476
12.420	3.960	-5.559
12.430	5.705	-5.594
12.440	7.223	-5.598
12.450	8.453	-5.564
12.460	9.346	-5.496
12.470	9.866	-5.393
12.480	9.993	-5.256
12.490	9.722	-5.110
12.500	9.063	-4.929
12.510	8.043	-4.744
12.520	6.702	-4.558
12.530	5.094	-4.367
12.540	3.283	-4.201
12.550	1.341	-4.035
12.560	-0.655	-3.903
12.570	-2.624	-3.786
12.580	-4.489	-3.718
12.590	-6.175	-3.683
12.600	-7.614	-3.703
12.610	-8.750	-3.737
12.620	-9.538	-3.825
12.630	-9.945	-3.947
12.640	-9.955	-4.079
12.650	-9.569	-4.240
12.660	-8.801	-4.426
12.670	-7.682	-4.597
12.680	-6.257	-4.792
12.690	-4.583	-4.983
12.700	-2.726	-5.149
12.710	-0.760	-5.296
12.720	1.236	-5.437
12.730	3.183	-5.530
12.740	5.003	-5.584
12.750	6.623	-5.598
12.760	7.980	-5.584
12.770	9.018	-5.530
12.780	9.697	-5.442
12.790	9.989	-5.315
12.800	9.883	-5.173
12.810	9.383	-5.007
12.820	8.509	-4.841
12.830	7.296	-4.660
12.840	5.791	-4.470
12.850	4.056	-4.289
12.860	2.160	-4.113
12.870	0.177	-3.967
12.880	-1.813	-3.854
12.890	-3.731	-3.752
12.900	-5.500	-3.718
12.910	-7.049	-3.713
12.920	-8.318	-3.732
12.930	-9.255	-3.796
12.940	-9.823	-3.913
12.950	-9.999	-4.040
12.960	-9.777	-4.182
12.970	-9.165	-4.353
12.980	-8.188	-4.548
12.990	-6.884	-4.729
13.000	-5.306	-4.919
13.010	-3.516	-5.095
13.020	-1.586	-5.261
13.030	0.407	-5.398
13.040	2.384	-5.501
13.050	4.266	-5.569
13.060	5.978	-5.598
13.070	7.451	-5.598
13.080	8.628	-5.559
13.090	9.460	-5.476
13.100	9.916	-5.374
13.110	9.976	-5.252
13.120	9.638	-5.081
13.130	8.916	-4.915
13.140	7.839	-4.724
13.150	6.449	-4.548
13.160	4.802	-4.343
13.170	2.963	-4.177
13.180	1.007	-4.011
13.190	-0.990	-3.884
13.200	-2.947	-3.771
13.210	-4.787	-3.718
13.220	-6.436	-3.688
13.230	-7.828	-3.708
13.240	-8.908	-3.747
13.250	-9.633	-3.850
13.260	-9.974	-3.962
13.270	-9.918	-4.099
13.280	-9.466	-4.255
13.290	-8.636	-4.450
13.300	-7.463	-4.651
13.310	-5.992	-4.836
13.320	-4.282	-5.002
13.330	-2.401	-5.178
13.340	-0.424	-5.320
13.350	1.569	-5.452
13.360	3.500	-5.540
13.370	5.291	-5.584
13.380	6.871	-5.594
13.390	8.178	-5.574
13.400	9.158	-5.515
13.410	9.773	-5.427
13.420	9.999	-5.281
13.430	9.826	-5.139
13.440	9.261	-4.968
13.450	8.327	-4.783
13.460	7.061	-4.587
13.470	5.514	-4.411
13.480	3.747	-4.231
13.490	1.830	-4.069
13.500	-0.160	-3.923
13.510	-2.143	-3.796
13.520	-4.041	-3.723
13.530	-5.777	-3.669
13.540	-7.284	-3.674
13.550	-8.500	-3.718
13.560	-9.377	-3.781
13.570	-9.880	-3.898
13.580	-9.990	-4.021
13.590	-9.701	-4.177
13.600	-9.025	-4.353
13.610	-7.990	-4.548
13.620	-6.636	-4.724
13.630	-5.018	-4.919
13.640	-3.199	-5.095
13.650	-1.253	-5.256
13.660	0.743	-5.388
13.670	2.709	-5.476
13.680	4.568	-5.550
13.690	6.244	-5.574
13.700	7.671	-5.569
13.710	8.793	-5.525
13.720	9.564	-5.437
13.730	9.954	-5.315
13.740	9.946	-5.173
13.750	9.543	-5.022
13.760	8.759	-4.846
13.770	7.625	-4.675
13.780	6.188	-4.465
13.790	4.504	-4.279
13.800	2.641	-4.099
13.810	0.672	-3.957
13.820	-1.324	-3.825
13.830	-3.267	-3.732
13.840	-5.079	-3.664
13.850	-6.689	-3.649
13.860	-8.033	-3.669
13.870	-9.056	-3.732
13.880	-9.718	-3.825
13.890	-9.993	-3.952
13.900	-9.869	-4.094
13.910	-9.352	-4.250
13.920	-8.462	-4.446
13.930	-7.235	-4.636
13.940	-5.719	-4.827
13.950	-3.975	-4.993
13.960	-2.073	-5.164
13.970	-0.088	-5.310
13.980	1.900	-5.432
13.990	3.813	-5.520
14.000	5.573	-5.550
14.010	7.112	-5.559
14.020	8.367	-5.530
14.030	9.288	-5.447
14.040	9.839	-5.344
14.050	9.998	-5.227
14.060	9.758	-5.061
14.070	9.129	-4.905
14.080	8.137	-4.714
14.090	6.819	-4.538
14.100	5.230	-4.338
14.110	3.433	-4.162
14.120	1.498	-3.986
14.130	-0.496	-3.859
14.140	-2.470	-3.732
14.150	-4.346	-3.659
14.160	-6.049	-3.625
14.170	-7.510	-3.625
14.180	-8.672	-3.674
14.190	-9.489	-3.747
14.200	-9.927	-3.874
14.210	-9.969	-4.001
14.220	-9.614	-4.167
14.230	-8.876	-4.343
14.240	-7.783	-4.538
14.250	-6.381	-4.724
14.260	-4.724	-4.910
14.270	-2.879	-5.081
14.280	-0.919	-5.252
14.290	1.078	-5.354
14.300	3.031	-5.452
14.310	4.864	-5.525
14.320	6.503	-5.535
14.330	7.883	-5.525
14.340	8.948	-5.457
14.350	9.657	-5.383
14.360	9.980	-5.261
14.370	9.906	-5.110
14.380	9.437	-4.954
14.390	8.591	-4.758
14.400	7.404	-4.587
14.410	5.920	-4.402
14.420	4.201	-4.221
14.430	2.315	-4.055
14.440	0.336	-3.903
14.450	-1.656	-3.762
14.460	-3.583	-3.679
14.470	-5.366	-3.625
14.480	-6.935	-3.610
14.490	-8.228	-3.635
14.500	-9.193	-3.713
14.510	-9.792	-3.801
14.520	-10.000	-3.942
14.530	-9.809	-4.089
14.540	-9.228	-4.245
14.550	-8.278	-4.446
14.560	-6.999	-4.626
14.570	-5.440	-4.822
14.580	-3.665	-4.993
14.590	-1.743	-5.154
14.600	0.248	-5.296
14.610	2.229	-5.418
14.620	4.121	-5.476
14.630	5.849	-5.530
14.640	7.344	-5.530
14.650	8.546	-5.476
14.660	9.407	-5.418
14.670	9.894	-5.291
14.680	9.985	-5.169
14.690	9.679	-5.007
14.700	8.987	-4.846
14.710	7.936	-4.670
14.720	6.570	-4.460
14.730	4.941	-4.275
14.740	3.115	-4.099
14.750	1.165	-3.952
14.760	-0.831	-3.801
14.770	-2.794	-3.713
14.780	-4.646	-3.625
14.790	-6.313	-3.600
14.800	-7.728	-3.610
14.810	-8.835	-3.669
14.820	-9.589	-3.742
14.830	-9.962	-3.869
14.840	-9.937	-4.001
14.850	-9.516	-4.172
14.860	-8.716	-4.348
14.870	-7.568	-4.543
14.880	-6.118	-4.724
14.890	-4.425	-4.915
14.900	-2.555	-5.085
14.910	-0.583	-5.247
14.920	1.411	-5.349
14.930	3.350	-5.447
14.940	5.155	-5.506
14.950	6.755	-5.525
14.960	8.085	-5.496
14.970	9.093	-5.437
14.980	9.739	-5.330
14.990	9.996	-5.222
15.000	9.854	-5.076
15.010	9.320	-4.919
15.020	8.415	-4.729
15.030	7.173	-4.553
15.040	5.646	-4.343
15.050	3.894	-4.177
15.060	1.986	-3.996
15.070	-0.000	-3.859
15.080	-1.987	-3.732
15.090	-3.894	-3.654
15.100	-5.647	-3.605
15.110	-7.174	-3.605
15.120	-8.415	-3.639
15.130	-9.321	-3.723
15.140	-9.855	-3.825
15.150	-9.996	-3.957
15.160	-9.738	-4.099
15.170	-9.093	-4.275
15.180	-8.085	-4.470
15.190	-6.754	-4.670
15.200	-5.155	-4.856
15.210	-3.350	-5.017
15.220	-1.411	-5.183
15.230	0.584	-5.315
15.240	2.556	-5.432
15.250	4.425	-5.506
15.260	6.119	-5.530
15.270	7.568	-5.530
15.280	8.716	-5.471
15.290	9.516	-5.403
15.300	9.937	-5.281
15.310	9.962	-5.149
15.320	9.589	-4.988
15.330	8.834	-4.822
15.340	7.727	-4.636
15.350	6.312	-4.436
15.360	4.646	-4.245
15.370	2.794	-4.089
15.380	0.831	-3.928
15.390	-1.166	-3.786
15.400	-3.116	-3.693
15.410	-4.941	-3.625
15.420	-6.570	-3.600
15.430	-7.937	-3.625
15.440	-8.987	-3.679
15.450	-9.679	-3.762
15.460	-9.985	-3.903
15.470	-9.894	-4.045
15.480	-9.407	-4.206
15.490	-8.546	-4.372
15.500	-7.344	-4.563
15.510	-5.849	-4.748
15.520	-4.121	-4.929
15.530	-2.229	-5.115
15.540	-0.247	-5.261
15.550	1.744	-5.374
15.560	3.665	-5.447
15.570	5.440	-5.506
15.580	6.999	-5.515
15.590	8.278	-5.471
15.600	9.228	-5.418
15.610	9.809	-5.300
15.620	10.000	-5.178
15.630	9.792	-5.032
15.640	9.193	-4.871
15.650	8.228	-4.695
15.660	6.935	-4.489
15.670	5.365	-4.314
15.680	3.582	-4.123
15.690	1.656	-3.957
15.700	-0.337	-3.810
15.710	-2.315	-3.708
15.720	-4.202	-3.615
15.730	-5.921	-3.586
15.740	-7.404	-3.591
15.750	-8.592	-3.625
15.760	-9.437	-3.713
15.770	-9.906	-3.810
15.780	-9.980	-3.957
15.790	-9.656	-4.099
15.800	-8.948	-4.265
15.810	-7.882	-4.465
15.820	-6.503	-4.670
15.830	-4.864	-4.846
15.840	-3.031	-5.007
15.850	-1.077	-5.173
15.860	0.919	-5.296
15.870	2.879	-5.408
15.880	4.724	-5.457
15.890	6.381	-5.476
15.900	7.784	-5.467
15.910	8.876	-5.427
15.920	9.614	-5.325
15.930	9.969	-5.227
15.940	9.927	-5.081
15.950	9.488	-4.924
15.960	8.672	-4.744
15.970	7.510	-4.558
15.980	6.048	-4.362
15.990	4.345	-4.191
16.000	2.469	-4.011
16.010	0.495	-3.864
16.020	-1.499	-3.732
16.030	-3.433	-3.630
16.040	-5.231	-3.586
16.050	-6.820	-3.576
16.060	-8.137	-3.596
16.070	-9.130	-3.654
16.080	-9.758	-3.742
16.090	-9.998	-3.874
16.100	-9.839	-4.025
16.110	-9.288	-4.191
16.120	-8.366	-4.367
16.130	-7.111	-4.558
16.140	-5.573	-4.734
16.150	-3.812	-4.924
16.160	-1.900	-5.105
16.170	0.089	-5.252
16.180	2.074	-5.335
16.190	3.976	-5.432
16.200	5.720	-5.467
16.210	7.235	-5.467
16.220	8.462	-5.437
16.230	9.352	-5.359
16.240	9.869	-5.261
16.250	9.993	-5.129
16.260	9.718	-4.968
16.270	9.056	-4.807
16.280	8.032	-4.621
16.290	6.689	-4.436
16.300	5.079	-4.240
16.310	3.266	-4.069
16.320	1.323	-3.913
16.330	-0.672	-3.752
16.340	-2.641	-3.649
16.350	-4.505	-3.581
16.360	-6.189	-3.556
16.370	-7.626	-3.566
16.380	-8.759	-3.600
16.390	-9.543	-3.688
16.400	-9.946	-3.791
16.410	-9.953	-3.947
16.420	-9.564	-4.099
16.430	-8.793	-4.260
16.440	-7.671	-4.460
16.450	-6.244	-4.665
16.460	-4.567	-4.846
16.470	-2.709	-5.002
16.480	-0.742	-5.164
16.490	1.254	-5.281
16.500	3.200	-5.388
16.510	5.018	-5.442
16.520	6.637	-5.452
16.530	7.990	-5.437
16.540	9.026	-5.388
16.550	9.701	-5.286
16.560	9.990	-5.173
16.570	9.880	-5.022
16.580	9.377	-4.875
16.590	8.500	-4.695
16.600	7.283	-4.499
16.610	5.777	-4.314
16.620	4.040	-4.123
16.630	2.142	-3.957
16.640	0.159	-3.796
16.650	-1.831	-3.683
16.660	-3.747	-3.596
16.670	-5.515	-3.556
16.680	-7.062	-3.547
16.690	-8.328	-3.576
16.700	-9.262	-3.630
16.710	-9.826	-3.732
16.720	-9.999	-3.874
16.730	-9.773	-4.025
16.740	-9.158	-4.196
16.750	-8.177	-4.377
16.760	-6.871	-4.563
16.770	-5.291	-4.744
16.780	-3.499	-4.929
16.790	-1.568	-5.100
16.800	0.425	-5.252
16.810	2.401	-5.330
16.820	4.282	-5.427
16.830	5.992	-5.447
16.840	7.463	-5.442
16.850	8.637	-5.408
16.860	9.466	-5.320
16.870	9.918	-5.237
16.880	9.974	-5.090
16.890	9.633	-4.924
16.900	8.908	-4.748
16.910	7.828	-4.568
16.920	6.435	-4.382
16.930	4.786	-4.206
16.940	2.946	-4.025
16.950	0.989	-3.869
16.960	-1.007	-3.732
16.970	-2.964	-3.620
16.980	-4.802	-3.571
16.990	-6.449	-3.547
17.000	-7.839	-3.556
17.010	-8.916	-3.600
17.020	-9.638	-3.698
17.030	-9.976	-3.806
17.040	-9.915	-3.957
17.050	-9.460	-4.113
17.060	-8.627	-4.304
17.070	-7.451	-4.485
17.080	-5.977	-4.685
17.090	-4.265	-4.871
17.100	-2.384	-5.022
17.110	-0.407	-5.178
17.120	1.587	-5.296
17.130	3.516	-5.393
17.140	5.306	-5.437
17.150	6.884	-5.447
17.160	8.188	-5.427
17.170	9.165	-5.354
17.180	9.777	-5.266
17.190	9.999	-5.144
17.200	9.823	-4.993
17.210	9.255	-4.841
17.220	8.318	-4.670
17.230	7.049	-4.455
17.240	5.499	-4.260
17.250	3.730	-4.094
17.260	1.813	-3.928
17.270	-0.177	-3.766
17.280	-2.160	-3.659
17.290	-4.057	-3.576
17.300	-5.792	-3.542
17.310	-7.296	-3.542
17.320	-8.509	-3.576
17.330	-9.383	-3.644
17.340	-9.883	-3.747
17.350	-9.989	-3.903
17.360	-9.697	-4.060
17.370	-9.018	-4.226
17.380	-7.979	-4.411
17.390	-6.623	-4.592
17.400	-5.002	-4.778
17.410	-3.182	-4.963
17.420	-1.235	-5.120
17.430	0.761	-5.261
17.440	2.726	-5.349
17.450	4.584	-5.432
17.460	6.258	-5.447
17.470	7.683	-5.442
17.480	8.801	-5.403
17.490	9.569	-5.305
17.500	9.955	-5.193
17.510	9.945	-5.066
17.520	9.537	-4.915
17.530	8.750	-4.724
17.540	7.614	-4.553
17.550	6.174	-4.353
17.560	4.488	-4.177
17.570	2.623	-3.991
17.580	0.654	-3.850
17.590	-1.341	-3.713
17.600	-3.283	-3.610
17.610	-5.095	-3.561
17.620	-6.703	-3.542
17.630	-8.043	-3.566
17.640	-9.063	-3.610
17.650	-9.722	-3.713
17.660	-9.993	-3.840
17.670	-9.866	-3.977
17.680	-9.346	-4.148
17.690	-8.453	-4.333
17.700	-7.222	-4.524
17.710	-5.704	-4.709
17.720	-3.959	-4.900
17.730	-2.056	-5.056
17.740	-0.070	-5.193
17.750	1.918	-5.310
17.760	3.829	-5.408
17.770	5.588	-5.442
17.780	7.124	-5.447
17.790	8.376	-5.423
17.800	9.295	-5.335
17.810	9.842	-5.252
17.820	9.998	-5.120
