0.010	-1.000	4.441	0.093
0.020	-1.000	4.426	0.098
0.030	-1.000	4.416	0.098
0.040	-1.000	4.416	0.093
0.050	-1.000	4.402	0.073
0.060	-1.000	4.397	0.068
0.070	-1.000	4.397	0.073
0.080	-1.000	4.392	0.112
0.090	-1.000	4.382	0.156
0.100	-1.000	4.377	0.171
0.110	-1.000	4.362	0.181
0.120	-1.000	4.358	0.161
0.130	-1.000	4.348	0.147
0.140	-1.000	4.343	0.117
0.150	-1.000	4.333	0.112
0.160	-1.000	4.323	0.112
0.170	-1.000	4.319	0.112
0.180	-1.000	4.309	0.093
0.190	-1.000	4.304	0.083
0.200	-1.000	4.299	0.078
0.210	-1.000	4.299	0.103
0.220	-1.000	4.289	0.147
0.230	-1.000	4.284	0.156
0.240	-1.000	4.275	0.166
0.250	-1.000	4.260	0.156
0.260	-1.000	4.250	0.142
0.270	-1.000	4.245	0.127
0.280	-1.000	4.240	0.122
0.290	-1.000	4.231	0.122
0.300	-1.000	4.226	0.122
0.310	-1.000	4.216	0.117
0.320	-1.000	4.211	0.093
0.330	-1.000	4.206	0.083
0.340	-1.000	4.201	0.098
0.350	-1.000	4.196	0.132
0.360	-1.000	4.187	0.147
0.370	-1.000	4.182	0.171
0.380	-1.000	4.162	0.181
0.390	-1.000	4.157	0.176
0.400	-1.000	4.152	0.161
0.410	-1.000	4.143	0.151
0.420	-1.000	4.143	0.151
0.430	-1.000	4.133	0.147
0.440	-1.000	4.123	0.127
0.450	-1.000	4.123	0.112
0.460	-1.000	4.113	0.122
0.470	-1.000	4.089	0.171
0.480	-1.000	4.089	0.215
0.490	-1.000	4.079	0.234
0.500	-1.000	4.069	0.230
0.510	-1.000	4.060	0.210
0.520	-1.000	4.040	0.186
0.530	-1.000	4.035	0.176
0.540	-1.000	4.030	0.176
0.550	-1.000	4.021	0.171
0.560	-1.000	4.011	0.166
0.570	-1.000	4.001	0.195
0.580	-1.000	3.991	0.220
0.590	-1.000	3.981	0.249
0.600	-1.000	3.977	0.230
0.610	-1.000	3.967	0.200
0.620	-1.000	3.952	0.166
0.630	-1.000	3.942	0.171
0.640	-1.000	3.933	0.176
0.650	-1.000	3.923	0.151
0.660	-1.000	3.913	0.122
0.670	-1.000	3.908	0.122
0.680	-1.000	3.903	0.142
0.690	-1.000	3.889	0.166
0.700	-1.000	3.884	0.181
0.710	-1.000	3.874	0.171
0.720	-1.000	3.864	0.147
0.730	-1.000	3.864	0.132
0.740	-1.000	3.864	0.117
0.750	-1.000	3.854	0.122
0.760	-1.000	3.850	0.117
0.770	-1.000	3.840	0.112
0.780	-1.000	3.825	0.083
0.790	-1.000	3.825	0.068
0.800	-1.000	3.820	0.073
0.810	-1.000	3.815	0.088
0.820	-1.000	3.810	0.127
0.830	-1.000	3.801	0.132
0.840	-1.000	3.796	0.151
0.850	-1.000	3.791	0.151
0.860	-1.000	3.786	0.132
0.870	-1.000	3.776	0.107
0.880	-1.000	3.766	0.107
0.890	-1.000	3.757	0.107
0.900	-1.000	3.752	0.117
0.910	-1.000	3.742	0.112
0.920	-1.000	3.732	0.078
0.930	-1.000	3.732	0.068
0.940	-1.000	3.723	0.064
0.950	-1.000	3.723	0.088
0.960	-1.000	3.718	0.151
0.970	-1.000	3.713	0.161
0.980	-1.000	3.703	0.186
0.990	-1.000	3.688	0.171
1.000	-1.000	3.679	0.142
1.010	-1.000	3.674	0.122
1.020	-1.000	3.669	0.112
1.030	-1.000	3.659	0.112
1.040	-1.000	3.649	0.112
1.050	-1.000	3.644	0.107
1.060	-1.000	3.644	0.093
1.070	-1.000	3.639	0.093
1.080	-1.000	3.630	0.122
1.090	-1.000	3.615	0.151
1.100	-1.000	3.605	0.181
1.110	-1.000	3.600	0.195
1.120	-1.000	3.591	0.186
1.130	-1.000	3.581	0.171
1.140	-1.000	3.576	0.147
1.150	-1.000	3.561	0.132
1.160	-1.000	3.552	0.132
1.170	-1.000	3.542	0.132
1.180	-1.000	3.537	0.112
1.190	-1.000	3.527	0.098
1.200	-1.000	3.517	0.107
1.210	-1.000	3.512	0.147
1.220	-1.000	3.503	0.171
1.230	-1.000	3.498	0.186
1.240	-1.000	3.488	0.176
1.250	-1.000	3.478	0.161
1.260	-1.000	3.468	0.147
1.270	-1.000	3.459	0.147
1.280	-1.000	3.454	0.147
1.290	-1.000	3.444	0.147
1.300	-1.000	3.439	0.137
1.310	-1.000	3.429	0.117
1.320	-1.000	3.425	0.112
1.330	-1.000	3.410	0.147
1.340	-1.000	3.405	0.171
1.350	-1.000	3.405	0.191
1.360	-1.000	3.390	0.200
1.370	-1.000	3.381	0.195
1.380	-1.000	3.371	0.176
1.390	-1.000	3.361	0.176
1.400	-1.000	3.356	0.171
1.410	-1.000	3.346	0.161
1.420	-1.000	3.332	0.132
1.430	-1.000	3.322	0.127
1.440	-1.000	3.317	0.161
1.450	-1.000	3.307	0.225
1.460	-1.000	3.302	0.254
1.470	-1.000	3.298	0.249
1.480	-1.000	3.288	0.220
1.490	-1.000	3.278	0.200
1.500	-1.000	3.258	0.195
1.510	-1.000	3.249	0.191
1.520	-1.000	3.244	0.181
1.530	-1.000	3.234	0.181
1.540	-1.000	3.224	0.220
1.550	-1.000	3.214	0.234
1.560	-1.000	3.210	0.254
1.570	-1.000	3.200	0.234
1.580	-1.000	3.190	0.195
1.590	-1.000	3.175	0.181
1.600	-1.000	3.170	0.200
1.610	-1.000	3.161	0.186
1.620	-1.000	3.151	0.156
1.630	-1.000	3.146	0.147
1.640	-1.000	3.136	0.166
1.650	-1.000	3.127	0.191
1.660	-1.000	3.117	0.200
1.670	-1.000	3.107	0.191
1.680	-1.000	3.092	0.171
1.690	-1.000	3.083	0.151
1.700	-1.000	3.078	0.151
1.710	-1.000	3.068	0.151
1.720	-1.000	3.063	0.142
1.730	-1.000	3.058	0.117
1.740	-1.000	3.053	0.098
1.750	-1.000	3.043	0.093
1.760	-1.000	3.034	0.117
1.770	-1.000	3.029	0.137
1.780	-1.000	3.024	0.151
1.790	-1.000	3.009	0.171
1.800	-1.000	3.004	0.156
1.810	-1.000	2.995	0.137
1.820	-1.000	2.990	0.127
1.830	-1.000	2.980	0.122
1.840	-1.000	2.980	0.137
1.850	-1.000	2.970	0.137
1.860	-1.000	2.965	0.117
1.870	-1.000	2.956	0.093
1.880	-1.000	2.946	0.098
1.890	-1.000	2.941	0.127
1.900	-1.000	2.926	0.181
1.910	-1.000	2.916	0.210
1.920	-1.000	2.912	0.200
1.930	-1.000	2.902	0.181
1.940	-1.000	2.897	0.151
1.950	-1.000	2.892	0.151
1.960	-1.000	2.877	0.151
1.970	-1.000	2.872	0.147
1.980	-1.000	2.858	0.132
1.990	-1.000	2.853	0.117
2.000	-1.000	2.853	0.147
2.010	-1.000	2.848	0.176
2.020	-1.000	2.833	0.200
2.030	-1.000	2.824	0.225
2.040	-1.000	2.809	0.210
2.050	-1.000	2.799	0.191
2.060	-1.000	2.789	0.171
2.070	-1.000	2.780	0.171
2.080	-1.000	2.775	0.171
2.090	-1.000	2.765	0.151
2.100	-1.000	2.755	0.132
2.110	-1.000	2.745	0.142
2.120	-1.000	2.741	0.191
2.130	-1.000	2.736	0.205
2.140	-1.000	2.721	0.205
2.150	-1.000	2.711	0.186
2.160	-1.000	2.702	0.176
2.170	-1.000	2.697	0.171
2.180	-1.000	2.687	0.171
2.190	-1.000	2.682	0.171
2.200	-1.000	2.672	0.156
2.210	-1.000	2.667	0.132
2.220	-1.000	2.658	0.137
2.230	-1.000	2.653	0.166
2.240	-1.000	2.643	0.191
2.250	-1.000	2.638	0.215
2.260	-1.000	2.623	0.215
2.270	-1.000	2.618	0.200
2.280	-1.000	2.604	0.191
2.290	-1.000	2.594	0.191
2.300	-1.000	2.579	0.181
2.310	-1.000	2.574	0.156
2.320	-1.000	2.570	0.132
2.330	-1.000	2.565	0.147
2.340	-1.000	2.550	0.210
2.350	-1.000	2.550	0.249
2.360	-1.000	2.540	0.259
2.370	-1.000	2.526	0.239
2.380	-1.000	2.516	0.215
2.390	-1.000	2.506	0.210
2.400	-1.000	2.491	0.200
2.410	-1.000	2.482	0.191
2.420	-1.000	2.477	0.186
2.430	-1.000	2.462	0.210
2.440	-1.000	2.452	0.239
2.450	-1.000	2.447	0.259
2.460	-1.000	2.433	0.239
2.470	-1.000	2.423	0.210
2.480	-1.000	2.413	0.186
2.490	-1.000	2.408	0.200
2.500	-1.000	2.394	0.195
2.510	-1.000	2.379	0.171
2.520	-1.000	2.369	0.147
2.530	-1.000	2.369	0.171
2.540	-1.000	2.355	0.195
2.550	-1.000	2.345	0.210
2.560	-1.000	2.340	0.195
2.570	-1.000	2.340	0.181
2.580	-1.000	2.330	0.161
2.590	-1.000	2.316	0.151
2.600	-1.000	2.306	0.151
2.610	-1.000	2.296	0.137
2.620	-1.000	2.286	0.117
2.630	-1.000	2.277	0.098
2.640	-1.000	2.267	0.088
2.650	-1.000	2.267	0.117
2.660	-1.000	2.257	0.142
2.670	-1.000	2.252	0.166
2.680	-1.000	2.247	0.166
2.690	-1.000	2.233	0.161
2.700	-1.000	2.218	0.127
2.710	-1.000	2.213	0.122
2.720	-1.000	2.208	0.117
2.730	-1.000	2.203	0.132
2.740	-1.000	2.198	0.132
2.750	-1.000	2.189	0.107
2.760	-1.000	2.184	0.078
2.770	-1.000	2.174	0.083
2.780	-1.000	2.164	0.122
2.790	-1.000	2.159	0.161
2.800	-1.000	2.154	0.186
2.810	-1.000	2.145	0.191
2.820	-1.000	2.130	0.166
2.830	-1.000	2.125	0.142
2.840	-1.000	2.120	0.122
2.850	-1.000	2.115	0.127
2.860	-1.000	2.101	0.122
2.870	-1.000	2.096	0.117
2.880	-1.000	2.091	0.103
2.890	-1.000	2.081	0.098
2.900	-1.000	2.071	0.112
2.910	-1.000	2.066	0.151
2.920	-1.000	2.062	0.191
2.930	-1.000	2.052	0.205
2.940	-1.000	2.047	0.191
2.950	-1.000	2.037	0.166
2.960	-1.000	2.032	0.156
2.970	-1.000	2.027	0.147
2.980	-1.000	2.013	0.151
2.990	-1.000	2.008	0.147
3.000	-1.000	1.998	0.122
3.010	-1.000	1.988	0.107
3.020	-1.000	1.988	0.122
3.030	-1.000	1.974	0.161
3.040	-1.000	1.964	0.181
3.050	-1.000	1.954	0.181
3.060	-1.000	1.949	0.166
3.070	-1.000	1.939	0.151
3.080	-1.000	1.935	0.137
3.090	-1.000	1.925	0.137
3.100	-1.000	1.920	0.137
3.110	-1.000	1.910	0.137
3.120	-1.000	1.905	0.117
3.130	-1.000	1.895	0.098
3.140	-1.000	1.886	0.107
3.150	-1.000	1.881	0.132
3.160	-1.000	1.871	0.156
3.170	-1.000	1.861	0.186
3.180	-1.000	1.856	0.195
3.190	-1.000	1.847	0.191
3.200	-1.000	1.842	0.171
3.210	-1.000	1.832	0.166
3.220	-1.000	1.822	0.161
3.230	-1.000	1.817	0.151
3.240	-1.000	1.808	0.132
3.250	-1.000	1.803	0.117
3.260	-1.000	1.793	0.132
3.270	-1.000	1.783	0.195
3.280	-1.000	1.773	0.225
3.290	-1.000	1.754	0.239
3.300	-1.000	1.744	0.220
3.310	-1.000	1.744	0.195
3.320	-1.000	1.734	0.191
3.330	-1.000	1.724	0.181
3.340	-1.000	1.710	0.176
3.350	-1.000	1.705	0.171
3.360	-1.000	1.695	0.176
3.370	-1.000	1.685	0.225
3.380	-1.000	1.676	0.239
3.390	-1.000	1.666	0.244
3.400	-1.000	1.651	0.225
3.410	-1.000	1.637	0.191
3.420	-1.000	1.632	0.176
3.430	-1.000	1.627	0.191
3.440	-1.000	1.617	0.186
3.450	-1.000	1.612	0.161
3.460	-1.000	1.602	0.147
3.470	-1.000	1.593	0.171
3.480	-1.000	1.583	0.191
3.490	-1.000	1.573	0.205
3.500	-1.000	1.563	0.186
3.510	-1.000	1.553	0.171
3.520	-1.000	1.549	0.151
3.530	-1.000	1.534	0.151
3.540	-1.000	1.529	0.147
3.550	-1.000	1.514	0.137
3.560	-1.000	1.510	0.117
3.570	-1.000	1.505	0.093
3.580	-1.000	1.500	0.093
3.590	-1.000	1.495	0.117
3.600	-1.000	1.490	0.147
3.610	-1.000	1.480	0.161
3.620	-1.000	1.475	0.171
3.630	-1.000	1.466	0.161
3.640	-1.000	1.456	0.137
3.650	-1.000	1.451	0.127
3.660	-1.000	1.446	0.127
3.670	-1.000	1.436	0.142
3.680	-1.000	1.426	0.132
3.690	-1.000	1.417	0.107
3.700	-1.000	1.407	0.088
3.710	-1.000	1.407	0.103
3.720	-1.000	1.397	0.142
3.730	-1.000	1.392	0.176
3.740	-1.000	1.383	0.210
3.750	-1.000	1.373	0.200
3.760	-1.000	1.363	0.176
3.770	-1.000	1.348	0.151
3.780	-1.000	1.334	0.142
3.790	-1.000	1.334	0.147
3.800	-1.000	1.324	0.142
3.810	-1.000	1.319	0.122
3.820	-1.000	1.309	0.112
3.830	-1.000	1.309	0.132
3.840	-1.000	1.295	0.171
3.850	-1.000	1.290	0.210
3.860	-1.000	1.285	0.215
3.870	-1.000	1.270	0.205
3.880	-1.000	1.260	0.176
3.890	-1.000	1.251	0.151
3.900	-1.000	1.241	0.151
3.910	-1.000	1.231	0.151
3.920	-1.000	1.226	0.137
3.930	-1.000	1.216	0.122
3.940	-1.000	1.207	0.117
3.950	-1.000	1.197	0.151
3.960	-1.000	1.187	0.181
3.970	-1.000	1.177	0.191
3.980	-1.000	1.172	0.186
3.990	-1.000	1.168	0.176
4.000	-1.000	1.158	0.151
4.010	-1.000	1.148	0.142
4.020	-1.000	1.138	0.147
4.030	-1.000	1.128	0.142
4.040	-1.000	1.124	0.122
4.050	-1.000	1.119	0.107
4.060	-1.000	1.114	0.098
4.070	-1.000	1.104	0.122
4.080	-1.000	1.099	0.147
4.090	-1.000	1.085	0.156
4.100	-1.000	1.080	0.186
4.110	-1.000	1.065	0.186
4.120	-1.000	1.060	0.171
4.130	-1.000	1.055	0.156
4.140	-1.000	1.045	0.151
4.150	-1.000	1.036	0.151
4.160	-1.000	1.036	0.142
4.170	-1.000	1.026	0.122
4.180	-1.000	1.016	0.112
4.190	-1.000	1.011	0.137
4.200	-1.000	0.987	0.191
4.210	-1.000	0.977	0.225
4.220	-1.000	0.972	0.234
4.230	-1.000	0.962	0.215
4.240	-1.000	0.957	0.186
4.250	-1.000	0.943	0.176
4.260	-1.000	0.938	0.171
4.270	-1.000	0.923	0.166
4.280	-1.000	0.918	0.151
4.290	-1.000	0.914	0.161
4.300	-1.000	0.904	0.210
4.310	-1.000	0.894	0.225
4.320	-1.000	0.879	0.234
4.330	-1.000	0.865	0.215
4.340	-1.000	0.855	0.181
4.350	-1.000	0.845	0.156
4.360	-1.000	0.840	0.171
4.370	-1.000	0.830	0.171
4.380	-1.000	0.821	0.137
4.390	-1.000	0.816	0.117
4.400	-1.000	0.811	0.117
4.410	-1.000	0.801	0.137
4.420	-1.000	0.791	0.161
4.430	-1.000	0.782	0.171
4.440	-1.000	0.782	0.171
4.450	-1.000	0.777	0.151
4.460	-1.000	0.772	0.132
4.470	-1.000	0.762	0.117
4.480	-1.000	0.747	0.127
4.490	-1.000	0.743	0.122
4.500	-1.000	0.738	0.112
4.510	-1.000	0.733	0.088
4.520	-1.000	0.728	0.068
4.530	-1.000	0.718	0.064
4.540	-1.000	0.713	0.083
4.550	-1.000	0.699	0.122
4.560	-1.000	0.689	0.132
4.570	-1.000	0.689	0.151
4.580	-1.000	0.674	0.147
4.590	-1.000	0.669	0.132
4.600	-1.000	0.664	0.107
4.610	-1.000	0.650	0.098
4.620	-1.000	0.645	0.098
4.630	-1.000	0.645	0.117
4.640	-1.000	0.640	0.107
4.650	-1.000	0.630	0.093
4.660	-1.000	0.625	0.064
4.670	-1.000	0.616	0.059
4.680	-1.000	0.611	0.078
4.690	-1.000	0.611	0.132
4.700	-1.000	0.601	0.161
4.710	-1.000	0.591	0.186
4.720	-1.000	0.581	0.176
4.730	-1.000	0.581	0.147
4.740	-1.000	0.572	0.127
4.750	-1.000	0.567	0.112
4.760	-1.000	0.552	0.117
4.770	-1.000	0.542	0.117
4.780	-1.000	0.532	0.103
4.790	-1.000	0.523	0.083
4.800	-1.000	0.518	0.083
4.810	-1.000	0.508	0.107
4.820	-1.000	0.508	0.137
4.830	-1.000	0.503	0.171
4.840	-1.000	0.493	0.191
4.850	-1.000	0.489	0.191
4.860	-1.000	0.474	0.166
4.870	-1.000	0.459	0.137
4.880	-1.000	0.454	0.132
4.890	-1.000	0.445	0.132
4.900	-1.000	0.435	0.132
4.910	-1.000	0.435	0.117
4.920	-1.000	0.425	0.098
4.930	-1.000	0.425	0.093
4.940	-1.000	0.415	0.117
4.950	-1.000	0.410	0.156
4.960	-1.000	0.405	0.171
4.970	-1.000	0.396	0.176
4.980	-1.000	0.386	0.161
4.990	-1.000	0.376	0.151
5.000	-1.000	0.371	0.137
5.010	-1.000	0.357	0.137
5.020	-1.000	0.347	0.137
5.030	-1.000	0.342	0.137
5.040	-1.000	0.332	0.107
5.050	-1.000	0.332	0.093
5.060	-1.000	0.327	0.098
5.070	-1.000	0.318	0.122
5.080	-1.000	0.313	0.151
5.090	-1.000	0.303	0.176
5.100	-1.000	0.298	0.191
5.110	-1.000	0.288	0.186
5.120	-1.000	0.283	0.171
5.130	-1.000	0.278	0.161
5.140	-1.000	0.269	0.161
5.150	-1.000	0.254	0.161
5.160	-1.000	0.244	0.137
5.170	-1.000	0.239	0.122
5.180	-1.000	0.234	0.132
5.190	-1.000	0.220	0.200
5.200	-1.000	0.215	0.239
5.210	-1.000	0.200	0.254
5.220	-1.000	0.191	0.239
5.230	-1.000	0.181	0.215
5.240	-1.000	0.171	0.200
5.250	-1.000	0.151	0.195
5.260	-1.000	0.147	0.191
5.270	-1.000	0.142	0.181
5.280	-1.000	0.137	0.191
5.290	-1.000	0.122	0.239
5.300	-1.000	0.112	0.249
5.310	-1.000	0.103	0.249
5.320	-1.000	0.088	0.225
5.330	-1.000	0.078	0.191
5.340	-1.000	0.064	0.195
5.350	-1.000	0.059	0.195
5.360	-1.000	0.044	0.186
5.370	-1.000	0.039	0.151
5.380	-1.000	0.034	0.156
5.390	-1.000	0.024	0.186
5.400	-1.000	0.020	0.205
5.410	-1.000	0.010	0.200
5.420	-1.000	-0.005	0.186
5.430	-1.000	-0.015	0.161
5.440	-1.000	-0.024	0.151
5.450	-1.000	-0.034	0.151
5.460	-1.000	-0.044	0.151
5.470	-1.000	-0.054	0.132
5.480	-1.000	-0.059	0.112
5.490	-1.000	-0.059	0.103
5.500	-1.000	-0.073	0.117
5.510	-1.000	-0.078	0.147
5.520	-1.000	-0.083	0.151
5.530	-1.000	-0.098	0.176
5.540	-1.000	-0.103	0.166
5.550	-1.000	-0.112	0.147
5.560	-1.000	-0.122	0.132
5.570	-1.000	-0.127	0.127
5.580	-1.000	-0.132	0.142
5.590	-1.000	-0.137	0.142
5.600	-1.000	-0.142	0.122
5.610	-1.000	-0.151	0.088
5.620	-1.000	-0.161	0.098
5.630	-1.000	-0.161	0.137
5.640	-1.000	-0.176	0.181
5.650	-1.000	-0.186	0.215
5.660	-1.000	-0.191	0.210
5.670	-1.000	-0.205	0.186
5.680	-1.000	-0.210	0.161
5.690	-1.000	-0.215	0.151
5.700	-1.000	-0.225	0.151
5.710	-1.000	-0.234	0.147
5.720	-1.000	-0.244	0.122
5.730	-1.000	-0.249	0.122
5.740	-1.000	-0.259	0.137
5.750	-1.000	-0.269	0.191
5.760	-1.000	-0.278	0.215
5.770	-1.000	-0.288	0.225
5.780	-1.000	-0.293	0.205
5.790	-1.000	-0.308	0.186
5.800	-1.000	-0.318	0.166
5.810	-1.000	-0.322	0.166
5.820	-1.000	-0.332	0.161
5.830	-1.000	-0.342	0.147
5.840	-1.000	-0.342	0.127
5.850	-1.000	-0.352	0.142
5.860	-1.000	-0.357	0.176
5.870	-1.000	-0.362	0.200
5.880	-1.000	-0.371	0.210
5.890	-1.000	-0.381	0.195
5.900	-1.000	-0.386	0.186
5.910	-1.000	-0.391	0.171
5.920	-1.000	-0.405	0.166
5.930	-1.000	-0.415	0.171
5.940	-1.000	-0.425	0.151
5.950	-1.000	-0.425	0.127
5.960	-1.000	-0.430	0.132
5.970	-1.000	-0.440	0.166
5.980	-1.000	-0.449	0.186
5.990	-1.000	-0.464	0.210
6.000	-1.000	-0.474	0.215
6.010	-1.000	-0.489	0.195
6.020	-1.000	-0.498	0.186
6.030	-1.000	-0.503	0.186
6.040	-1.000	-0.518	0.181
6.050	-1.000	-0.528	0.161
6.060	-1.000	-0.537	0.137
6.070	-1.000	-0.547	0.151
6.080	-1.000	-0.552	0.215
6.090	-1.000	-0.562	0.244
6.100	-1.000	-0.576	0.259
6.110	-1.000	-0.591	0.244
6.120	-1.000	-0.601	0.215
6.130	-1.000	-0.611	0.200
6.140	-1.000	-0.620	0.195
6.150	-1.000	-0.630	0.186
6.160	-1.000	-0.640	0.176
6.170	-1.000	-0.645	0.205
6.180	-1.000	-0.655	0.244
6.190	-1.000	-0.669	0.259
6.200	-1.000	-0.684	0.239
6.210	-1.000	-0.694	0.215
6.220	-1.000	-0.699	0.186
6.230	-1.000	-0.703	0.195
6.240	-1.000	-0.718	0.186
6.250	-1.000	-0.723	0.166
6.260	-1.000	-0.733	0.151
6.270	-1.000	-0.743	0.161
6.280	-1.000	-0.747	0.191
6.290	-1.000	-0.757	0.210
6.300	-1.000	-0.777	0.191
6.310	-1.000	-0.782	0.181
6.320	-1.000	-0.791	0.161
6.330	-1.000	-0.801	0.147
6.340	-1.000	-0.806	0.147
6.350	-1.000	-0.816	0.137
6.360	-1.000	-0.821	0.117
6.370	-1.000	-0.830	0.103
6.380	-1.000	-0.840	0.093
6.390	-1.000	-0.850	0.107
6.400	-1.000	-0.855	0.147
6.410	-1.000	-0.860	0.151
6.420	-1.000	-0.865	0.171
6.430	-1.000	-0.874	0.156
6.440	-1.000	-0.884	0.137
6.450	-1.000	-0.889	0.117
6.460	-1.000	-0.894	0.117
6.470	-1.000	-0.904	0.117
6.480	-1.000	-0.904	0.117
6.490	-1.000	-0.909	0.093
6.500	-1.000	-0.918	0.073
6.510	-1.000	-0.923	0.059
6.520	-1.000	-0.933	0.073
6.530	-1.000	-0.938	0.112
6.540	-1.000	-0.938	0.132
6.550	-1.000	-0.943	0.151
6.560	-1.000	-0.957	0.151
6.570	-1.000	-0.972	0.142
6.580	-1.000	-0.982	0.122
6.590	-1.000	-0.987	0.103
6.600	-1.000	-0.997	0.098
6.610	-1.000	-0.997	0.103
6.620	-1.000	-1.001	0.112
6.630	-1.000	-1.011	0.103
6.640	-1.000	-1.016	0.093
6.650	-1.000	-1.021	0.098
6.660	-1.000	-1.031	0.117
6.670	-1.000	-1.041	0.171
6.680	-1.000	-1.045	0.195
6.690	-1.000	-1.055	0.215
6.700	-1.000	-1.065	0.200
6.710	-1.000	-1.080	0.171
6.720	-1.000	-1.085	0.147
6.730	-1.000	-1.089	0.151
6.740	-1.000	-1.099	0.147
6.750	-1.000	-1.099	0.132
6.760	-1.000	-1.114	0.117
6.770	-1.000	-1.124	0.098
6.780	-1.000	-1.128	0.117
6.790	-1.000	-1.138	0.156
6.800	-1.000	-1.143	0.176
6.810	-1.000	-1.153	0.186
6.820	-1.000	-1.158	0.171
6.830	-1.000	-1.168	0.161
6.840	-1.000	-1.177	0.151
6.850	-1.000	-1.187	0.151
6.860	-1.000	-1.202	0.151
6.870	-1.000	-1.207	0.137
6.880	-1.000	-1.212	0.122
6.890	-1.000	-1.216	0.112
6.900	-1.000	-1.221	0.122
6.910	-1.000	-1.231	0.161
6.920	-1.000	-1.236	0.191
6.930	-1.000	-1.246	0.210
6.940	-1.000	-1.251	0.210
6.950	-1.000	-1.265	0.191
6.960	-1.000	-1.285	0.186
6.970	-1.000	-1.295	0.186
6.980	-1.000	-1.299	0.181
6.990	-1.000	-1.309	0.151
7.000	-1.000	-1.309	0.142
7.010	-1.000	-1.329	0.166
7.020	-1.000	-1.334	0.230
7.030	-1.000	-1.343	0.264
7.040	-1.000	-1.353	0.259
7.050	-1.000	-1.358	0.239
7.060	-1.000	-1.368	0.215
7.070	-1.000	-1.383	0.200
7.080	-1.000	-1.397	0.205
7.090	-1.000	-1.407	0.191
7.100	-1.000	-1.412	0.200
7.110	-1.000	-1.422	0.239
7.120	-1.000	-1.431	0.259
7.130	-1.000	-1.446	0.254
7.140	-1.000	-1.451	0.234
7.150	-1.000	-1.466	0.195
7.160	-1.000	-1.475	0.191
7.170	-1.000	-1.485	0.195
7.180	-1.000	-1.490	0.181
7.190	-1.000	-1.500	0.151
7.200	-1.000	-1.505	0.151
7.210	-1.000	-1.514	0.171
7.220	-1.000	-1.524	0.195
7.230	-1.000	-1.534	0.195
7.240	-1.000	-1.539	0.186
7.250	-1.000	-1.544	0.166
7.260	-1.000	-1.558	0.142
7.270	-1.000	-1.563	0.137
7.280	-1.000	-1.568	0.137
7.290	-1.000	-1.578	0.132
7.300	-1.000	-1.583	0.098
7.310	-1.000	-1.593	0.083
7.320	-1.000	-1.597	0.078
7.330	-1.000	-1.602	0.093
7.340	-1.000	-1.607	0.132
7.350	-1.000	-1.617	0.147
7.360	-1.000	-1.627	0.161
7.370	-1.000	-1.632	0.151
7.380	-1.000	-1.637	0.132
7.390	-1.000	-1.646	0.117
7.400	-1.000	-1.656	0.112
7.410	-1.000	-1.661	0.117
7.420	-1.000	-1.666	0.122
7.430	-1.000	-1.676	0.112
7.440	-1.000	-1.681	0.093
7.450	-1.000	-1.690	0.078
7.460	-1.000	-1.700	0.093
7.470	-1.000	-1.700	0.137
7.480	-1.000	-1.710	0.171
7.490	-1.000	-1.720	0.200
7.500	-1.000	-1.720	0.195
7.510	-1.000	-1.729	0.176
7.520	-1.000	-1.739	0.151
7.530	-1.000	-1.754	0.142
7.540	-1.000	-1.759	0.137
7.550	-1.000	-1.773	0.132
7.560	-1.000	-1.778	0.112
7.570	-1.000	-1.778	0.098
7.580	-1.000	-1.788	0.107
7.590	-1.000	-1.793	0.151
7.600	-1.000	-1.798	0.186
7.610	-1.000	-1.803	0.210
7.620	-1.000	-1.827	0.200
7.630	-1.000	-1.832	0.181
7.640	-1.000	-1.837	0.156
7.650	-1.000	-1.842	0.147
7.660	-1.000	-1.851	0.147
7.670	-1.000	-1.856	0.142
7.680	-1.000	-1.871	0.112
7.690	-1.000	-1.876	0.103
7.700	-1.000	-1.881	0.107
7.710	-1.000	-1.895	0.147
7.720	-1.000	-1.900	0.161
7.730	-1.000	-1.905	0.181
7.740	-1.000	-1.915	0.156
7.750	-1.000	-1.920	0.151
7.760	-1.000	-1.925	0.132
7.770	-1.000	-1.930	0.112
7.780	-1.000	-1.939	0.112
7.790	-1.000	-1.939	0.117
7.800	-1.000	-1.949	0.107
7.810	-1.000	-1.959	0.093
7.820	-1.000	-1.969	0.073
7.830	-1.000	-1.974	0.073
7.840	-1.000	-1.979	0.103
7.850	-1.000	-1.988	0.132
7.860	-1.000	-1.993	0.151
7.870	-1.000	-2.008	0.166
7.880	-1.000	-2.027	0.171
7.890	-1.000	-2.032	0.151
7.900	-1.000	-2.032	0.147
7.910	-1.000	-2.037	0.147
7.920	-1.000	-2.042	0.147
7.930	-1.000	-2.047	0.137
7.940	-1.000	-2.047	0.122
7.950	-1.000	-2.047	0.103
7.960	-1.000	-2.052	0.112
7.970	-1.000	-2.066	0.176
7.980	-1.000	-2.086	0.225
7.990	-1.000	-2.101	0.234
8.000	-1.000	-2.106	0.230
8.010	-1.000	-2.110	0.205
8.020	-1.000	-2.115	0.181
8.030	-1.000	-2.125	0.181
8.040	-1.000	-2.145	0.171
8.050	-1.000	-2.149	0.161
8.060	-1.000	-2.154	0.156
8.070	-1.000	-2.164	0.186
8.080	-1.000	-2.169	0.225
8.090	-1.000	-2.179	0.239
8.100	-1.000	-2.193	0.234
8.110	-1.000	-2.208	0.210
8.120	-1.000	-2.213	0.166
8.130	-1.000	-2.218	0.176
8.140	-1.000	-2.223	0.176
8.150	-1.000	-2.233	0.156
8.160	-1.000	-2.233	0.132
8.170	-1.000	-2.247	0.127
8.180	-1.000	-2.262	0.151
8.190	-1.000	-2.267	0.176
8.200	-1.000	-2.281	0.186
8.210	-1.000	-2.296	0.166
8.220	-1.000	-2.306	0.147
8.230	-1.000	-2.306	0.132
8.240	-1.000	-2.311	0.117
8.250	-1.000	-2.320	0.117
8.260	-1.000	-2.325	0.122
8.270	-1.000	-2.325	0.112
8.280	-1.000	-2.335	0.078
8.290	-1.000	-2.340	0.068
8.300	-1.000	-2.340	0.068
8.310	-1.000	-2.345	0.093
8.320	-1.000	-2.355	0.122
8.330	-1.000	-2.364	0.132
8.340	-1.000	-2.374	0.151
8.350	-1.000	-2.384	0.137
8.360	-1.000	-2.389	0.122
8.370	-1.000	-2.394	0.107
8.380	-1.000	-2.399	0.093
8.390	-1.000	-2.408	0.103
8.400	-1.000	-2.413	0.112
8.410	-1.000	-2.413	0.107
8.420	-1.000	-2.418	0.093
8.430	-1.000	-2.423	0.064
8.440	-1.000	-2.428	0.054
8.450	-1.000	-2.433	0.073
8.460	-1.000	-2.443	0.122
8.470	-1.000	-2.457	0.156
8.480	-1.000	-2.462	0.176
8.490	-1.000	-2.467	0.166
8.500	-1.000	-2.467	0.147
8.510	-1.000	-2.482	0.122
8.520	-1.000	-2.491	0.112
8.530	-1.000	-2.496	0.117
8.540	-1.000	-2.501	0.117
8.550	-1.000	-2.516	0.103
8.560	-1.000	-2.516	0.088
8.570	-1.000	-2.521	0.083
8.580	-1.000	-2.526	0.083
8.590	-1.000	-2.535	0.122
8.600	-1.000	-2.545	0.161
8.610	-1.000	-2.555	0.171
8.620	-1.000	-2.570	0.176
8.630	-1.000	-2.574	0.161
8.640	-1.000	-2.579	0.137
8.650	-1.000	-2.584	0.117
8.660	-1.000	-2.589	0.117
8.670	-1.000	-2.594	0.122
8.680	-1.000	-2.604	0.107
8.690	-1.000	-2.609	0.093
8.700	-1.000	-2.609	0.078
8.710	-1.000	-2.618	0.078
8.720	-1.000	-2.628	0.112
8.730	-1.000	-2.633	0.147
8.740	-1.000	-2.638	0.161
8.750	-1.000	-2.643	0.161
8.760	-1.000	-2.648	0.151
8.770	-1.000	-2.653	0.132
8.780	-1.000	-2.662	0.117
8.790	-1.000	-2.672	0.112
8.800	-1.000	-2.687	0.112
8.810	-1.000	-2.692	0.117
8.820	-1.000	-2.697	0.098
8.830	-1.000	-2.711	0.073
8.840	-1.000	-2.711	0.064
8.850	-1.000	-2.716	0.068
8.860	-1.000	-2.716	0.103
8.870	-1.000	-2.726	0.122
8.880	-1.000	-2.731	0.147
8.890	-1.000	-2.736	0.161
8.900	-1.000	-2.741	0.161
8.910	-1.000	-2.750	0.151
8.920	-1.000	-2.755	0.142
8.930	-1.000	-2.760	0.132
8.940	-1.000	-2.770	0.142
8.950	-1.000	-2.775	0.137
8.960	-1.000	-2.789	0.107
8.970	-1.000	-2.794	0.093
8.980	-1.000	-2.794	0.103
8.990	-1.000	-2.809	0.142
9.000	-1.000	-2.819	0.195
9.010	-1.000	-2.829	0.230
9.020	-1.000	-2.833	0.234
9.030	-1.000	-2.838	0.210
9.040	-1.000	-2.853	0.186
9.050	-1.000	-2.863	0.176
9.060	-1.000	-2.872	0.176
9.070	-1.000	-2.882	0.166
9.080	-1.000	-2.892	0.151
9.090	-1.000	-2.897	0.171
9.100	-1.000	-2.902	0.215
9.110	-1.000	-2.907	0.230
9.120	-1.000	-2.916	0.234
9.130	-1.000	-2.926	0.205
9.140	-1.000	-2.931	0.181
9.150	-1.000	-2.951	0.171
9.160	-1.000	-2.956	0.176
9.170	-1.000	-2.970	0.171
9.180	-1.000	-2.975	0.151
9.190	-1.000	-2.985	0.117
9.200	-1.000	-2.990	0.132
9.210	-1.000	-3.000	0.171
9.220	-1.000	-3.004	0.176
9.230	-1.000	-3.009	0.186
9.240	-1.000	-3.024	0.166
9.250	-1.000	-3.024	0.147
9.260	-1.000	-3.029	0.122
9.270	-1.000	-3.034	0.122
9.280	-1.000	-3.043	0.122
9.290	-1.000	-3.053	0.117
9.300	-1.000	-3.058	0.093
9.310	-1.000	-3.063	0.073
9.320	-1.000	-3.073	0.068
9.330	-1.000	-3.078	0.078
9.340	-1.000	-3.083	0.107
9.350	-1.000	-3.087	0.127
9.360	-1.000	-3.087	0.151
9.370	-1.000	-3.092	0.151
9.380	-1.000	-3.107	0.132
9.390	-1.000	-3.117	0.112
9.400	-1.000	-3.127	0.098
9.410	-1.000	-3.131	0.098
9.420	-1.000	-3.141	0.117
9.430	-1.000	-3.141	0.117
9.440	-1.000	-3.146	0.107
9.450	-1.000	-3.146	0.073
9.460	-1.000	-3.151	0.059
9.470	-1.000	-3.156	0.088
9.480	-1.000	-3.161	0.132
9.490	-1.000	-3.170	0.161
9.500	-1.000	-3.195	0.181
9.510	-1.000	-3.205	0.176
9.520	-1.000	-3.210	0.161
9.530	-1.000	-3.210	0.132
9.540	-1.000	-3.214	0.117
9.550	-1.000	-3.219	0.117
9.560	-1.000	-3.234	0.112
9.570	-1.000	-3.244	0.107
9.580	-1.000	-3.249	0.083
9.590	-1.000	-3.254	0.073
9.600	-1.000	-3.263	0.098
9.610	-1.000	-3.263	0.132
9.620	-1.000	-3.273	0.161
9.630	-1.000	-3.278	0.181
9.640	-1.000	-3.288	0.186
9.650	-1.000	-3.293	0.166
9.660	-1.000	-3.302	0.142
9.670	-1.000	-3.317	0.122
9.680	-1.000	-3.322	0.127
9.690	-1.000	-3.327	0.127
9.700	-1.000	-3.337	0.107
9.710	-1.000	-3.337	0.093
9.720	-1.000	-3.341	0.083
9.730	-1.000	-3.351	0.093
9.740	-1.000	-3.356	0.127
9.750	-1.000	-3.366	0.161
9.760	-1.000	-3.371	0.171
9.770	-1.000	-3.376	0.171
9.780	-1.000	-3.385	0.151
9.790	-1.000	-3.395	0.132
9.800	-1.000	-3.400	0.122
9.810	-1.000	-3.405	0.117
9.820	-1.000	-3.405	0.127
9.830	-1.000	-3.410	0.112
9.840	-1.000	-3.415	0.098
9.850	-1.000	-3.429	0.073
9.860	-1.000	-3.434	0.078
9.870	-1.000	-3.439	0.093
9.880	-1.000	-3.444	0.132
9.890	-1.000	-3.464	0.147
9.900	-1.000	-3.473	0.166
9.910	-1.000	-3.478	0.161
9.920	-1.000	-3.483	0.151
9.930	-1.000	-3.493	0.137
9.940	-1.000	-3.493	0.137
9.950	-1.000	-3.503	0.137
9.960	-1.000	-3.512	0.132
9.970	-1.000	-3.512	0.117
9.980	-1.000	-3.517	0.098
9.990	-1.000	-3.527	0.103
10.000	-1.000	-3.537	0.151
10.010	-1.000	-3.547	0.186
10.020	-1.000	-3.556	0.225
10.030	-1.000	-3.571	0.230
10.040	-1.000	-3.576	0.210
10.050	-1.000	-3.581	0.186
10.060	-1.000	-3.591	0.176
10.070	-1.000	-3.596	0.171
10.080	-1.000	-3.600	0.171
10.090	-1.000	-3.605	0.151
10.100	-1.000	-3.610	0.166
10.110	-1.000	-3.625	0.215
10.120	-1.000	-3.635	0.225
10.130	-1.000	-3.639	0.234
10.140	-1.000	-3.654	0.215
10.150	-1.000	-3.664	0.176
10.160	-1.000	-3.674	0.156
10.170	-1.000	-3.683	0.171
10.180	-1.000	-3.698	0.166
10.190	-1.000	-3.708	0.142
10.200	-1.000	-3.708	0.117
10.210	-1.000	-3.718	0.132
10.220	-1.000	-3.723	0.166
10.230	-1.000	-3.727	0.171
10.240	-1.000	-3.737	0.181
10.250	-1.000	-3.737	0.171
10.260	-1.000	-3.737	0.151
10.270	-1.000	-3.747	0.132
10.280	-1.000	-3.757	0.122
10.290	-1.000	-3.766	0.132
10.300	-1.000	-3.776	0.122
10.310	-1.000	-3.781	0.098
10.320	-1.000	-3.791	0.078
10.330	-1.000	-3.796	0.068
10.340	-1.000	-3.796	0.073
10.350	-1.000	-3.801	0.117
10.360	-1.000	-3.806	0.132
10.370	-1.000	-3.820	0.151
10.380	-1.000	-3.840	0.156
10.390	-1.000	-3.845	0.142
10.400	-1.000	-3.850	0.117
10.410	-1.000	-3.854	0.107
10.420	-1.000	-3.859	0.117
10.430	-1.000	-3.864	0.127
10.440	-1.000	-3.874	0.127
10.450	-1.000	-3.879	0.098
10.460	-1.000	-3.889	0.073
10.470	-1.000	-3.898	0.073
10.480	-1.000	-3.903	0.093
10.490	-1.000	-3.908	0.151
10.500	-1.000	-3.913	0.186
10.510	-1.000	-3.923	0.200
10.520	-1.000	-3.928	0.176
10.530	-1.000	-3.928	0.147
10.540	-1.000	-3.942	0.132
10.550	-1.000	-3.952	0.132
10.560	-1.000	-3.962	0.127
10.570	-1.000	-3.962	0.122
10.580	-1.000	-3.967	0.098
10.590	-1.000	-3.972	0.098
10.600	-1.000	-3.977	0.122
10.610	-1.000	-3.981	0.151
10.620	-1.000	-3.986	0.186
10.630	-1.000	-3.991	0.205
10.640	-1.000	-4.001	0.205
10.650	-1.000	-4.021	0.186
10.660	-1.000	-4.030	0.161
10.670	-1.000	-4.045	0.151
10.680	-1.000	-4.050	0.156
10.690	-1.000	-4.055	0.151
10.700	-1.000	-4.060	0.127
10.710	-1.000	-4.064	0.112
10.720	-1.000	-4.069	0.127
10.730	-1.000	-4.084	0.176
10.740	-1.000	-4.089	0.191
10.750	-1.000	-4.094	0.195
10.760	-1.000	-4.099	0.176
10.770	-1.000	-4.104	0.156
10.780	-1.000	-4.108	0.151
10.790	-1.000	-4.123	0.142
10.800	-1.000	-4.133	0.151
10.810	-1.000	-4.138	0.137
10.820	-1.000	-4.148	0.122
10.830	-1.000	-4.152	0.103
10.840	-1.000	-4.157	0.117
10.850	-1.000	-4.162	0.151
10.860	-1.000	-4.172	0.176
10.870	-1.000	-4.182	0.195
10.880	-1.000	-4.201	0.200
10.890	-1.000	-4.206	0.191
10.900	-1.000	-4.211	0.176
10.910	-1.000	-4.216	0.176
10.920	-1.000	-4.231	0.176
10.930	-1.000	-4.235	0.161
10.940	-1.000	-4.240	0.142
