0.010	1.000	-6.737	-0.322
0.020	1.000	-6.732	-0.362
0.030	1.000	-6.717	-0.396
0.040	1.000	-6.707	-0.401
0.050	1.000	-6.702	-0.401
0.060	1.000	-6.693	-0.405
0.070	1.000	-6.693	-0.425
0.080	1.000	-6.688	-0.430
0.090	1.000	-6.673	-0.430
0.100	1.000	-6.659	-0.391
0.110	1.000	-6.649	-0.371
0.120	1.000	-6.639	-0.366
0.130	1.000	-6.629	-0.410
0.140	1.000	-6.619	-0.445
0.150	1.000	-6.605	-0.445
0.160	1.000	-6.600	-0.430
0.170	1.000	-6.600	-0.425
0.180	1.000	-6.585	-0.425
0.190	1.000	-6.571	-0.415
0.200	1.000	-6.556	-0.396
0.210	1.000	-6.546	-0.366
0.220	1.000	-6.536	-0.332
0.230	1.000	-6.532	-0.327
0.240	1.000	-6.522	-0.366
0.250	1.000	-6.517	-0.391
0.260	1.000	-6.512	-0.391
0.270	1.000	-6.507	-0.366
0.280	1.000	-6.507	-0.347
0.290	1.000	-6.502	-0.362
0.300	1.000	-6.492	-0.376
0.310	1.000	-6.483	-0.381
0.320	1.000	-6.468	-0.381
0.330	1.000	-6.448	-0.366
0.340	1.000	-6.444	-0.332
0.350	1.000	-6.444	-0.303
0.360	1.000	-6.444	-0.322
0.370	1.000	-6.439	-0.362
0.380	1.000	-6.429	-0.391
0.390	1.000	-6.424	-0.381
0.400	1.000	-6.414	-0.381
0.410	1.000	-6.409	-0.391
0.420	1.000	-6.400	-0.405
0.430	1.000	-6.385	-0.420
0.440	1.000	-6.375	-0.415
0.450	1.000	-6.370	-0.386
0.460	1.000	-6.361	-0.357
0.470	1.000	-6.346	-0.318
0.480	1.000	-6.341	-0.347
0.490	1.000	-6.336	-0.396
0.500	1.000	-6.331	-0.415
0.510	1.000	-6.326	-0.425
0.520	1.000	-6.317	-0.430
0.530	1.000	-6.312	-0.435
0.540	1.000	-6.302	-0.445
0.550	1.000	-6.292	-0.435
0.560	1.000	-6.287	-0.405
0.570	1.000	-6.282	-0.381
0.580	1.000	-6.273	-0.371
0.590	1.000	-6.263	-0.415
0.600	1.000	-6.248	-0.440
0.610	1.000	-6.238	-0.435
0.620	1.000	-6.229	-0.425
0.630	1.000	-6.219	-0.425
0.640	1.000	-6.209	-0.425
0.650	1.000	-6.194	-0.420
0.660	1.000	-6.190	-0.396
0.670	1.000	-6.190	-0.366
0.680	1.000	-6.175	-0.332
0.690	1.000	-6.170	-0.313
0.700	1.000	-6.165	-0.337
0.710	1.000	-6.160	-0.371
0.720	1.000	-6.155	-0.376
0.730	1.000	-6.150	-0.366
0.740	1.000	-6.146	-0.352
0.750	1.000	-6.141	-0.347
0.760	1.000	-6.131	-0.357
0.770	1.000	-6.116	-0.362
0.780	1.000	-6.111	-0.357
0.790	1.000	-6.102	-0.347
0.800	1.000	-6.097	-0.322
0.810	1.000	-6.087	-0.278
0.820	1.000	-6.082	-0.249
0.830	1.000	-6.077	-0.249
0.840	1.000	-6.072	-0.269
0.850	1.000	-6.063	-0.322
0.860	1.000	-6.063	-0.337
0.870	1.000	-6.058	-0.337
0.880	1.000	-6.048	-0.337
0.890	1.000	-6.043	-0.337
0.900	1.000	-6.033	-0.352
0.910	1.000	-6.033	-0.362
0.920	1.000	-6.019	-0.376
0.930	1.000	-6.014	-0.371
0.940	1.000	-6.014	-0.352
0.950	1.000	-6.004	-0.313
0.960	1.000	-5.999	-0.259
0.970	1.000	-5.994	-0.234
0.980	1.000	-5.984	-0.239
0.990	1.000	-5.984	-0.259
1.000	1.000	-5.984	-0.318
1.010	1.000	-5.975	-0.347
1.020	1.000	-5.970	-0.357
1.030	1.000	-5.960	-0.357
1.040	1.000	-5.955	-0.357
1.050	1.000	-5.950	-0.366
1.060	1.000	-5.940	-0.386
1.070	1.000	-5.926	-0.396
1.080	1.000	-5.921	-0.391
1.090	1.000	-5.916	-0.371
1.100	1.000	-5.906	-0.337
1.110	1.000	-5.896	-0.322
1.120	1.000	-5.887	-0.347
1.130	1.000	-5.872	-0.405
1.140	1.000	-5.867	-0.425
1.150	1.000	-5.862	-0.420
1.160	1.000	-5.852	-0.410
1.170	1.000	-5.843	-0.410
1.180	1.000	-5.838	-0.405
1.190	1.000	-5.828	-0.401
1.200	1.000	-5.818	-0.386
1.210	1.000	-5.818	-0.352
1.220	1.000	-5.813	-0.298
1.230	1.000	-5.809	-0.288
1.240	1.000	-5.804	-0.318
1.250	1.000	-5.799	-0.347
1.260	1.000	-5.794	-0.366
1.270	1.000	-5.784	-0.352
1.280	1.000	-5.774	-0.332
1.290	1.000	-5.760	-0.327
1.300	1.000	-5.750	-0.332
1.310	1.000	-5.745	-0.347
1.320	1.000	-5.735	-0.362
1.330	1.000	-5.730	-0.366
1.340	1.000	-5.721	-0.357
1.350	1.000	-5.711	-0.327
1.360	1.000	-5.711	-0.303
1.370	1.000	-5.706	-0.298
1.380	1.000	-5.706	-0.327
1.390	1.000	-5.701	-0.381
1.400	1.000	-5.696	-0.391
1.410	1.000	-5.691	-0.381
1.420	1.000	-5.686	-0.386
1.430	1.000	-5.677	-0.396
1.440	1.000	-5.667	-0.415
1.450	1.000	-5.662	-0.415
1.460	1.000	-5.657	-0.410
1.470	1.000	-5.647	-0.376
1.480	1.000	-5.638	-0.337
1.490	1.000	-5.623	-0.327
1.500	1.000	-5.618	-0.362
1.510	1.000	-5.608	-0.405
1.520	1.000	-5.594	-0.420
1.530	1.000	-5.589	-0.415
1.540	1.000	-5.579	-0.420
1.550	1.000	-5.569	-0.445
1.560	1.000	-5.559	-0.440
1.570	1.000	-5.550	-0.425
1.580	1.000	-5.545	-0.396
1.590	1.000	-5.535	-0.376
1.600	1.000	-5.530	-0.391
1.610	1.000	-5.525	-0.435
1.620	1.000	-5.515	-0.435
1.630	1.000	-5.506	-0.430
1.640	1.000	-5.486	-0.415
1.650	1.000	-5.471	-0.425
1.660	1.000	-5.467	-0.410
1.670	1.000	-5.457	-0.405
1.680	1.000	-5.452	-0.381
1.690	1.000	-5.442	-0.342
1.700	1.000	-5.437	-0.318
1.710	1.000	-5.437	-0.308
1.720	1.000	-5.437	-0.342
1.730	1.000	-5.432	-0.371
1.740	1.000	-5.427	-0.376
1.750	1.000	-5.418	-0.357
1.760	1.000	-5.408	-0.352
1.770	1.000	-5.403	-0.352
1.780	1.000	-5.393	-0.357
1.790	1.000	-5.383	-0.366
1.800	1.000	-5.374	-0.362
1.810	1.000	-5.364	-0.347
1.820	1.000	-5.359	-0.318
1.830	1.000	-5.349	-0.278
1.840	1.000	-5.344	-0.254
1.850	1.000	-5.335	-0.259
1.860	1.000	-5.330	-0.288
1.870	1.000	-5.325	-0.327
1.880	1.000	-5.320	-0.347
1.890	1.000	-5.315	-0.342
1.900	1.000	-5.310	-0.337
1.910	1.000	-5.300	-0.332
1.920	1.000	-5.296	-0.352
1.930	1.000	-5.291	-0.362
1.940	1.000	-5.281	-0.371
1.950	1.000	-5.276	-0.371
1.960	1.000	-5.271	-0.342
1.970	1.000	-5.266	-0.318
1.980	1.000	-5.261	-0.269
1.990	1.000	-5.256	-0.239
2.000	1.000	-5.256	-0.254
2.010	1.000	-5.256	-0.288
2.020	1.000	-5.252	-0.332
2.030	1.000	-5.252	-0.352
2.040	1.000	-5.247	-0.352
2.050	1.000	-5.237	-0.347
2.060	1.000	-5.217	-0.362
2.070	1.000	-5.203	-0.376
2.080	1.000	-5.193	-0.391
2.090	1.000	-5.188	-0.391
2.100	1.000	-5.178	-0.386
2.110	1.000	-5.173	-0.357
2.120	1.000	-5.164	-0.322
2.130	1.000	-5.164	-0.322
2.140	1.000	-5.159	-0.371
2.150	1.000	-5.149	-0.405
2.160	1.000	-5.144	-0.410
2.170	1.000	-5.129	-0.401
2.180	1.000	-5.120	-0.391
2.190	1.000	-5.120	-0.396
2.200	1.000	-5.110	-0.396
2.210	1.000	-5.105	-0.386
2.220	1.000	-5.095	-0.366
2.230	1.000	-5.085	-0.327
2.240	1.000	-5.076	-0.288
2.250	1.000	-5.076	-0.278
2.260	1.000	-5.066	-0.308
2.270	1.000	-5.066	-0.337
2.280	1.000	-5.056	-0.357
2.290	1.000	-5.051	-0.352
2.300	1.000	-5.037	-0.332
2.310	1.000	-5.027	-0.313
2.320	1.000	-5.022	-0.322
2.330	1.000	-5.017	-0.332
2.340	1.000	-5.012	-0.347
2.350	1.000	-5.002	-0.352
2.360	1.000	-4.998	-0.352
2.370	1.000	-4.993	-0.327
2.380	1.000	-4.988	-0.298
2.390	1.000	-4.983	-0.274
2.400	1.000	-4.983	-0.274
2.410	1.000	-4.983	-0.298
2.420	1.000	-4.973	-0.347
2.430	1.000	-4.963	-0.371
2.440	1.000	-4.954	-0.362
2.450	1.000	-4.939	-0.357
2.460	1.000	-4.929	-0.371
2.470	1.000	-4.924	-0.391
2.480	1.000	-4.924	-0.396
2.490	1.000	-4.919	-0.401
2.500	1.000	-4.915	-0.386
2.510	1.000	-4.910	-0.342
2.520	1.000	-4.900	-0.308
2.530	1.000	-4.895	-0.298
2.540	1.000	-4.885	-0.342
2.550	1.000	-4.880	-0.386
2.560	1.000	-4.875	-0.401
2.570	1.000	-4.866	-0.401
2.580	1.000	-4.856	-0.405
2.590	1.000	-4.846	-0.420
2.600	1.000	-4.846	-0.430
2.610	1.000	-4.831	-0.420
2.620	1.000	-4.822	-0.391
2.630	1.000	-4.812	-0.376
2.640	1.000	-4.807	-0.352
2.650	1.000	-4.792	-0.391
2.660	1.000	-4.773	-0.430
2.670	1.000	-4.753	-0.425
2.680	1.000	-4.748	-0.415
2.690	1.000	-4.748	-0.405
2.700	1.000	-4.739	-0.410
2.710	1.000	-4.739	-0.401
2.720	1.000	-4.734	-0.391
2.730	1.000	-4.729	-0.362
2.740	1.000	-4.719	-0.327
2.750	1.000	-4.714	-0.298
2.760	1.000	-4.709	-0.274
2.770	1.000	-4.709	-0.298
2.780	1.000	-4.704	-0.327
2.790	1.000	-4.695	-0.357
2.800	1.000	-4.690	-0.357
2.810	1.000	-4.690	-0.342
2.820	1.000	-4.680	-0.332
2.830	1.000	-4.675	-0.332
2.840	1.000	-4.670	-0.342
2.850	1.000	-4.665	-0.352
2.860	1.000	-4.656	-0.352
2.870	1.000	-4.651	-0.342
2.880	1.000	-4.631	-0.313
2.890	1.000	-4.626	-0.278
2.900	1.000	-4.621	-0.249
2.910	1.000	-4.617	-0.239
2.920	1.000	-4.612	-0.254
2.930	1.000	-4.612	-0.283
2.940	1.000	-4.607	-0.318
2.950	1.000	-4.592	-0.327
2.960	1.000	-4.582	-0.322
2.970	1.000	-4.577	-0.318
2.980	1.000	-4.573	-0.318
2.990	1.000	-4.568	-0.332
3.000	1.000	-4.563	-0.337
3.010	1.000	-4.563	-0.352
3.020	1.000	-4.553	-0.352
3.030	1.000	-4.553	-0.332
3.040	1.000	-4.548	-0.313
3.050	1.000	-4.548	-0.269
3.060	1.000	-4.543	-0.230
3.070	1.000	-4.538	-0.215
3.080	1.000	-4.538	-0.225
3.090	1.000	-4.533	-0.254
3.100	1.000	-4.524	-0.303
3.110	1.000	-4.514	-0.337
3.120	1.000	-4.499	-0.352
3.130	1.000	-4.494	-0.347
3.140	1.000	-4.489	-0.352
3.150	1.000	-4.485	-0.362
3.160	1.000	-4.470	-0.376
3.170	1.000	-4.460	-0.391
3.180	1.000	-4.450	-0.386
3.190	1.000	-4.450	-0.362
3.200	1.000	-4.446	-0.332
3.210	1.000	-4.441	-0.313
3.220	1.000	-4.441	-0.318
3.230	1.000	-4.431	-0.376
3.240	1.000	-4.421	-0.405
3.250	1.000	-4.411	-0.410
3.260	1.000	-4.406	-0.396
3.270	1.000	-4.392	-0.391
3.280	1.000	-4.382	-0.396
3.290	1.000	-4.372	-0.391
3.300	1.000	-4.362	-0.391
3.310	1.000	-4.358	-0.366
3.320	1.000	-4.348	-0.332
3.330	1.000	-4.343	-0.303
3.340	1.000	-4.343	-0.293
3.350	1.000	-4.338	-0.322
3.360	1.000	-4.338	-0.357
3.370	1.000	-4.333	-0.371
3.380	1.000	-4.323	-0.357
3.390	1.000	-4.319	-0.342
3.400	1.000	-4.314	-0.327
3.410	1.000	-4.304	-0.342
3.420	1.000	-4.294	-0.352
3.430	1.000	-4.279	-0.362
3.440	1.000	-4.260	-0.362
3.450	1.000	-4.255	-0.347
3.460	1.000	-4.250	-0.318
3.470	1.000	-4.250	-0.293
3.480	1.000	-4.250	-0.293
3.490	1.000	-4.245	-0.332
3.500	1.000	-4.235	-0.371
3.510	1.000	-4.235	-0.386
3.520	1.000	-4.231	-0.376
3.530	1.000	-4.221	-0.376
3.540	1.000	-4.211	-0.391
3.550	1.000	-4.211	-0.410
3.560	1.000	-4.206	-0.410
3.570	1.000	-4.191	-0.410
3.580	1.000	-4.182	-0.371
3.590	1.000	-4.172	-0.332
3.600	1.000	-4.167	-0.313
3.610	1.000	-4.157	-0.352
3.620	1.000	-4.152	-0.391
3.630	1.000	-4.148	-0.415
3.640	1.000	-4.138	-0.410
3.650	1.000	-4.123	-0.415
3.660	1.000	-4.104	-0.425
3.670	1.000	-4.099	-0.435
3.680	1.000	-4.094	-0.420
3.690	1.000	-4.094	-0.391
3.700	1.000	-4.084	-0.366
3.710	1.000	-4.079	-0.362
3.720	1.000	-4.069	-0.391
3.730	1.000	-4.064	-0.425
3.740	1.000	-4.060	-0.425
3.750	1.000	-4.050	-0.410
3.760	1.000	-4.040	-0.410
3.770	1.000	-4.025	-0.410
3.780	1.000	-4.011	-0.405
3.790	1.000	-4.001	-0.391
3.800	1.000	-3.991	-0.366
3.810	1.000	-3.986	-0.332
3.820	1.000	-3.986	-0.308
3.830	1.000	-3.981	-0.318
3.840	1.000	-3.972	-0.357
3.850	1.000	-3.967	-0.376
3.860	1.000	-3.962	-0.376
3.870	1.000	-3.957	-0.362
3.880	1.000	-3.952	-0.337
3.890	1.000	-3.947	-0.352
3.900	1.000	-3.942	-0.357
3.910	1.000	-3.923	-0.357
3.920	1.000	-3.923	-0.352
3.930	1.000	-3.918	-0.337
3.940	1.000	-3.913	-0.308
3.950	1.000	-3.913	-0.274
3.960	1.000	-3.903	-0.254
3.970	1.000	-3.903	-0.259
3.980	1.000	-3.903	-0.283
3.990	1.000	-3.894	-0.322
4.000	1.000	-3.884	-0.337
4.010	1.000	-3.874	-0.332
4.020	1.000	-3.864	-0.332
4.030	1.000	-3.854	-0.332
4.040	1.000	-3.854	-0.332
4.050	1.000	-3.850	-0.357
4.060	1.000	-3.845	-0.366
4.070	1.000	-3.830	-0.371
4.080	1.000	-3.825	-0.357
4.090	1.000	-3.810	-0.318
4.100	1.000	-3.801	-0.283
4.110	1.000	-3.796	-0.244
4.120	1.000	-3.796	-0.254
4.130	1.000	-3.796	-0.278
4.140	1.000	-3.791	-0.327
4.150	1.000	-3.781	-0.357
4.160	1.000	-3.776	-0.357
4.170	1.000	-3.762	-0.362
4.180	1.000	-3.747	-0.362
4.190	1.000	-3.742	-0.381
4.200	1.000	-3.737	-0.391
4.210	1.000	-3.732	-0.396
4.220	1.000	-3.732	-0.386
4.230	1.000	-3.727	-0.362
4.240	1.000	-3.718	-0.327
4.250	1.000	-3.713	-0.322
4.260	1.000	-3.703	-0.376
4.270	1.000	-3.698	-0.415
4.280	1.000	-3.688	-0.415
4.290	1.000	-3.679	-0.410
4.300	1.000	-3.669	-0.401
4.310	1.000	-3.654	-0.410
4.320	1.000	-3.649	-0.410
4.330	1.000	-3.639	-0.405
4.340	1.000	-3.630	-0.376
4.350	1.000	-3.625	-0.352
4.360	1.000	-3.615	-0.308
4.370	1.000	-3.605	-0.318
4.380	1.000	-3.600	-0.352
4.390	1.000	-3.596	-0.386
4.400	1.000	-3.596	-0.381
4.410	1.000	-3.591	-0.357
4.420	1.000	-3.581	-0.342
4.430	1.000	-3.576	-0.357
4.440	1.000	-3.576	-0.366
4.450	1.000	-3.571	-0.376
4.460	1.000	-3.556	-0.386
4.470	1.000	-3.552	-0.366
4.480	1.000	-3.542	-0.332
4.490	1.000	-3.537	-0.308
4.500	1.000	-3.532	-0.313
4.510	1.000	-3.517	-0.357
4.520	1.000	-3.512	-0.386
4.530	1.000	-3.508	-0.386
4.540	1.000	-3.498	-0.386
4.550	1.000	-3.498	-0.391
4.560	1.000	-3.488	-0.410
4.570	1.000	-3.483	-0.425
4.580	1.000	-3.478	-0.425
4.590	1.000	-3.464	-0.401
4.600	1.000	-3.449	-0.352
4.610	1.000	-3.439	-0.327
4.620	1.000	-3.434	-0.347
4.630	1.000	-3.420	-0.401
4.640	1.000	-3.405	-0.415
4.650	1.000	-3.400	-0.420
4.660	1.000	-3.400	-0.425
4.670	1.000	-3.395	-0.435
4.680	1.000	-3.390	-0.440
4.690	1.000	-3.376	-0.425
4.700	1.000	-3.366	-0.391
4.710	1.000	-3.361	-0.376
4.720	1.000	-3.356	-0.366
4.730	1.000	-3.341	-0.391
4.740	1.000	-3.337	-0.430
4.750	1.000	-3.327	-0.435
4.760	1.000	-3.317	-0.420
4.770	1.000	-3.317	-0.415
4.780	1.000	-3.298	-0.410
4.790	1.000	-3.288	-0.410
4.800	1.000	-3.283	-0.396
4.810	1.000	-3.278	-0.362
4.820	1.000	-3.273	-0.332
4.830	1.000	-3.263	-0.308
4.840	1.000	-3.263	-0.318
4.850	1.000	-3.254	-0.347
4.860	1.000	-3.249	-0.376
4.870	1.000	-3.239	-0.376
4.880	1.000	-3.229	-0.357
4.890	1.000	-3.219	-0.347
4.900	1.000	-3.214	-0.352
4.910	1.000	-3.210	-0.366
4.920	1.000	-3.205	-0.362
4.930	1.000	-3.195	-0.357
4.940	1.000	-3.185	-0.337
4.950	1.000	-3.175	-0.308
4.960	1.000	-3.166	-0.269
4.970	1.000	-3.161	-0.259
4.980	1.000	-3.156	-0.269
4.990	1.000	-3.151	-0.313
5.000	1.000	-3.151	-0.337
5.010	1.000	-3.146	-0.342
5.020	1.000	-3.141	-0.337
5.030	1.000	-3.131	-0.332
5.040	1.000	-3.127	-0.342
5.050	1.000	-3.117	-0.357
5.060	1.000	-3.107	-0.366
5.070	1.000	-3.092	-0.371
5.080	1.000	-3.087	-0.362
5.090	1.000	-3.083	-0.332
5.100	1.000	-3.083	-0.298
5.110	1.000	-3.078	-0.259
5.120	1.000	-3.078	-0.264
5.130	1.000	-3.068	-0.288
5.140	1.000	-3.063	-0.332
5.150	1.000	-3.058	-0.366
5.160	1.000	-3.048	-0.371
5.170	1.000	-3.039	-0.371
5.180	1.000	-3.029	-0.376
5.190	1.000	-3.024	-0.396
5.200	1.000	-3.024	-0.410
5.210	1.000	-3.014	-0.415
5.220	1.000	-3.009	-0.391
5.230	1.000	-3.000	-0.362
5.240	1.000	-2.995	-0.342
5.250	1.000	-2.985	-0.376
5.260	1.000	-2.980	-0.415
5.270	1.000	-2.970	-0.435
5.280	1.000	-2.960	-0.425
5.290	1.000	-2.946	-0.420
5.300	1.000	-2.936	-0.420
5.310	1.000	-2.926	-0.420
5.320	1.000	-2.916	-0.420
5.330	1.000	-2.912	-0.391
5.340	1.000	-2.907	-0.352
5.350	1.000	-2.902	-0.327
5.360	1.000	-2.897	-0.342
5.370	1.000	-2.892	-0.381
5.380	1.000	-2.882	-0.391
5.390	1.000	-2.872	-0.381
5.400	1.000	-2.868	-0.352
5.410	1.000	-2.858	-0.362
5.420	1.000	-2.848	-0.371
5.430	1.000	-2.838	-0.381
5.440	1.000	-2.833	-0.386
5.450	1.000	-2.829	-0.381
5.460	1.000	-2.829	-0.352
5.470	1.000	-2.819	-0.322
5.480	1.000	-2.809	-0.318
5.490	1.000	-2.799	-0.357
5.500	1.000	-2.789	-0.396
5.510	1.000	-2.780	-0.396
5.520	1.000	-2.765	-0.396
5.530	1.000	-2.760	-0.401
5.540	1.000	-2.750	-0.420
5.550	1.000	-2.741	-0.430
5.560	1.000	-2.736	-0.430
5.570	1.000	-2.731	-0.401
5.580	1.000	-2.721	-0.352
5.590	1.000	-2.721	-0.332
5.600	1.000	-2.716	-0.362
5.610	1.000	-2.702	-0.415
5.620	1.000	-2.692	-0.425
5.630	1.000	-2.677	-0.425
5.640	1.000	-2.662	-0.430
5.650	1.000	-2.653	-0.440
5.660	1.000	-2.648	-0.440
5.670	1.000	-2.638	-0.425
5.680	1.000	-2.633	-0.396
5.690	1.000	-2.623	-0.376
5.700	1.000	-2.618	-0.386
5.710	1.000	-2.604	-0.430
5.720	1.000	-2.594	-0.440
5.730	1.000	-2.589	-0.430
5.740	1.000	-2.579	-0.415
5.750	1.000	-2.574	-0.425
5.760	1.000	-2.570	-0.420
5.770	1.000	-2.555	-0.410
5.780	1.000	-2.540	-0.386
5.790	1.000	-2.535	-0.352
5.800	1.000	-2.521	-0.318
5.810	1.000	-2.516	-0.313
5.820	1.000	-2.511	-0.347
5.830	1.000	-2.501	-0.376
5.840	1.000	-2.501	-0.376
5.850	1.000	-2.496	-0.366
5.860	1.000	-2.482	-0.357
5.870	1.000	-2.472	-0.357
5.880	1.000	-2.467	-0.366
5.890	1.000	-2.467	-0.376
5.900	1.000	-2.462	-0.371
5.910	1.000	-2.457	-0.352
5.920	1.000	-2.438	-0.318
5.930	1.000	-2.433	-0.278
5.940	1.000	-2.428	-0.278
5.950	1.000	-2.423	-0.298
5.960	1.000	-2.418	-0.342
5.970	1.000	-2.413	-0.352
5.980	1.000	-2.413	-0.352
5.990	1.000	-2.404	-0.352
6.000	1.000	-2.399	-0.347
6.010	1.000	-2.389	-0.357
6.020	1.000	-2.384	-0.371
6.030	1.000	-2.379	-0.381
6.040	1.000	-2.369	-0.371
6.050	1.000	-2.360	-0.352
6.060	1.000	-2.350	-0.313
6.070	1.000	-2.345	-0.269
6.080	1.000	-2.340	-0.274
6.090	1.000	-2.335	-0.298
6.100	1.000	-2.330	-0.366
6.110	1.000	-2.325	-0.376
6.120	1.000	-2.320	-0.376
6.130	1.000	-2.311	-0.376
6.140	1.000	-2.306	-0.386
6.150	1.000	-2.301	-0.401
6.160	1.000	-2.291	-0.410
6.170	1.000	-2.281	-0.410
6.180	1.000	-2.267	-0.386
6.190	1.000	-2.252	-0.352
6.200	1.000	-2.242	-0.347
6.210	1.000	-2.233	-0.381
6.220	1.000	-2.228	-0.430
6.230	1.000	-2.223	-0.435
6.240	1.000	-2.218	-0.425
6.250	1.000	-2.213	-0.415
6.260	1.000	-2.203	-0.415
6.270	1.000	-2.193	-0.410
6.280	1.000	-2.179	-0.410
6.290	1.000	-2.169	-0.376
6.300	1.000	-2.164	-0.322
6.310	1.000	-2.164	-0.313
6.320	1.000	-2.154	-0.327
6.330	1.000	-2.145	-0.376
6.340	1.000	-2.130	-0.386
6.350	1.000	-2.120	-0.352
6.360	1.000	-2.115	-0.352
6.370	1.000	-2.110	-0.342
6.380	1.000	-2.106	-0.357
6.390	1.000	-2.101	-0.362
6.400	1.000	-2.096	-0.376
6.410	1.000	-2.086	-0.376
6.420	1.000	-2.076	-0.347
6.430	1.000	-2.057	-0.322
6.440	1.000	-2.052	-0.298
6.450	1.000	-2.047	-0.322
6.460	1.000	-2.047	-0.357
6.470	1.000	-2.047	-0.391
6.480	1.000	-2.042	-0.386
6.490	1.000	-2.037	-0.386
6.500	1.000	-2.032	-0.386
6.510	1.000	-2.027	-0.410
6.520	1.000	-2.013	-0.415
6.530	1.000	-1.993	-0.410
6.540	1.000	-1.988	-0.381
6.550	1.000	-1.974	-0.337
6.560	1.000	-1.969	-0.308
6.570	1.000	-1.959	-0.318
6.580	1.000	-1.954	-0.366
6.590	1.000	-1.944	-0.391
6.600	1.000	-1.935	-0.391
6.610	1.000	-1.930	-0.376
6.620	1.000	-1.925	-0.386
6.630	1.000	-1.915	-0.396
6.640	1.000	-1.910	-0.401
6.650	1.000	-1.905	-0.396
6.660	1.000	-1.900	-0.371
6.670	1.000	-1.891	-0.342
6.680	1.000	-1.881	-0.332
6.690	1.000	-1.876	-0.362
6.700	1.000	-1.866	-0.405
6.710	1.000	-1.856	-0.425
6.720	1.000	-1.842	-0.410
6.730	1.000	-1.837	-0.401
6.740	1.000	-1.837	-0.401
6.750	1.000	-1.832	-0.396
6.760	1.000	-1.817	-0.391
6.770	1.000	-1.803	-0.371
6.780	1.000	-1.798	-0.337
6.790	1.000	-1.798	-0.298
6.800	1.000	-1.793	-0.274
6.810	1.000	-1.788	-0.269
6.820	1.000	-1.783	-0.293
6.830	1.000	-1.778	-0.342
6.840	1.000	-1.778	-0.357
6.850	1.000	-1.773	-0.347
6.860	1.000	-1.764	-0.332
6.870	1.000	-1.754	-0.322
6.880	1.000	-1.749	-0.327
6.890	1.000	-1.734	-0.342
6.900	1.000	-1.729	-0.347
6.910	1.000	-1.724	-0.347
6.920	1.000	-1.720	-0.332
6.930	1.000	-1.715	-0.313
6.940	1.000	-1.710	-0.278
6.950	1.000	-1.710	-0.239
6.960	1.000	-1.705	-0.230
6.970	1.000	-1.700	-0.239
6.980	1.000	-1.700	-0.274
6.990	1.000	-1.695	-0.308
7.000	1.000	-1.685	-0.327
7.010	1.000	-1.681	-0.327
7.020	1.000	-1.676	-0.318
7.030	1.000	-1.666	-0.322
7.040	1.000	-1.656	-0.332
7.050	1.000	-1.656	-0.337
7.060	1.000	-1.641	-0.352
7.070	1.000	-1.632	-0.357
7.080	1.000	-1.632	-0.352
7.090	1.000	-1.622	-0.332
7.100	1.000	-1.617	-0.283
7.110	1.000	-1.612	-0.249
7.120	1.000	-1.612	-0.225
7.130	1.000	-1.602	-0.239
7.140	1.000	-1.597	-0.274
7.150	1.000	-1.593	-0.318
7.160	1.000	-1.588	-0.347
7.170	1.000	-1.578	-0.357
7.180	1.000	-1.568	-0.352
7.190	1.000	-1.563	-0.357
7.200	1.000	-1.553	-0.366
7.210	1.000	-1.544	-0.381
7.220	1.000	-1.539	-0.391
7.230	1.000	-1.529	-0.386
7.240	1.000	-1.524	-0.362
7.250	1.000	-1.514	-0.327
7.260	1.000	-1.505	-0.322
7.270	1.000	-1.500	-0.362
7.280	1.000	-1.490	-0.415
7.290	1.000	-1.485	-0.425
7.300	1.000	-1.466	-0.405
7.310	1.000	-1.466	-0.405
7.320	1.000	-1.461	-0.410
7.330	1.000	-1.446	-0.410
7.340	1.000	-1.431	-0.401
7.350	1.000	-1.422	-0.386
7.360	1.000	-1.422	-0.352
7.370	1.000	-1.417	-0.313
7.380	1.000	-1.407	-0.318
7.390	1.000	-1.402	-0.352
7.400	1.000	-1.397	-0.376
7.410	1.000	-1.383	-0.376
7.420	1.000	-1.368	-0.357
7.430	1.000	-1.363	-0.337
7.440	1.000	-1.358	-0.352
7.450	1.000	-1.353	-0.357
7.460	1.000	-1.348	-0.371
7.470	1.000	-1.339	-0.376
7.480	1.000	-1.334	-0.371
7.490	1.000	-1.324	-0.332
7.500	1.000	-1.319	-0.308
7.510	1.000	-1.309	-0.308
7.520	1.000	-1.309	-0.347
7.530	1.000	-1.299	-0.386
7.540	1.000	-1.295	-0.401
7.550	1.000	-1.285	-0.386
7.560	1.000	-1.270	-0.391
7.570	1.000	-1.260	-0.410
7.580	1.000	-1.251	-0.430
7.590	1.000	-1.241	-0.425
7.600	1.000	-1.236	-0.410
7.610	1.000	-1.231	-0.371
7.620	1.000	-1.221	-0.332
7.630	1.000	-1.212	-0.352
7.640	1.000	-1.207	-0.405
7.650	1.000	-1.202	-0.430
7.660	1.000	-1.192	-0.430
7.670	1.000	-1.177	-0.430
7.680	1.000	-1.163	-0.440
7.690	1.000	-1.153	-0.449
7.700	1.000	-1.148	-0.435
7.710	1.000	-1.138	-0.401
7.720	1.000	-1.128	-0.391
7.730	1.000	-1.124	-0.391
7.740	1.000	-1.099	-0.440
7.750	1.000	-1.094	-0.449
7.760	1.000	-1.089	-0.440
7.770	1.000	-1.085	-0.430
7.780	1.000	-1.070	-0.435
7.790	1.000	-1.055	-0.425
7.800	1.000	-1.050	-0.415
7.810	1.000	-1.041	-0.391
7.820	1.000	-1.031	-0.357
7.830	1.000	-1.021	-0.327
7.840	1.000	-1.016	-0.332
7.850	1.000	-1.011	-0.366
7.860	1.000	-1.001	-0.391
7.870	1.000	-0.997	-0.381
7.880	1.000	-0.992	-0.366
7.890	1.000	-0.982	-0.357
7.900	1.000	-0.972	-0.366
7.910	1.000	-0.962	-0.376
7.920	1.000	-0.953	-0.371
7.930	1.000	-0.943	-0.357
7.940	1.000	-0.938	-0.332
7.950	1.000	-0.933	-0.298
7.960	1.000	-0.923	-0.264
7.970	1.000	-0.918	-0.274
7.980	1.000	-0.914	-0.303
7.990	1.000	-0.909	-0.337
8.000	1.000	-0.904	-0.352
8.010	1.000	-0.899	-0.347
8.020	1.000	-0.894	-0.342
8.030	1.000	-0.889	-0.342
8.040	1.000	-0.874	-0.362
8.050	1.000	-0.870	-0.371
8.060	1.000	-0.865	-0.376
8.070	1.000	-0.860	-0.376
8.080	1.000	-0.850	-0.347
8.090	1.000	-0.840	-0.308
8.100	1.000	-0.835	-0.269
8.110	1.000	-0.835	-0.259
8.120	1.000	-0.826	-0.293
8.130	1.000	-0.816	-0.327
8.140	1.000	-0.806	-0.362
8.150	1.000	-0.796	-0.366
8.160	1.000	-0.796	-0.371
8.170	1.000	-0.787	-0.376
8.180	1.000	-0.777	-0.386
8.190	1.000	-0.767	-0.410
8.200	1.000	-0.757	-0.410
8.210	1.000	-0.743	-0.386
8.220	1.000	-0.733	-0.362
8.230	1.000	-0.723	-0.337
8.240	1.000	-0.723	-0.357
8.250	1.000	-0.718	-0.410
8.260	1.000	-0.708	-0.435
8.270	1.000	-0.703	-0.425
8.280	1.000	-0.694	-0.410
8.290	1.000	-0.689	-0.415
8.300	1.000	-0.679	-0.410
8.310	1.000	-0.664	-0.410
8.320	1.000	-0.660	-0.396
8.330	1.000	-0.645	-0.362
8.340	1.000	-0.640	-0.318
8.350	1.000	-0.640	-0.318
8.360	1.000	-0.630	-0.352
8.370	1.000	-0.625	-0.376
8.380	1.000	-0.616	-0.376
8.390	1.000	-0.611	-0.362
8.400	1.000	-0.601	-0.342
8.410	1.000	-0.596	-0.347
8.420	1.000	-0.586	-0.362
8.430	1.000	-0.581	-0.366
8.440	1.000	-0.562	-0.371
8.450	1.000	-0.562	-0.357
8.460	1.000	-0.552	-0.332
8.470	1.000	-0.547	-0.298
8.480	1.000	-0.547	-0.298
8.490	1.000	-0.537	-0.337
8.500	1.000	-0.528	-0.386
8.510	1.000	-0.523	-0.391
8.520	1.000	-0.508	-0.386
8.530	1.000	-0.503	-0.391
8.540	1.000	-0.489	-0.410
8.550	1.000	-0.479	-0.420
8.560	1.000	-0.469	-0.425
8.570	1.000	-0.454	-0.410
8.580	1.000	-0.445	-0.376
8.590	1.000	-0.435	-0.337
8.600	1.000	-0.430	-0.347
8.610	1.000	-0.430	-0.386
8.620	1.000	-0.420	-0.415
8.630	1.000	-0.410	-0.420
8.640	1.000	-0.401	-0.425
8.650	1.000	-0.391	-0.440
8.660	1.000	-0.381	-0.445
8.670	1.000	-0.371	-0.440
8.680	1.000	-0.366	-0.415
8.690	1.000	-0.357	-0.391
8.700	1.000	-0.347	-0.381
8.710	1.000	-0.342	-0.405
8.720	1.000	-0.332	-0.440
8.730	1.000	-0.327	-0.440
8.740	1.000	-0.322	-0.430
8.750	1.000	-0.308	-0.425
8.760	1.000	-0.298	-0.435
8.770	1.000	-0.293	-0.425
8.780	1.000	-0.278	-0.405
8.790	1.000	-0.274	-0.366
8.800	1.000	-0.264	-0.337
8.810	1.000	-0.259	-0.322
8.820	1.000	-0.249	-0.347
8.830	1.000	-0.239	-0.381
8.840	1.000	-0.234	-0.391
8.850	1.000	-0.225	-0.371
8.860	1.000	-0.215	-0.357
8.870	1.000	-0.210	-0.357
8.880	1.000	-0.200	-0.366
8.890	1.000	-0.191	-0.371
8.900	1.000	-0.186	-0.366
8.910	1.000	-0.181	-0.347
8.920	1.000	-0.171	-0.313
8.930	1.000	-0.166	-0.283
8.940	1.000	-0.161	-0.269
8.950	1.000	-0.151	-0.283
8.960	1.000	-0.151	-0.313
8.970	1.000	-0.142	-0.347
8.980	1.000	-0.137	-0.347
8.990	1.000	-0.132	-0.347
9.000	1.000	-0.127	-0.337
9.010	1.000	-0.117	-0.347
9.020	1.000	-0.112	-0.357
9.030	1.000	-0.107	-0.371
9.040	1.000	-0.093	-0.381
9.050	1.000	-0.088	-0.362
9.060	1.000	-0.083	-0.337
9.070	1.000	-0.078	-0.293
9.080	1.000	-0.073	-0.269
9.090	1.000	-0.064	-0.274
9.100	1.000	-0.059	-0.318
9.110	1.000	-0.054	-0.362
9.120	1.000	-0.044	-0.381
9.130	1.000	-0.034	-0.381
9.140	1.000	-0.024	-0.386
9.150	1.000	-0.010	-0.405
9.160	1.000	-0.005	-0.420
9.170	1.000	0.010	-0.430
9.180	1.000	0.024	-0.410
9.190	1.000	0.029	-0.391
9.200	1.000	0.034	-0.371
9.210	1.000	0.039	-0.405
9.220	1.000	0.049	-0.445
9.230	1.000	0.054	-0.449
9.240	1.000	0.078	-0.440
9.250	1.000	0.088	-0.440
9.260	1.000	0.098	-0.445
9.270	1.000	0.107	-0.435
9.280	1.000	0.122	-0.430
9.290	1.000	0.132	-0.391
9.300	1.000	0.137	-0.362
9.310	1.000	0.142	-0.376
9.320	1.000	0.142	-0.415
9.330	1.000	0.151	-0.425
9.340	1.000	0.166	-0.401
9.350	1.000	0.176	-0.391
9.360	1.000	0.191	-0.396
9.370	1.000	0.195	-0.410
9.380	1.000	0.215	-0.415
9.390	1.000	0.220	-0.410
9.400	1.000	0.230	-0.386
9.410	1.000	0.234	-0.352
9.420	1.000	0.239	-0.366
9.430	1.000	0.249	-0.405
9.440	1.000	0.259	-0.425
9.450	1.000	0.274	-0.420
9.460	1.000	0.278	-0.430
9.470	1.000	0.288	-0.440
9.480	1.000	0.298	-0.454
9.490	1.000	0.308	-0.454
9.500	1.000	0.313	-0.425
9.510	1.000	0.322	-0.371
9.520	1.000	0.332	-0.371
9.530	1.000	0.337	-0.415
9.540	1.000	0.352	-0.445
9.550	1.000	0.362	-0.449
9.560	1.000	0.371	-0.449
9.570	1.000	0.386	-0.464
9.580	1.000	0.396	-0.459
9.590	1.000	0.405	-0.445
9.600	1.000	0.410	-0.410
9.610	1.000	0.425	-0.396
9.620	1.000	0.430	-0.405
9.630	1.000	0.435	-0.454
9.640	1.000	0.445	-0.449
9.650	1.000	0.459	-0.435
9.660	1.000	0.464	-0.435
9.670	1.000	0.479	-0.435
9.680	1.000	0.489	-0.430
9.690	1.000	0.498	-0.425
9.700	1.000	0.508	-0.396
9.710	1.000	0.513	-0.357
9.720	1.000	0.518	-0.337
9.730	1.000	0.523	-0.362
9.740	1.000	0.532	-0.396
9.750	1.000	0.552	-0.386
9.760	1.000	0.562	-0.376
9.770	1.000	0.576	-0.362
9.780	1.000	0.581	-0.371
9.790	1.000	0.586	-0.381
9.800	1.000	0.591	-0.371
9.810	1.000	0.596	-0.362
9.820	1.000	0.601	-0.337
9.830	1.000	0.611	-0.303
9.840	1.000	0.611	-0.274
9.850	1.000	0.620	-0.269
9.860	1.000	0.625	-0.288
9.870	1.000	0.630	-0.327
9.880	1.000	0.635	-0.352
9.890	1.000	0.635	-0.352
9.900	1.000	0.650	-0.342
9.910	1.000	0.650	-0.352
9.920	1.000	0.660	-0.357
9.930	1.000	0.664	-0.371
9.940	1.000	0.674	-0.386
9.950	1.000	0.684	-0.376
9.960	1.000	0.689	-0.352
9.970	1.000	0.699	-0.308
9.980	1.000	0.703	-0.274
9.990	1.000	0.703	-0.259
10.000	1.000	0.713	-0.293
10.010	1.000	0.723	-0.332
10.020	1.000	0.728	-0.371
10.030	1.000	0.743	-0.376
10.040	1.000	0.747	-0.376
10.050	1.000	0.757	-0.386
10.060	1.000	0.767	-0.405
10.070	1.000	0.772	-0.415
10.080	1.000	0.782	-0.415
10.090	1.000	0.791	-0.391
10.100	1.000	0.796	-0.376
10.110	1.000	0.806	-0.357
10.120	1.000	0.811	-0.391
10.130	1.000	0.821	-0.440
10.140	1.000	0.830	-0.440
10.150	1.000	0.845	-0.425
10.160	1.000	0.855	-0.425
10.170	1.000	0.860	-0.425
10.180	1.000	0.870	-0.420
10.190	1.000	0.879	-0.415
10.200	1.000	0.894	-0.386
10.210	1.000	0.904	-0.337
10.220	1.000	0.909	-0.327
10.230	1.000	0.914	-0.352
10.240	1.000	0.923	-0.386
10.250	1.000	0.928	-0.391
10.260	1.000	0.938	-0.362
10.270	1.000	0.943	-0.352
10.280	1.000	0.957	-0.362
10.290	1.000	0.957	-0.376
10.300	1.000	0.972	-0.391
10.310	1.000	0.977	-0.396
10.320	1.000	0.982	-0.371
10.330	1.000	0.987	-0.342
10.340	1.000	1.001	-0.322
10.350	1.000	1.011	-0.347
10.360	1.000	1.021	-0.391
10.370	1.000	1.026	-0.405
10.380	1.000	1.036	-0.396
10.390	1.000	1.045	-0.401
10.400	1.000	1.050	-0.425
10.410	1.000	1.060	-0.435
10.420	1.000	1.065	-0.435
10.430	1.000	1.080	-0.415
10.440	1.000	1.085	-0.376
10.450	1.000	1.099	-0.352
10.460	1.000	1.099	-0.376
10.470	1.000	1.114	-0.430
10.480	1.000	1.128	-0.440
10.490	1.000	1.133	-0.435
10.500	1.000	1.143	-0.449
10.510	1.000	1.158	-0.464
10.520	1.000	1.168	-0.464
10.530	1.000	1.172	-0.440
10.540	1.000	1.187	-0.410
10.550	1.000	1.192	-0.396
10.560	1.000	1.212	-0.445
10.570	1.000	1.216	-0.459
10.580	1.000	1.231	-0.445
10.590	1.000	1.246	-0.430
10.600	1.000	1.255	-0.435
10.610	1.000	1.260	-0.430
10.620	1.000	1.270	-0.425
10.630	1.000	1.285	-0.405
10.640	1.000	1.290	-0.357
10.650	1.000	1.299	-0.332
10.660	1.000	1.304	-0.332
10.670	1.000	1.309	-0.352
10.680	1.000	1.319	-0.386
10.690	1.000	1.329	-0.391
10.700	1.000	1.334	-0.362
10.710	1.000	1.339	-0.352
10.720	1.000	1.348	-0.357
10.730	1.000	1.358	-0.371
10.740	1.000	1.368	-0.362
10.750	1.000	1.383	-0.357
10.760	1.000	1.387	-0.332
10.770	1.000	1.392	-0.303
10.780	1.000	1.392	-0.259
10.790	1.000	1.402	-0.254
10.800	1.000	1.407	-0.269
10.810	1.000	1.407	-0.298
10.820	1.000	1.412	-0.337
10.830	1.000	1.431	-0.347
10.840	1.000	1.446	-0.342
10.850	1.000	1.456	-0.332
10.860	1.000	1.456	-0.347
10.870	1.000	1.461	-0.357
10.880	1.000	1.466	-0.371
10.890	1.000	1.475	-0.376
10.900	1.000	1.480	-0.366
10.910	1.000	1.490	-0.337
10.920	1.000	1.495	-0.283
10.930	1.000	1.495	-0.259
10.940	1.000	1.505	-0.269
10.950	1.000	1.505	-0.298
10.960	1.000	1.510	-0.332
10.970	1.000	1.514	-0.362
10.980	1.000	1.529	-0.371
10.990	1.000	1.534	-0.366
11.000	1.000	1.549	-0.376
11.010	1.000	1.558	-0.391
11.020	1.000	1.563	-0.405
11.030	1.000	1.573	-0.405
11.040	1.000	1.583	-0.386
11.050	1.000	1.588	-0.366
11.060	1.000	1.597	-0.332
11.070	1.000	1.602	-0.362
11.080	1.000	1.607	-0.396
11.090	1.000	1.617	-0.425
11.100	1.000	1.622	-0.420
11.110	1.000	1.632	-0.410
11.120	1.000	1.641	-0.415
11.130	1.000	1.661	-0.420
11.140	1.000	1.671	-0.415
11.150	1.000	1.676	-0.405
11.160	1.000	1.685	-0.371
11.170	1.000	1.690	-0.332
11.180	1.000	1.695	-0.337
11.190	1.000	1.705	-0.371
11.200	1.000	1.715	-0.391
11.210	1.000	1.729	-0.386
11.220	1.000	1.734	-0.366
11.230	1.000	1.739	-0.352
11.240	1.000	1.744	-0.362
11.250	1.000	1.744	-0.371
11.260	1.000	1.749	-0.386
11.270	1.000	1.754	-0.381
11.280	1.000	1.764	-0.357
11.290	1.000	1.778	-0.327
11.300	1.000	1.788	-0.322
11.310	1.000	1.793	-0.342
11.320	1.000	1.803	-0.386
11.330	1.000	1.817	-0.396
11.340	1.000	1.817	-0.391
11.350	1.000	1.827	-0.391
11.360	1.000	1.837	-0.410
11.370	1.000	1.847	-0.415
11.380	1.000	1.856	-0.420
11.390	1.000	1.866	-0.401
11.400	1.000	1.871	-0.371
11.410	1.000	1.876	-0.332
11.420	1.000	1.881	-0.337
11.430	1.000	1.891	-0.376
11.440	1.000	1.900	-0.410
11.450	1.000	1.915	-0.415
11.460	1.000	1.920	-0.410
11.470	1.000	1.925	-0.420
11.480	1.000	1.939	-0.430
11.490	1.000	1.949	-0.435
11.500	1.000	1.959	-0.410
11.510	1.000	1.969	-0.376
11.520	1.000	1.974	-0.357
11.530	1.000	1.988	-0.362
11.540	1.000	1.998	-0.410
11.550	1.000	2.003	-0.430
11.560	1.000	2.013	-0.410
11.570	1.000	2.022	-0.401
11.580	1.000	2.032	-0.396
11.590	1.000	2.042	-0.396
11.600	1.000	2.047	-0.391
11.610	1.000	2.057	-0.371
11.620	1.000	2.062	-0.342
11.630	1.000	2.066	-0.298
11.640	1.000	2.071	-0.274
11.650	1.000	2.076	-0.274
11.660	1.000	2.076	-0.298
11.670	1.000	2.086	-0.337
11.680	1.000	2.096	-0.357
11.690	1.000	2.096	-0.347
11.700	1.000	2.110	-0.327
11.710	1.000	2.115	-0.313
11.720	1.000	2.125	-0.318
11.730	1.000	2.130	-0.322
11.740	1.000	2.135	-0.332
11.750	1.000	2.135	-0.332
11.760	1.000	2.149	-0.327
11.770	1.000	2.154	-0.308
11.780	1.000	2.159	-0.274
11.790	1.000	2.164	-0.234
11.800	1.000	2.169	-0.215
11.810	1.000	2.169	-0.215
11.820	1.000	2.174	-0.239
11.830	1.000	2.179	-0.269
11.840	1.000	2.184	-0.308
11.850	1.000	2.193	-0.327
11.860	1.000	2.198	-0.322
11.870	1.000	2.208	-0.313
11.880	1.000	2.208	-0.313
11.890	1.000	2.208	-0.318
11.900	1.000	2.213	-0.337
11.910	1.000	2.223	-0.352
11.920	1.000	2.237	-0.352
11.930	1.000	2.252	-0.347
11.940	1.000	2.252	-0.318
11.950	1.000	2.257	-0.283
11.960	1.000	2.262	-0.239
11.970	1.000	2.267	-0.220
11.980	1.000	2.267	-0.215
11.990	1.000	2.267	-0.249
12.000	1.000	2.267	-0.288
12.010	1.000	2.277	-0.332
12.020	1.000	2.286	-0.352
12.030	1.000	2.291	-0.352
12.040	1.000	2.306	-0.347
12.050	1.000	2.311	-0.357
12.060	1.000	2.320	-0.371
12.070	1.000	2.330	-0.381
12.080	1.000	2.345	-0.386
12.090	1.000	2.345	-0.371
12.100	1.000	2.350	-0.337
12.110	1.000	2.355	-0.298
12.120	1.000	2.360	-0.298
12.130	1.000	2.364	-0.327
12.140	1.000	2.369	-0.381
12.150	1.000	2.384	-0.396
12.160	1.000	2.384	-0.391
12.170	1.000	2.399	-0.376
12.180	1.000	2.404	-0.376
12.190	1.000	2.413	-0.386
12.200	1.000	2.423	-0.381
12.210	1.000	2.433	-0.386
12.220	1.000	2.443	-0.357
12.230	1.000	2.447	-0.313
12.240	1.000	2.452	-0.283
12.250	1.000	2.452	-0.274
12.260	1.000	2.457	-0.298
12.270	1.000	2.462	-0.332
12.280	1.000	2.477	-0.352
12.290	1.000	2.487	-0.347
12.300	1.000	2.491	-0.332
12.310	1.000	2.501	-0.313
12.320	1.000	2.511	-0.318
12.330	1.000	2.516	-0.332
12.340	1.000	2.521	-0.342
12.350	1.000	2.531	-0.352
12.360	1.000	2.540	-0.352
12.370	1.000	2.540	-0.327
12.380	1.000	2.545	-0.288
12.390	1.000	2.545	-0.264
12.400	1.000	2.550	-0.259
12.410	1.000	2.555	-0.278
12.420	1.000	2.565	-0.327
12.430	1.000	2.570	-0.357
12.440	1.000	2.579	-0.362
12.450	1.000	2.584	-0.352
12.460	1.000	2.594	-0.352
12.470	1.000	2.604	-0.366
12.480	1.000	2.623	-0.386
12.490	1.000	2.623	-0.396
12.500	1.000	2.638	-0.391
12.510	1.000	2.643	-0.357
12.520	1.000	2.648	-0.322
12.530	1.000	2.658	-0.288
12.540	1.000	2.658	-0.298
12.550	1.000	2.667	-0.332
12.560	1.000	2.667	-0.376
12.570	1.000	2.682	-0.391
12.580	1.000	2.687	-0.391
12.590	1.000	2.692	-0.391
12.600	1.000	2.702	-0.405
12.610	1.000	2.711	-0.415
12.620	1.000	2.721	-0.410
12.630	1.000	2.726	-0.386
12.640	1.000	2.741	-0.352
12.650	1.000	2.750	-0.327
12.660	1.000	2.755	-0.357
12.670	1.000	2.760	-0.386
12.680	1.000	2.775	-0.415
12.690	1.000	2.780	-0.410
12.700	1.000	2.785	-0.396
12.710	1.000	2.799	-0.401
12.720	1.000	2.809	-0.396
12.730	1.000	2.814	-0.391
12.740	1.000	2.824	-0.376
12.750	1.000	2.833	-0.347
12.760	1.000	2.838	-0.308
12.770	1.000	2.848	-0.278
12.780	1.000	2.853	-0.264
12.790	1.000	2.853	-0.278
12.800	1.000	2.858	-0.322
12.810	1.000	2.863	-0.342
12.820	1.000	2.868	-0.352
12.830	1.000	2.877	-0.327
12.840	1.000	2.877	-0.327
12.850	1.000	2.887	-0.322
12.860	1.000	2.897	-0.332
12.870	1.000	2.902	-0.337
12.880	1.000	2.912	-0.347
12.890	1.000	2.912	-0.337
12.900	1.000	2.916	-0.318
12.910	1.000	2.926	-0.288
12.920	1.000	2.926	-0.244
12.930	1.000	2.936	-0.230
12.940	1.000	2.941	-0.225
12.950	1.000	2.946	-0.254
12.960	1.000	2.956	-0.278
12.970	1.000	2.956	-0.318
12.980	1.000	2.965	-0.322
12.990	1.000	2.970	-0.318
13.000	1.000	2.980	-0.313
13.010	1.000	2.985	-0.313
13.020	1.000	2.990	-0.332
13.030	1.000	2.995	-0.337
13.040	1.000	3.004	-0.342
13.050	1.000	3.009	-0.352
13.060	1.000	3.019	-0.332
13.070	1.000	3.024	-0.298
13.080	1.000	3.029	-0.259
13.090	1.000	3.034	-0.220
13.100	1.000	3.034	-0.195
13.110	1.000	3.034	-0.195
13.120	1.000	3.039	-0.210
13.130	1.000	3.043	-0.249
13.140	1.000	3.048	-0.308
13.150	1.000	3.053	-0.332
13.160	1.000	3.063	-0.347
13.170	1.000	3.068	-0.347
13.180	1.000	3.078	-0.347
