0.010	-3.000	4.108	1.788
0.020	-3.000	4.050	1.881
0.030	-3.000	3.991	1.871
0.040	-3.000	3.923	1.856
0.050	-3.000	3.869	1.808
0.060	-3.000	3.815	1.827
0.070	-3.000	3.747	1.847
0.080	-3.000	3.688	1.808
0.090	-3.000	3.644	1.788
0.100	-3.000	3.586	1.851
0.110	-3.000	3.508	1.856
0.120	-3.000	3.459	1.847
0.130	-3.000	3.405	1.734
0.140	-3.000	3.341	1.812
0.150	-3.000	3.293	1.915
0.160	-3.000	3.224	1.891
0.170	-3.000	3.161	1.886
0.180	-3.000	3.102	1.812
0.190	-3.000	3.034	1.837
0.200	-3.000	2.975	1.866
0.210	-3.000	2.912	1.803
0.220	-3.000	2.858	1.778
0.230	-3.000	2.789	1.837
0.240	-3.000	2.741	1.866
0.250	-3.000	2.682	1.861
0.260	-3.000	2.623	1.827
0.270	-3.000	2.560	1.842
0.280	-3.000	2.506	1.925
0.290	-3.000	2.438	1.915
0.300	-3.000	2.379	1.910
0.310	-3.000	2.330	1.817
0.320	-3.000	2.257	1.793
0.330	-3.000	2.203	1.891
0.340	-3.000	2.135	1.881
0.350	-3.000	2.071	1.886
0.360	-3.000	2.032	1.856
0.370	-3.000	1.964	1.861
0.380	-3.000	1.891	1.881
0.390	-3.000	1.842	1.876
0.400	-3.000	1.783	1.851
0.410	-3.000	1.705	1.847
0.420	-3.000	1.651	1.905
0.430	-3.000	1.593	1.910
0.440	-3.000	1.519	1.876
0.450	-3.000	1.475	1.734
0.460	-3.000	1.412	1.827
0.470	-3.000	1.339	1.871
0.480	-3.000	1.290	1.856
0.490	-3.000	1.231	1.827
0.500	-3.000	1.172	1.803
0.510	-3.000	1.099	1.837
0.520	-3.000	1.041	1.900
0.530	-3.000	0.972	1.905
0.540	-3.000	0.918	1.886
0.550	-3.000	0.855	1.905
0.560	-3.000	0.796	1.905
0.570	-3.000	0.733	1.881
0.580	-3.000	0.664	1.842
0.590	-3.000	0.620	1.798
0.600	-3.000	0.572	1.881
0.610	-3.000	0.498	1.866
0.620	-3.000	0.440	1.866
0.630	-3.000	0.381	1.783
0.640	-3.000	0.313	1.788
0.650	-3.000	0.269	1.876
0.660	-3.000	0.205	1.881
0.670	-3.000	0.137	1.895
0.680	-3.000	0.064	1.851
0.690	-3.000	0.020	1.861
0.700	-3.000	-0.054	1.856
0.710	-3.000	-0.117	1.847
0.720	-3.000	-0.161	1.754
0.730	-3.000	-0.220	1.847
0.740	-3.000	-0.293	1.861
0.750	-3.000	-0.347	1.866
0.760	-3.000	-0.391	1.808
0.770	-3.000	-0.464	1.773
0.780	-3.000	-0.523	1.891
0.790	-3.000	-0.586	1.925
0.800	-3.000	-0.645	1.915
0.810	-3.000	-0.699	1.856
0.820	-3.000	-0.752	1.866
0.830	-3.000	-0.835	1.861
0.840	-3.000	-0.879	1.881
0.850	-3.000	-0.938	1.827
0.860	-3.000	-1.011	1.827
0.870	-3.000	-1.070	1.876
0.880	-3.000	-1.128	1.876
0.890	-3.000	-1.202	1.876
0.900	-3.000	-1.246	1.749
0.910	-3.000	-1.309	1.847
0.920	-3.000	-1.368	1.925
0.930	-3.000	-1.422	1.895
0.940	-3.000	-1.490	1.871
0.950	-3.000	-1.553	1.798
0.960	-3.000	-1.602	1.817
0.970	-3.000	-1.666	1.851
0.980	-3.000	-1.724	1.837
0.990	-3.000	-1.778	1.803
1.000	-3.000	-1.837	1.851
1.010	-3.000	-1.895	1.842
1.020	-3.000	-1.939	1.856
1.030	-3.000	-2.013	1.749
1.040	-3.000	-2.052	1.808
1.050	-3.000	-2.110	1.915
1.060	-3.000	-2.169	1.905
1.070	-3.000	-2.233	1.900
1.080	-3.000	-2.301	1.803
1.090	-3.000	-2.360	1.798
1.100	-3.000	-2.418	1.832
1.110	-3.000	-2.467	1.817
1.120	-3.000	-2.526	1.798
1.130	-3.000	-2.589	1.773
1.140	-3.000	-2.638	1.808
1.150	-3.000	-2.706	1.851
1.160	-3.000	-2.745	1.788
1.170	-3.000	-2.794	1.773
1.180	-3.000	-2.872	1.871
1.190	-3.000	-2.921	1.886
1.200	-3.000	-2.975	1.881
1.210	-3.000	-3.024	1.788
1.220	-3.000	-3.083	1.754
1.230	-3.000	-3.146	1.822
1.240	-3.000	-3.200	1.812
1.250	-3.000	-3.254	1.798
1.260	-3.000	-3.317	1.788
1.270	-3.000	-3.366	1.832
1.280	-3.000	-3.405	1.842
1.290	-3.000	-3.483	1.827
1.300	-3.000	-3.522	1.778
1.310	-3.000	-3.586	1.905
1.320	-3.000	-3.649	1.895
1.330	-3.000	-3.708	1.886
1.340	-3.000	-3.747	1.798
1.350	-3.000	-3.820	1.759
1.360	-3.000	-3.884	1.832
1.370	-3.000	-3.928	1.817
1.380	-3.000	-3.977	1.798
1.390	-3.000	-4.045	1.783
1.400	-3.000	-4.089	1.827
1.410	-3.000	-4.143	1.842
1.420	-3.000	-4.216	1.832
1.430	-3.000	-4.250	1.768
1.440	-3.000	-4.319	1.905
1.450	-3.000	-4.377	1.895
1.460	-3.000	-4.431	1.891
1.470	-3.000	-4.480	1.808
1.480	-3.000	-4.548	1.749
1.490	-3.000	-4.592	1.861
1.500	-3.000	-4.665	1.847
1.510	-3.000	-4.709	1.856
1.520	-3.000	-4.753	1.837
1.530	-3.000	-4.822	1.866
1.540	-3.000	-4.880	1.895
1.550	-3.000	-4.929	1.910
1.560	-3.000	-4.983	1.861
1.570	-3.000	-5.056	1.910
1.580	-3.000	-5.125	1.925
1.590	-3.000	-5.178	1.920
1.600	-3.000	-5.237	1.891
1.610	-3.000	-5.281	1.754
1.620	-3.000	-5.335	1.803
1.630	-3.000	-5.398	1.891
1.640	-3.000	-5.452	1.871
1.650	-3.000	-5.520	1.866
1.660	-3.000	-5.564	1.803
1.670	-3.000	-5.633	1.847
1.680	-3.000	-5.696	1.881
1.690	-3.000	-5.735	1.871
1.700	-3.000	-5.799	1.817
1.710	-3.000	-5.857	1.837
1.720	-3.000	-5.911	1.891
1.730	-3.000	-5.970	1.891
1.740	-3.000	-6.028	1.866
1.750	-3.000	-6.082	1.783
1.760	-3.000	-6.155	1.866
1.770	-3.000	-6.209	1.871
1.780	-3.000	-6.268	1.876
1.790	-3.000	-6.321	1.808
1.800	-3.000	-6.375	1.764
1.810	-3.000	-6.434	1.876
1.820	-3.000	-6.492	1.910
1.830	-3.000	-6.546	1.900
1.840	-3.000	-6.610	1.832
1.850	-3.000	-6.673	1.842
1.860	-3.000	-6.727	1.842
1.870	-3.000	-6.776	1.851
1.880	-3.000	-6.825	1.793
1.890	-3.000	-6.898	1.793
1.900	-3.000	-6.942	1.851
1.910	-3.000	-6.996	1.856
1.920	-3.000	-7.069	1.842
1.930	-3.000	-7.108	1.764
1.940	-3.000	-7.171	1.847
1.950	-3.000	-7.235	1.915
1.960	-3.000	-7.269	1.895
1.970	-3.000	-7.328	1.847
1.980	-3.000	-7.401	1.812
1.990	-3.000	-7.465	1.832
2.000	-3.000	-7.504	1.866
2.010	-3.000	-7.582	1.808
2.020	-3.000	-7.636	1.803
2.030	-3.000	-7.684	1.861
2.040	-3.000	-7.753	1.866
2.050	-3.000	-7.816	1.856
2.060	-3.000	-7.880	1.739
2.070	-3.000	-7.924	1.851
2.080	-3.000	-7.987	1.915
2.090	-3.000	-8.051	1.900
2.100	-3.000	-8.109	1.891
2.110	-3.000	-8.178	1.798
2.120	-3.000	-8.222	1.812
2.130	-3.000	-8.280	1.861
2.140	-3.000	-8.349	1.817
2.150	-3.000	-8.403	1.754
2.160	-3.000	-8.456	1.837
2.170	-3.000	-8.505	1.837
2.180	-3.000	-8.564	1.851
2.190	-3.000	-8.627	1.720
2.200	-3.000	-8.691	1.793
2.210	-3.000	-8.735	1.925
2.220	-3.000	-8.808	1.905
2.230	-3.000	-8.872	1.900
2.240	-3.000	-8.935	1.817
2.250	-3.000	-8.994	1.817
2.260	-3.000	-9.047	1.856
2.270	-3.000	-9.116	1.847
2.280	-3.000	-9.160	1.832
2.290	-3.000	-9.223	1.837
2.300	-3.000	-9.267	1.856
2.310	-3.000	-9.336	1.866
2.320	-3.000	-9.375	1.754
2.330	-3.000	-9.428	1.803
2.340	-3.000	-9.487	1.891
2.350	-3.000	-9.521	1.886
2.360	-3.000	-9.551	1.886
2.370	-3.000	-9.599	1.837
2.380	-3.000	-9.619	1.793
2.390	-3.000	-9.638	1.851
2.400	-3.000	-9.668	1.842
2.410	-3.000	-9.678	1.832
2.420	-3.000	-9.692	1.832
2.430	-3.000	-9.692	1.832
2.440	-3.000	-9.692	1.847
2.450	-3.000	-9.692	1.793
2.460	-3.000	-9.692	1.773
2.470	-3.000	-9.692	1.871
2.480	-3.000	-9.692	1.881
2.490	-3.000	-9.692	1.881
2.500	-3.000	-9.687	1.837
2.510	-3.000	-9.673	1.798
2.520	-3.000	-9.653	1.847
2.530	-3.000	-9.634	1.832
2.540	-3.000	-9.614	1.812
2.550	-3.000	10.005	1.812
2.560	-3.000	10.005	1.827
2.570	-3.000	10.005	1.842
2.580	-3.000	10.005	1.817
2.590	-3.000	10.005	1.788
2.600	-3.000	10.005	1.876
2.610	-3.000	10.005	1.881
2.620	-3.000	10.005	1.881
2.630	-3.000	10.005	1.808
2.640	-3.000	10.005	1.734
2.650	-3.000	9.956	1.847
2.660	-3.000	9.902	1.837
2.670	-3.000	9.829	1.832
2.680	-3.000	9.780	1.803
2.690	-3.000	9.717	1.822
2.700	-3.000	9.653	1.856
2.710	-3.000	9.580	1.822
2.720	-3.000	9.536	1.793
2.730	-3.000	9.458	1.866
2.740	-3.000	9.414	1.905
2.750	-3.000	9.336	1.910
2.760	-3.000	9.272	1.876
2.770	-3.000	9.223	1.783
2.780	-3.000	9.155	1.861
2.790	-3.000	9.082	1.876
2.800	-3.000	9.057	1.851
2.810	-3.000	8.979	1.812
2.820	-3.000	8.896	1.803
2.830	-3.000	8.842	1.866
2.840	-3.000	8.798	1.871
2.850	-3.000	8.735	1.871
2.860	-3.000	8.681	1.861
2.870	-3.000	8.622	1.900
2.880	-3.000	8.539	1.891
2.890	-3.000	8.490	1.871
2.900	-3.000	8.427	1.744
2.910	-3.000	8.363	1.783
2.920	-3.000	8.319	1.876
2.930	-3.000	8.251	1.861
2.940	-3.000	8.173	1.861
2.950	-3.000	8.114	1.808
2.960	-3.000	8.061	1.856
2.970	-3.000	7.997	1.905
2.980	-3.000	7.934	1.895
2.990	-3.000	7.890	1.842
3.000	-3.000	7.807	1.856
3.010	-3.000	7.753	1.900
3.020	-3.000	7.699	1.891
3.030	-3.000	7.636	1.866
3.040	-3.000	7.572	1.778
3.050	-3.000	7.513	1.866
3.060	-3.000	7.455	1.866
3.070	-3.000	7.411	1.866
3.080	-3.000	7.342	1.817
3.090	-3.000	7.294	1.764
3.100	-3.000	7.215	1.861
3.110	-3.000	7.157	1.920
3.120	-3.000	7.098	1.900
3.130	-3.000	7.040	1.891
3.140	-3.000	6.981	1.856
3.150	-3.000	6.917	1.866
3.160	-3.000	6.849	1.876
3.170	-3.000	6.805	1.803
3.180	-3.000	6.742	1.803
3.190	-3.000	6.683	1.856
3.200	-3.000	6.615	1.871
3.210	-3.000	6.571	1.856
3.220	-3.000	6.517	1.759
3.230	-3.000	6.429	1.832
3.240	-3.000	6.375	1.939
3.250	-3.000	6.317	1.930
3.260	-3.000	6.268	1.920
3.270	-3.000	6.204	1.832
3.280	-3.000	6.150	1.851
3.290	-3.000	6.072	1.866
3.300	-3.000	6.014	1.832
3.310	-3.000	5.950	1.812
3.320	-3.000	5.896	1.812
3.330	-3.000	5.843	1.847
3.340	-3.000	5.784	1.856
3.350	-3.000	5.716	1.832
3.360	-3.000	5.662	1.788
3.370	-3.000	5.598	1.891
3.380	-3.000	5.540	1.871
3.390	-3.000	5.481	1.871
3.400	-3.000	5.423	1.783
3.410	-3.000	5.354	1.759
3.420	-3.000	5.300	1.851
3.430	-3.000	5.242	1.827
3.440	-3.000	5.183	1.832
3.450	-3.000	5.149	1.832
3.460	-3.000	5.066	1.837
3.470	-3.000	4.998	1.847
3.480	-3.000	4.934	1.827
3.490	-3.000	4.890	1.783
3.500	-3.000	4.827	1.910
3.510	-3.000	4.763	1.891
3.520	-3.000	4.714	1.891
3.530	-3.000	4.651	1.798
3.540	-3.000	4.587	1.749
3.550	-3.000	4.543	1.847
3.560	-3.000	4.485	1.803
3.570	-3.000	4.421	1.812
3.580	-3.000	4.362	1.817
3.590	-3.000	4.299	1.832
3.600	-3.000	4.240	1.856
3.610	-3.000	4.182	1.817
3.620	-3.000	4.128	1.812
3.630	-3.000	4.069	1.905
3.640	-3.000	3.991	1.881
3.650	-3.000	3.942	1.876
3.660	-3.000	3.879	1.783
3.670	-3.000	3.815	1.773
3.680	-3.000	3.757	1.842
3.690	-3.000	3.708	1.842
3.700	-3.000	3.644	1.837
3.710	-3.000	3.600	1.847
3.720	-3.000	3.522	1.856
3.730	-3.000	3.459	1.866
3.740	-3.000	3.405	1.856
3.750	-3.000	3.346	1.827
3.760	-3.000	3.293	1.881
3.770	-3.000	3.229	1.910
3.780	-3.000	3.170	1.905
3.790	-3.000	3.102	1.861
3.800	-3.000	3.034	1.744
3.810	-3.000	2.990	1.856
3.820	-3.000	2.916	1.847
3.830	-3.000	2.853	1.856
3.840	-3.000	2.794	1.822
3.850	-3.000	2.736	1.812
3.860	-3.000	2.682	1.856
3.870	-3.000	2.638	1.856
3.880	-3.000	2.565	1.822
3.890	-3.000	2.506	1.847
3.900	-3.000	2.447	1.905
3.910	-3.000	2.384	1.915
3.920	-3.000	2.325	1.876
3.930	-3.000	2.262	1.783
3.940	-3.000	2.203	1.808
3.950	-3.000	2.154	1.891
3.960	-3.000	2.086	1.876
3.970	-3.000	2.022	1.881
3.980	-3.000	1.969	1.827
3.990	-3.000	1.910	1.871
4.000	-3.000	1.842	1.910
4.010	-3.000	1.783	1.910
4.020	-3.000	1.729	1.832
4.030	-3.000	1.661	1.895
4.040	-3.000	1.597	1.866
4.050	-3.000	1.524	1.876
4.060	-3.000	1.480	1.837
4.070	-3.000	1.412	1.759
4.080	-3.000	1.343	1.822
4.090	-3.000	1.290	1.847
4.100	-3.000	1.221	1.861
4.110	-3.000	1.163	1.808
4.120	-3.000	1.099	1.764
4.130	-3.000	1.050	1.876
4.140	-3.000	0.977	1.886
4.150	-3.000	0.918	1.895
4.160	-3.000	0.845	1.851
4.170	-3.000	0.787	1.837
4.180	-3.000	0.743	1.881
4.190	-3.000	0.684	1.851
4.200	-3.000	0.616	1.832
4.210	-3.000	0.572	1.856
4.220	-3.000	0.508	1.881
4.230	-3.000	0.435	1.886
4.240	-3.000	0.381	1.871
4.250	-3.000	0.327	1.773
4.260	-3.000	0.278	1.871
4.270	-3.000	0.200	1.930
4.280	-3.000	0.142	1.910
4.290	-3.000	0.073	1.900
4.300	-3.000	0.015	1.803
4.310	-3.000	-0.049	1.856
4.320	-3.000	-0.107	1.886
4.330	-3.000	-0.171	1.847
4.340	-3.000	-0.220	1.798
4.350	-3.000	-0.288	1.861
4.360	-3.000	-0.357	1.866
4.370	-3.000	-0.391	1.881
4.380	-3.000	-0.454	1.744
4.390	-3.000	-0.537	1.822
4.400	-3.000	-0.586	1.939
4.410	-3.000	-0.645	1.920
4.420	-3.000	-0.708	1.925
4.430	-3.000	-0.777	1.876
4.440	-3.000	-0.826	1.817
4.450	-3.000	-0.879	1.876
4.460	-3.000	-0.948	1.891
4.470	-3.000	-1.001	1.866
4.480	-3.000	-1.070	1.842
4.490	-3.000	-1.143	1.817
4.500	-3.000	-1.192	1.886
4.510	-3.000	-1.246	1.866
4.520	-3.000	-1.314	1.871
4.530	-3.000	-1.368	1.822
4.540	-3.000	-1.436	1.891
4.550	-3.000	-1.495	1.895
4.560	-3.000	-1.558	1.861
4.570	-3.000	-1.607	1.715
4.580	-3.000	-1.666	1.798
4.590	-3.000	-1.724	1.851
4.600	-3.000	-1.778	1.837
4.610	-3.000	-1.837	1.803
4.620	-3.000	-1.895	1.788
4.630	-3.000	-1.944	1.832
4.640	-3.000	-2.008	1.871
4.650	-3.000	-2.052	1.842
4.660	-3.000	-2.120	1.798
4.670	-3.000	-2.169	1.886
4.680	-3.000	-2.228	1.891
4.690	-3.000	-2.306	1.856
4.700	-3.000	-2.350	1.778
4.710	-3.000	-2.413	1.759
4.720	-3.000	-2.462	1.847
4.730	-3.000	-2.516	1.837
4.740	-3.000	-2.584	1.822
4.750	-3.000	-2.633	1.773
4.760	-3.000	-2.692	1.822
4.770	-3.000	-2.750	1.856
4.780	-3.000	-2.794	1.812
4.790	-3.000	-2.858	1.837
4.800	-3.000	-2.912	1.871
4.810	-3.000	-2.980	1.871
4.820	-3.000	-3.024	1.837
4.830	-3.000	-3.078	1.705
4.840	-3.000	-3.146	1.773
4.850	-3.000	-3.200	1.842
4.860	-3.000	-3.249	1.832
4.870	-3.000	-3.312	1.812
4.880	-3.000	-3.366	1.764
4.890	-3.000	-3.410	1.832
4.900	-3.000	-3.473	1.851
4.910	-3.000	-3.527	1.856
4.920	-3.000	-3.586	1.808
4.930	-3.000	-3.635	1.881
4.940	-3.000	-3.688	1.910
4.950	-3.000	-3.742	1.871
4.960	-3.000	-3.810	1.803
4.970	-3.000	-3.879	1.783
4.980	-3.000	-3.933	1.861
4.990	-3.000	-3.981	1.861
5.000	-3.000	-4.045	1.856
5.010	-3.000	-4.084	1.798
5.020	-3.000	-4.138	1.851
5.030	-3.000	-4.211	1.891
5.040	-3.000	-4.250	1.905
5.050	-3.000	-4.323	1.886
5.060	-3.000	-4.377	1.856
5.070	-3.000	-4.431	1.895
5.080	-3.000	-4.485	1.886
5.090	-3.000	-4.548	1.866
5.100	-3.000	-4.597	1.783
5.110	-3.000	-4.665	1.876
5.120	-3.000	-4.719	1.871
5.130	-3.000	-4.748	1.876
5.140	-3.000	-4.827	1.803
5.150	-3.000	-4.890	1.788
5.160	-3.000	-4.939	1.886
5.170	-3.000	-4.993	1.930
5.180	-3.000	-5.061	1.915
5.190	-3.000	-5.129	1.910
5.200	-3.000	-5.183	1.851
5.210	-3.000	-5.256	1.861
5.220	-3.000	-5.286	1.886
5.230	-3.000	-5.330	1.822
5.240	-3.000	-5.418	1.817
5.250	-3.000	-5.457	1.871
5.260	-3.000	-5.515	1.881
5.270	-3.000	-5.569	1.866
5.280	-3.000	-5.647	1.759
5.290	-3.000	-5.686	1.851
5.300	-3.000	-5.735	1.930
5.310	-3.000	-5.804	1.905
5.320	-3.000	-5.862	1.905
5.330	-3.000	-5.921	1.812
5.340	-3.000	-5.975	1.837
5.350	-3.000	-6.033	1.856
5.360	-3.000	-6.087	1.827
5.370	-3.000	-6.150	1.808
5.380	-3.000	-6.204	1.832
5.390	-3.000	-6.268	1.837
5.400	-3.000	-6.317	1.876
5.410	-3.000	-6.365	1.788
5.420	-3.000	-6.444	1.837
5.430	-3.000	-6.497	1.930
5.440	-3.000	-6.546	1.905
5.450	-3.000	-6.619	1.900
5.460	-3.000	-6.678	1.812
5.470	-3.000	-6.732	1.783
5.480	-3.000	-6.795	1.822
5.490	-3.000	-6.844	1.851
5.500	-3.000	-6.903	1.822
5.510	-3.000	-6.952	1.827
5.520	-3.000	-7.010	1.812
5.530	-3.000	-7.074	1.856
5.540	-3.000	-7.128	1.871
5.550	-3.000	-7.186	1.847
5.560	-3.000	-7.245	1.871
5.570	-3.000	-7.284	1.910
5.580	-3.000	-7.352	1.910
5.590	-3.000	-7.416	1.876
5.600	-3.000	-7.465	1.734
5.610	-3.000	-7.523	1.822
5.620	-3.000	-7.587	1.876
5.630	-3.000	-7.636	1.871
5.640	-3.000	-7.709	1.866
5.650	-3.000	-7.763	1.832
5.660	-3.000	-7.821	1.866
5.670	-3.000	-7.899	1.891
5.680	-3.000	-7.934	1.866
5.690	-3.000	-7.987	1.866
5.700	-3.000	-8.065	1.895
5.710	-3.000	-8.114	1.915
5.720	-3.000	-8.183	1.891
5.730	-3.000	-8.241	1.842
5.740	-3.000	-8.285	1.798
5.750	-3.000	-8.354	1.876
5.760	-3.000	-8.407	1.871
5.770	-3.000	-8.471	1.851
5.780	-3.000	-8.520	1.764
5.790	-3.000	-8.588	1.812
5.800	-3.000	-8.652	1.871
5.810	-3.000	-8.696	1.876
5.820	-3.000	-8.749	1.866
5.830	-3.000	-8.837	1.861
5.840	-3.000	-8.881	1.886
5.850	-3.000	-8.945	1.886
5.860	-3.000	-9.018	1.861
5.870	-3.000	-9.067	1.759
5.880	-3.000	-9.126	1.847
5.890	-3.000	-9.179	1.851
5.900	-3.000	-9.238	1.856
5.910	-3.000	-9.277	1.788
5.920	-3.000	-9.345	1.764
5.930	-3.000	-9.389	1.866
5.940	-3.000	-9.438	1.881
5.950	-3.000	-9.497	1.881
5.960	-3.000	-9.531	1.822
5.970	-3.000	-9.555	1.842
5.980	-3.000	-9.604	1.837
5.990	-3.000	-9.624	1.842
6.000	-3.000	-9.643	1.739
6.010	-3.000	-9.668	1.817
6.020	-3.000	-9.687	1.832
6.030	-3.000	-9.692	1.847
6.040	-3.000	-9.692	1.817
6.050	-3.000	-9.692	1.778
6.060	-3.000	-9.692	1.847
6.070	-3.000	-9.692	1.891
6.080	-3.000	-9.692	1.842
6.090	-3.000	-9.692	1.822
6.100	-3.000	-9.692	1.803
6.110	-3.000	-9.687	1.842
6.120	-3.000	-9.673	1.793
6.130	-3.000	-9.648	1.788
6.140	-3.000	-9.629	1.832
6.150	-3.000	8.520	1.842
6.160	-3.000	10.005	1.866
6.170	-3.000	10.005	1.764
6.180	-3.000	10.005	1.798
6.190	-3.000	10.005	1.837
6.200	-3.000	10.005	1.895
6.210	-3.000	10.005	1.881
6.220	-3.000	10.005	1.842
6.230	-3.000	10.005	1.851
6.240	-3.000	10.005	1.837
6.250	-3.000	10.000	1.851
6.260	-3.000	9.946	1.734
6.270	-3.000	9.893	1.837
6.280	-3.000	9.814	1.856
6.290	-3.000	9.761	1.871
6.300	-3.000	9.717	1.798
6.310	-3.000	9.658	1.808
6.320	-3.000	9.555	1.856
6.330	-3.000	9.521	1.905
6.340	-3.000	9.453	1.891
6.350	-3.000	9.394	1.871
6.360	-3.000	9.321	1.866
6.370	-3.000	9.272	1.881
6.380	-3.000	9.204	1.900
6.390	-3.000	9.135	1.842
6.400	-3.000	9.077	1.847
6.410	-3.000	9.038	1.891
6.420	-3.000	8.955	1.881
6.430	-3.000	8.891	1.881
6.440	-3.000	8.837	1.764
6.450	-3.000	8.784	1.856
6.460	-3.000	8.701	1.920
6.470	-3.000	8.647	1.905
6.480	-3.000	8.588	1.905
6.490	-3.000	8.520	1.827
6.500	-3.000	8.476	1.803
6.510	-3.000	8.407	1.881
6.520	-3.000	8.363	1.842
6.530	-3.000	8.285	1.851
6.540	-3.000	8.227	1.817
6.550	-3.000	8.163	1.856
6.560	-3.000	8.100	1.866
6.570	-3.000	8.056	1.856
6.580	-3.000	7.992	1.832
6.590	-3.000	7.919	1.891
6.600	-3.000	7.875	1.915
6.610	-3.000	7.807	1.915
6.620	-3.000	7.728	1.876
6.630	-3.000	7.699	1.798
6.640	-3.000	7.631	1.871
6.650	-3.000	7.557	1.891
6.660	-3.000	7.509	1.861
6.670	-3.000	7.455	1.812
6.680	-3.000	7.382	1.808
6.690	-3.000	7.318	1.851
6.700	-3.000	7.284	1.876
6.710	-3.000	7.211	1.856
6.720	-3.000	7.142	1.817
6.730	-3.000	7.084	1.895
6.740	-3.000	7.040	1.905
6.750	-3.000	6.966	1.871
6.760	-3.000	6.903	1.793
6.770	-3.000	6.859	1.827
6.780	-3.000	6.800	1.871
6.790	-3.000	6.727	1.856
6.800	-3.000	6.668	1.851
6.810	-3.000	6.600	1.788
6.820	-3.000	6.551	1.856
6.830	-3.000	6.497	1.881
6.840	-3.000	6.419	1.881
6.850	-3.000	6.361	1.876
6.860	-3.000	6.307	1.910
6.870	-3.000	6.263	1.910
6.880	-3.000	6.180	1.881
6.890	-3.000	6.131	1.793
6.900	-3.000	6.067	1.808
6.910	-3.000	5.999	1.871
6.920	-3.000	5.936	1.886
6.930	-3.000	5.882	1.886
6.940	-3.000	5.813	1.837
6.950	-3.000	5.774	1.837
6.960	-3.000	5.716	1.895
6.970	-3.000	5.647	1.935
6.980	-3.000	5.589	1.920
6.990	-3.000	5.520	1.871
7.000	-3.000	5.467	1.856
7.010	-3.000	5.408	1.861
7.020	-3.000	5.340	1.856
7.030	-3.000	5.276	1.812
7.040	-3.000	5.217	1.842
7.050	-3.000	5.178	1.871
7.060	-3.000	5.100	1.886
7.070	-3.000	5.051	1.842
7.080	-3.000	4.993	1.778
7.090	-3.000	4.919	1.842
7.100	-3.000	4.866	1.925
7.110	-3.000	4.812	1.910
7.120	-3.000	4.739	1.891
7.130	-3.000	4.690	1.837
7.140	-3.000	4.626	1.856
7.150	-3.000	4.558	1.871
7.160	-3.000	4.509	1.808
7.170	-3.000	4.455	1.778
7.180	-3.000	4.387	1.832
7.190	-3.000	4.333	1.856
7.200	-3.000	4.279	1.842
7.210	-3.000	4.201	1.812
7.220	-3.000	4.143	1.778
7.230	-3.000	4.094	1.920
7.240	-3.000	4.035	1.891
7.250	-3.000	3.962	1.891
7.260	-3.000	3.908	1.798
7.270	-3.000	3.859	1.822
7.280	-3.000	3.791	1.842
7.290	-3.000	3.732	1.798
7.300	-3.000	3.679	1.754
7.310	-3.000	3.605	1.812
7.320	-3.000	3.552	1.822
7.330	-3.000	3.498	1.847
7.340	-3.000	3.439	1.715
7.350	-3.000	3.371	1.798
7.360	-3.000	3.312	1.905
7.370	-3.000	3.263	1.905
7.380	-3.000	3.200	1.891
7.390	-3.000	3.131	1.827
7.400	-3.000	3.073	1.817
7.410	-3.000	3.019	1.856
7.420	-3.000	2.956	1.837
7.430	-3.000	2.892	1.817
7.440	-3.000	2.833	1.803
7.450	-3.000	2.785	1.837
7.460	-3.000	2.721	1.842
7.470	-3.000	2.658	1.822
7.480	-3.000	2.594	1.798
7.490	-3.000	2.545	1.910
7.500	-3.000	2.482	1.891
7.510	-3.000	2.413	1.891
7.520	-3.000	2.350	1.837
7.530	-3.000	2.296	1.754
7.540	-3.000	2.252	1.856
7.550	-3.000	2.189	1.827
7.560	-3.000	2.115	1.847
7.570	-3.000	2.066	1.842
7.580	-3.000	2.008	1.866
7.590	-3.000	1.939	1.871
7.600	-3.000	1.876	1.881
7.610	-3.000	1.827	1.832
7.620	-3.000	1.759	1.930
7.630	-3.000	1.700	1.915
7.640	-3.000	1.641	1.915
7.650	-3.000	1.593	1.861
7.660	-3.000	1.510	1.754
7.670	-3.000	1.466	1.847
7.680	-3.000	1.402	1.876
7.690	-3.000	1.329	1.871
7.700	-3.000	1.265	1.856
7.710	-3.000	1.212	1.827
7.720	-3.000	1.143	1.871
7.730	-3.000	1.075	1.905
7.740	-3.000	1.021	1.900
7.750	-3.000	0.953	1.886
7.760	-3.000	0.884	1.866
7.770	-3.000	0.840	1.915
7.780	-3.000	0.782	1.895
7.790	-3.000	0.708	1.861
7.800	-3.000	0.645	1.798
7.810	-3.000	0.591	1.866
7.820	-3.000	0.532	1.886
7.830	-3.000	0.484	1.881
7.840	-3.000	0.410	1.851
7.850	-3.000	0.347	1.788
7.860	-3.000	0.293	1.876
7.870	-3.000	0.239	1.930
7.880	-3.000	0.176	1.905
7.890	-3.000	0.107	1.881
7.900	-3.000	0.044	1.866
7.910	-3.000	-0.015	1.866
7.920	-3.000	-0.088	1.871
7.930	-3.000	-0.132	1.798
7.940	-3.000	-0.215	1.856
7.950	-3.000	-0.249	1.871
7.960	-3.000	-0.337	1.832
7.970	-3.000	-0.381	1.871
7.980	-3.000	-0.430	1.812
7.990	-3.000	-0.484	1.866
8.000	-3.000	-0.586	1.827
8.010	-3.000	-0.630	1.915
8.020	-3.000	-0.664	1.891
8.030	-3.000	-0.733	1.832
8.040	-3.000	-0.806	1.768
8.050	-3.000	-0.870	1.842
8.060	-3.000	-0.904	1.842
8.070	-3.000	-0.987	1.861
8.080	-3.000	-1.041	1.832
8.090	-3.000	-1.085	1.876
8.100	-3.000	-1.148	1.891
8.110	-3.000	-1.221	1.886
8.120	-3.000	-1.265	1.808
8.130	-3.000	-1.353	1.827
8.140	-3.000	-1.402	1.910
8.150	-3.000	-1.466	1.915
8.160	-3.000	-1.529	1.866
8.170	-3.000	-1.578	1.783
8.180	-3.000	-1.637	1.847
8.190	-3.000	-1.705	1.856
8.200	-3.000	-1.759	1.822
8.210	-3.000	-1.808	1.793
8.220	-3.000	-1.856	1.808
8.230	-3.000	-1.920	1.822
8.240	-3.000	-1.979	1.842
8.250	-3.000	-2.037	1.783
8.260	-3.000	-2.086	1.895
8.270	-3.000	-2.164	1.895
8.280	-3.000	-2.208	1.900
8.290	-3.000	-2.267	1.832
8.300	-3.000	-2.335	1.720
8.310	-3.000	-2.379	1.842
8.320	-3.000	-2.447	1.851
8.330	-3.000	-2.491	1.847
8.340	-3.000	-2.540	1.812
8.350	-3.000	-2.594	1.832
8.360	-3.000	-2.662	1.837
8.370	-3.000	-2.726	1.871
8.380	-3.000	-2.770	1.803
8.390	-3.000	-2.833	1.881
8.400	-3.000	-2.902	1.876
8.410	-3.000	-2.936	1.895
8.420	-3.000	-3.000	1.837
8.430	-3.000	-3.068	1.759
8.440	-3.000	-3.102	1.837
8.450	-3.000	-3.185	1.842
8.460	-3.000	-3.229	1.851
8.470	-3.000	-3.288	1.832
8.480	-3.000	-3.341	1.783
8.490	-3.000	-3.390	1.847
8.500	-3.000	-3.444	1.842
8.510	-3.000	-3.508	1.861
8.520	-3.000	-3.571	1.827
8.530	-3.000	-3.610	1.881
8.540	-3.000	-3.669	1.891
8.550	-3.000	-3.732	1.876
8.560	-3.000	-3.776	1.749
8.570	-3.000	-3.850	1.832
8.580	-3.000	-3.913	1.871
8.590	-3.000	-3.952	1.856
8.600	-3.000	-4.030	1.861
8.610	-3.000	-4.074	1.754
8.620	-3.000	-4.123	1.817
8.630	-3.000	-4.182	1.881
8.640	-3.000	-4.231	1.847
8.650	-3.000	-4.284	1.842
8.660	-3.000	-4.353	1.842
8.670	-3.000	-4.416	1.871
8.680	-3.000	-4.455	1.856
8.690	-3.000	-4.514	1.734
8.700	-3.000	-4.577	1.773
8.710	-3.000	-4.641	1.876
8.720	-3.000	-4.690	1.866
8.730	-3.000	-4.734	1.851
8.740	-3.000	-4.807	1.778
8.750	-3.000	-4.866	1.837
8.760	-3.000	-4.905	1.881
8.770	-3.000	-4.978	1.895
8.780	-3.000	-5.017	1.822
8.790	-3.000	-5.085	1.891
8.800	-3.000	-5.134	1.900
8.810	-3.000	-5.198	1.881
8.820	-3.000	-5.266	1.871
8.830	-3.000	-5.305	1.778
8.840	-3.000	-5.374	1.866
8.850	-3.000	-5.442	1.866
8.860	-3.000	-5.486	1.866
8.870	-3.000	-5.545	1.803
8.880	-3.000	-5.608	1.773
8.890	-3.000	-5.662	1.876
8.900	-3.000	-5.706	1.900
8.910	-3.000	-5.784	1.891
8.920	-3.000	-5.818	1.832
8.930	-3.000	-5.877	1.856
8.940	-3.000	-5.955	1.842
8.950	-3.000	-6.009	1.856
8.960	-3.000	-6.058	1.803
8.970	-3.000	-6.126	1.827
8.980	-3.000	-6.165	1.851
8.990	-3.000	-6.224	1.871
9.000	-3.000	-6.282	1.827
9.010	-3.000	-6.326	1.793
9.020	-3.000	-6.390	1.856
9.030	-3.000	-6.444	1.935
9.040	-3.000	-6.512	1.925
9.050	-3.000	-6.566	1.876
9.060	-3.000	-6.639	1.851
9.070	-3.000	-6.702	1.837
9.080	-3.000	-6.761	1.876
9.090	-3.000	-6.810	1.827
9.100	-3.000	-6.864	1.817
9.110	-3.000	-6.922	1.861
9.120	-3.000	-6.986	1.871
9.130	-3.000	-7.030	1.866
9.140	-3.000	-7.088	1.729
9.150	-3.000	-7.157	1.808
9.160	-3.000	-7.211	1.935
9.170	-3.000	-7.259	1.920
9.180	-3.000	-7.328	1.910
9.190	-3.000	-7.382	1.812
9.200	-3.000	-7.445	1.822
9.210	-3.000	-7.499	1.856
9.220	-3.000	-7.548	1.856
9.230	-3.000	-7.606	1.842
9.240	-3.000	-7.655	1.842
9.250	-3.000	-7.743	1.847
9.260	-3.000	-7.787	1.876
9.270	-3.000	-7.865	1.861
9.280	-3.000	-7.919	1.861
9.290	-3.000	-7.963	1.866
9.300	-3.000	-8.021	1.910
9.310	-3.000	-8.090	1.915
9.320	-3.000	-8.144	1.881
9.330	-3.000	-8.202	1.764
9.340	-3.000	-8.266	1.856
9.350	-3.000	-8.329	1.876
9.360	-3.000	-8.398	1.866
9.370	-3.000	-8.461	1.876
9.380	-3.000	-8.486	1.812
9.390	-3.000	-8.564	1.837
9.400	-3.000	-8.627	1.886
9.410	-3.000	-8.671	1.842
9.420	-3.000	-8.735	1.822
9.430	-3.000	-8.808	1.851
9.440	-3.000	-8.862	1.866
9.450	-3.000	-8.911	1.847
9.460	-3.000	-8.979	1.720
9.470	-3.000	-9.038	1.749
9.480	-3.000	-9.086	1.856
9.490	-3.000	-9.140	1.842
9.500	-3.000	-9.209	1.851
9.510	-3.000	-9.257	1.783
9.520	-3.000	-9.311	1.832
9.530	-3.000	-9.375	1.866
9.540	-3.000	-9.414	1.832
9.550	-3.000	-9.458	1.817
9.560	-3.000	-9.511	1.876
9.570	-3.000	-9.541	1.876
9.580	-3.000	-9.590	1.842
9.590	-3.000	-9.614	1.759
9.600	-3.000	-9.634	1.793
9.610	-3.000	-9.658	1.842
9.620	-3.000	-9.673	1.827
9.630	-3.000	-9.687	1.798
9.640	-3.000	-9.692	1.783
9.650	-3.000	-9.692	1.812
9.660	-3.000	-9.692	1.861
9.670	-3.000	-9.692	1.842
9.680	-3.000	-9.692	1.851
